1775505685568 0.02695830538868904 8196
1775505715359 0.029075926169753075 16388
1775505746898 0.026100503280758858 24580
1775505767478 0.028803527355194092 32772
1775505789140 0.03094981610774994 40964
1775505810763 0.03268235921859741 49156
1775505832841 0.03450305387377739 57348
1775505854524 0.034312788397073746 65540
1775505876246 0.038658298552036285 73732
1775505898233 0.04014119505882263 81924
1775505920648 0.044035784900188446 90116
1775505942807 0.04142548888921738 98308
1775505965091 0.04543217271566391 106500
1775505987788 0.0506453663110733 114692
1775506010375 0.04817802459001541 122884
