1775505685568 0.2967529296875 8196
1775505715359 0.32979736328125 16388
1775505746898 0.31875 24580
1775505767478 0.34090576171875 32772
1775505789140 0.35986328125 40964
1775505810763 0.36689453125 49156
1775505832841 0.36641845703125 57348
1775505854524 0.36915283203125 65540
1775505876246 0.391259765625 73732
1775505898233 0.39173583984375 81924
1775505920648 0.39967041015625 90116
1775505942807 0.3956298828125 98308
1775505965091 0.41690673828125 106500
1775505987788 0.423291015625 114692
1775506010375 0.41663818359375 122884
