1775505685568 -14.235006500035524 8196
1775505715359 -14.247663018107414 16388
1775505746898 -14.277407214790582 24580
1775505767478 -14.313624761253596 32772
1775505789140 -14.36963871717453 40964
1775505810763 -14.441316428035497 49156
1775505832841 -14.481878797709943 57348
1775505854524 -14.550939702987671 65540
1775505876246 -14.629430997371674 73732
1775505898233 -14.69889140278101 81924
1775505920648 -14.753153638541699 90116
1775505942807 -14.820381261408329 98308
1775505965091 -14.862462220340968 106500
1775505987788 -14.911372584849596 114692
1775506010375 -14.976835244894028 122884
