1775505633413 92.0 368
1775505633416 92.0 368
1775505633532 101.0 404
1775505633604 104.0 416
1775505634508 93.0 740
1775505634619 101.0 772
1775505634769 101.0 820
1775505634834 106.0 828
1775505635697 102.0 1148
1775505635766 96.0 1156
1775505635893 96.0 1204
1775505635982 101.0 1232
1775505636888 104.0 1564
1775505636892 102.0 1564
1775505637027 101.0 1608
1775505637127 101.0 1636
1775505638013 98.0 1956
1775505638018 87.0 1956
1775505638089 101.0 1968
1775505638280 101.0 2040
1775505639107 101.0 2360
1775505639112 101.0 2360
1775505639183 101.0 2372
1775505639307 94.0 2416
1775505640229 101.0 2764
1775505640235 101.0 2764
1775505640312 101.0 2776
1775505640453 101.0 2820
1775505641338 101.0 3168
1775505641343 101.0 3168
1775505641399 101.0 3180
1775505641515 101.0 3224
1775505642142 93.0 3552
1775505642478 101.0 3572
1775505642482 101.0 3572
1775505642642 101.0 3628
1775505643304 101.0 3956
1775505643638 101.0 3976
1775505643643 101.0 3976
1775505643802 101.0 4032
1775505644288 81.0 4280
1775505644760 101.0 4380
1775505644765 101.0 4380
1775505644941 105.0 4452
1775505645424 104.0 4696
1775505645524 86.0 4724
1775505645887 101.0 4784
1775505646106 101.0 4856
1775505646680 101.0 5128
1775505646821 119.0 5172
1775505647108 101.0 5188
1775505647299 101.0 5260
1775505647777 86.0 5516
1775505647856 101.0 5532
1775505648225 101.0 5592
1775505648400 101.0 5664
1775505648915 101.0 5920
1775505648995 101.0 5936
1775505649373 101.0 5996
1775505649709 121.0 6148
1775505650266 101.0 6324
1775505650345 101.0 6340
1775505650405 87.0 6344
1775505650861 108.0 6580
1775505651376 101.0 6728
1775505651465 101.0 6744
1775505651512 101.0 6748
1775505651966 95.0 6960
1775505652518 101.0 7132
1775505652595 101.0 7148
1775505652641 101.0 7152
1775505653047 101.0 7364
1775505653312 83.0 7480
1775505653691 101.0 7536
1775505653795 103.0 7564
1775505654232 101.0 7768
1775505655474 101.0 7884
1775505657009 101.0 7940
1775505657884 101.0 7968
1775505661392 101.0 8172
1775505685813 101.0 8288
1775505686104 105.0 8360
1775505686203 102.0 8376
1775505686695 101.0 8576
1775505686993 103.0 8700
1775505687251 101.0 8764
1775505687337 101.0 8780
1775505687812 101.0 8980
1775505688000 87.0 9048
1775505688440 101.0 9184
1775505688498 107.0 9192
1775505689020 108.0 9412
1775505689134 101.0 9452
1775505689502 94.0 9568
1775505689604 102.0 9592
1775505690013 86.0 9756
1775505690253 101.0 9856
1775505690700 104.0 9984
1775505690789 101.0 9996
1775505691193 101.0 10160
1775505691469 101.0 10260
1775505691877 101.0 10388
1775505691958 101.0 10400
1775505692369 101.0 10564
1775505692616 101.0 10664
1775505693056 101.0 10792
1775505693131 101.0 10804
1775505693630 117.0 11032
1775505693743 101.0 11068
1775505694149 88.0 11144
1775505694284 97.0 11192
1775505694669 90.0 11392
1775505694909 105.0 11488
1775505695277 101.0 11548
1775505695543 119.0 11668
1775505695806 101.0 11796
1775505696026 101.0 11892
1775505696331 101.0 11952
1775505696606 101.0 12072
1775505696852 101.0 12200
1775505697087 104.0 12308
1775505697425 101.0 12356
1775505697680 101.0 12476
1775505697943 101.0 12604
1775505698144 101.0 12712
1775505698508 104.0 12772
1775505698781 101.0 12880
1775505699060 101.0 13008
1775505699303 99.0 13108
1775505699687 101.0 13176
1775505699910 98.0 13272
1775505700230 103.0 13420
1775505700430 101.0 13512
1775505700828 106.0 13600
1775505700999 101.0 13676
1775505701328 101.0 13824
1775505701480 92.0 13880
1775505701952 101.0 14004
1775505702121 103.0 14088
1775505702423 101.0 14228
1775505702564 101.0 14284
1775505703047 101.0 14408
1775505703235 101.0 14492
1775505703529 101.0 14632
1775505703681 101.0 14688
1775505704108 94.0 14784
1775505704351 101.0 14896
1775505704627 101.0 15036
1775505704778 102.0 15096
1775505705136 95.0 15164
1775505705445 101.0 15300
1775505705735 101.0 15440
1775505705887 101.0 15500
1775505706268 101.0 15568
1775505706558 101.0 15704
1775505706862 101.0 15844
1775505707006 101.0 15904
1775505707390 101.0 15972
1775505707621 93.0 16076
1775505707916 93.0 16216
1775505708110 101.0 16308
1775505708495 101.0 16376
1775505716206 101.0 16480
1775505717623 101.0 16620
1775505718130 94.0 16684
1775505718901 101.0 16780
1775505720382 101.0 16884
1775505721830 102.0 17028
1775505722289 96.0 17068
1775505723438 101.0 17184
1775505724246 101.0 17288
1775505725350 107.0 17456
1775505725602 101.0 17472
1775505726262 92.0 17552
1775505727218 101.0 17692
1775505728048 83.0 17804
1775505728481 99.0 17852
1775505729301 101.0 17956
1775505730298 101.0 18096
1775505730974 104.0 18220
1775505731104 101.0 18256
1775505731318 101.0 18360
1775505731646 107.0 18524
1775505731898 101.0 18624
1775505731903 92.0 18624
1775505732179 101.0 18764
1775505732486 104.0 18940
1775505732716 101.0 19028
1775505732721 101.0 19028
1775505732970 101.0 19168
1775505733316 104.0 19356
1775505733567 101.0 19432
1775505733570 101.0 19432
1775505733866 107.0 19596
1775505734109 101.0 19760
1775505734183 86.0 19776
1775505734304 101.0 19836
1775505734559 101.0 20000
1775505734831 101.0 20164
1775505734932 109.0 20212
1775505735010 101.0 20240
1775505735250 101.0 20404
1775505735495 101.0 20568
1775505735603 101.0 20616
1775505735705 105.0 20660
1775505735991 107.0 20832
1775505736220 101.0 20972
1775505736346 103.0 21028
1775505736423 101.0 21064
1775505736660 101.0 21236
1775505736884 101.0 21376
1775505737012 101.0 21432
1775505737100 101.0 21468
1775505737365 103.0 21648
1775505737552 101.0 21780
1775505737657 101.0 21836
1775505737738 101.0 21872
1775505737978 101.0 22052
1775505738230 101.0 22184
1775505738350 103.0 22248
1775505738436 101.0 22276
1775505738729 101.0 22456
1775505738996 112.0 22632
1775505739068 105.0 22668
1775505739145 105.0 22696
1775505739408 101.0 22860
1775505739691 101.0 23036
1775505739780 101.0 23072
1775505739868 101.0 23100
1775505740131 101.0 23264
1775505740384 99.0 23432
1775505740487 101.0 23476
1775505740574 101.0 23504
1775505740837 101.0 23668
1775505741089 101.0 23836
1775505741187 101.0 23880
1775505741279 101.0 23908
1775505741565 106.0 24092
1775505741748 94.0 24212
1775505741885 101.0 24284
1775505741969 102.0 24316
1775505742251 101.0 24496
1775505746997 101.0 24616
1775505747141 104.0 24700
1775505747232 104.0 24732
1775505747507 101.0 24900
1775505747747 107.0 25044
1775505747873 101.0 25104
1775505747943 101.0 25136
1775505748211 101.0 25304
1775505748396 91.0 25408
1775505748578 101.0 25508
1775505748660 101.0 25540
1775505748904 102.0 25712
1775505749099 101.0 25812
1775505749256 102.0 25916
1775505749325 101.0 25944
1775505749586 101.0 26116
1775505749734 101.0 26216
1775505749962 105.0 26336
1775505750023 101.0 26348
1775505750276 103.0 26528
1775505750452 103.0 26628
1775505750658 101.0 26740
1775505750722 101.0 26752
1775505750971 94.0 26904
1775505751206 101.0 27032
1775505751382 100.0 27140
1775505751435 101.0 27156
1775505751696 101.0 27308
1775505751949 113.0 27484
1775505752013 89.0 27496
1775505752173 102.0 27564
1775505752394 101.0 27712
1775505752679 81.0 27888
1775505752745 101.0 27900
1775505752792 105.0 27904
1775505753108 99.0 28108
1775505753343 88.0 28256
1775505753415 98.0 28280
1775505753475 101.0 28304
1775505753857 106.0 28532
1775505754115 101.0 28684
1775505754178 111.0 28700
1775505754274 110.0 28744
1775505754608 101.0 28936
1775505754876 101.0 29088
1775505754937 101.0 29104
1775505755050 101.0 29148
1775505755385 101.0 29340
1775505755648 101.0 29492
1775505755725 101.0 29508
1775505755838 101.0 29552
1775505756149 99.0 29736
1775505756425 101.0 29896
1775505756479 101.0 29912
1775505756587 101.0 29956
1775505756902 102.0 30144
1775505757164 94.0 30272
1775505757270 101.0 30316
1775505757378 101.0 30360
1775505757735 101.0 30548
1775505757903 92.0 30640
1775505758125 110.0 30756
1775505758190 101.0 30764
1775505758521 101.0 30952
1775505758712 101.0 31044
1775505758905 101.0 31160
1775505758963 101.0 31168
1775505759311 101.0 31356
1775505759498 101.0 31448
1775505759745 101.0 31572
1775505759826 108.0 31592
1775505760165 111.0 31800
1775505760303 103.0 31860
1775505760494 97.0 31960
1775505760639 109.0 32028
1775505760979 105.0 32220
1775505761095 101.0 32264
1775505761401 114.0 32416
1775505761478 101.0 32432
1775505761857 109.0 32656
1775505761911 101.0 32668
1775505767618 102.0 32824
1775505767680 101.0 32836
1775505768107 98.0 33060
1775505768109 101.0 33060
1775505768391 101.0 33228
1775505768444 101.0 33240
1775505768848 103.0 33472
1775505768903 105.0 33480
1775505769184 101.0 33644
1775505769240 106.0 33652
1775505769615 101.0 33876
1775505769667 102.0 33888
1775505769962 101.0 34056
1775505770018 104.0 34060
1775505770376 101.0 34280
1775505770432 101.0 34292
1775505770717 101.0 34460
1775505770778 105.0 34480
1775505771205 101.0 34684
1775505771210 98.0 34684
1775505771496 102.0 34868
1775505771592 104.0 34896
1775505771983 101.0 35088
1775505771985 101.0 35088
1775505772323 104.0 35284
1775505772393 101.0 35300
1775505772702 96.0 35472
1775505772777 101.0 35492
1775505773112 99.0 35680
1775505773187 102.0 35708
1775505773508 104.0 35888
1775505773567 101.0 35896
1775505773912 101.0 36084
1775505773990 100.0 36108
1775505774320 101.0 36292
1775505774379 101.0 36300
1775505774702 101.0 36488
1775505774796 101.0 36512
1775505775122 101.0 36696
1775505775185 101.0 36704
1775505775549 106.0 36912
1775505775585 101.0 36916
1775505775866 93.0 37076
1775505776003 109.0 37132
1775505776261 85.0 37256
1775505776401 101.0 37316
1775505776693 101.0 37480
1775505776818 101.0 37536
1775505777018 95.0 37636
1775505777203 101.0 37720
1775505777488 101.0 37884
1775505777663 106.0 37960
1775505777859 107.0 38064
1775505777980 101.0 38124
1775505778288 101.0 38288
1775505778470 105.0 38380
1775505778655 102.0 38472
1775505778787 101.0 38528
1775505779078 101.0 38692
1775505779244 101.0 38784
1775505779427 101.0 38876
1775505779545 101.0 38932
1775505779887 108.0 39124
1775505780028 101.0 39188
1775505780224 103.0 39288
1775505780380 103.0 39344
1775505780716 107.0 39552
1775505780818 102.0 39596
1775505781003 101.0 39692
1775505781118 101.0 39748
1775505781473 101.0 39956
1775505781580 101.0 40000
1775505781790 101.0 40096
1775505781869 91.0 40112
1775505782312 101.0 40360
1775505782431 101.0 40404
1775505782605 101.0 40500
1775505782675 101.0 40516
1775505783143 109.0 40796
1775505783208 101.0 40808
1775505783426 101.0 40920
1775505783503 111.0 40944
1775505789549 102.0 41204
1775505789636 108.0 41240
1775505789746 90.0 41280
1775505789917 102.0 41352
1775505790346 91.0 41604
1775505790414 104.0 41620
1775505790563 101.0 41684
1775505790740 101.0 41756
1775505791136 91.0 41984
1775505791228 101.0 42008
1775505791408 101.0 42088
1775505791501 92.0 42124
1775505791946 101.0 42388
1775505792036 101.0 42412
1775505792188 96.0 42472
1775505792315 101.0 42528
1775505792778 101.0 42816
1775505792829 108.0 42820
1775505792958 101.0 42876
1775505793053 95.0 42908
1775505793589 101.0 43220
1775505793638 103.0 43232
1775505793756 102.0 43284
1775505793811 95.0 43288
1775505794357 94.0 43608
1775505794415 101.0 43624
1775505794552 101.0 43688
1775505794605 102.0 43696
1775505795138 102.0 44016
1775505795197 100.0 44024
1775505795272 86.0 44032
1775505795414 101.0 44100
1775505795895 100.0 44416
1775505795964 101.0 44428
1775505796024 101.0 44436
1775505796165 101.0 44504
1775505796627 89.0 44784
1775505796720 101.0 44820
1775505796804 100.0 44836
1775505796939 101.0 44908
1775505797433 105.0 45204
1775505797489 99.0 45216
1775505797626 111.0 45280
1775505797729 102.0 45316
1775505798207 101.0 45608
1775505798298 107.0 45644
1775505798420 103.0 45692
1775505798518 101.0 45720
1775505798971 101.0 46012
1775505799072 101.0 46048
1775505799177 92.0 46088
1775505799249 106.0 46116
1775505799727 89.0 46404
1775505799798 102.0 46420
1775505799942 96.0 46472
1775505800063 101.0 46520
1775505800529 97.0 46808
1775505800619 108.0 46836
1775505800747 107.0 46900
1775505800822 101.0 46924
1775505801325 101.0 47212
1775505801492 114.0 47292
1775505801554 101.0 47304
1775505801655 103.0 47336
1775505802118 101.0 47616
1775505802275 101.0 47696
1775505802361 105.0 47724
1775505802436 101.0 47740
1775505802933 101.0 48020
1775505803041 92.0 48064
1775505803132 88.0 48092
1775505803293 109.0 48160
1775505803796 108.0 48452
1775505803869 101.0 48468
1775505803950 99.0 48488
1775505804105 99.0 48556
1775505804601 101.0 48856
1775505804735 107.0 48916
1775505804791 113.0 48920
1775505804903 101.0 48960
1775505810970 101.0 49260
1775505811085 101.0 49324
1775505811197 113.0 49368
1775505811258 106.0 49384
1775505811753 106.0 49684
1775505811875 101.0 49728
1775505812000 102.0 49776
1775505812072 101.0 49788
1775505812590 101.0 50088
1775505812704 100.0 50128
1775505812835 103.0 50188
1775505812888 101.0 50192
1775505813411 101.0 50492
1775505813506 101.0 50532
1775505813648 101.0 50592
1775505813713 102.0 50600
1775505814227 101.0 50896
1775505814326 101.0 50936
1775505814495 102.0 51008
1775505814542 106.0 51016
1775505815009 101.0 51300
1775505815169 106.0 51360
1775505815299 101.0 51412
1775505815412 108.0 51448
1775505815742 83.0 51632
1775505816047 107.0 51788
1775505816123 101.0 51816
1775505816235 104.0 51864
1775505816491 92.0 52000
1775505816823 101.0 52192
1775505816923 101.0 52220
1775505817046 102.0 52272
1775505817305 101.0 52404
1775505817627 101.0 52596
1775505817697 97.0 52608
1775505817836 101.0 52676
1775505818048 92.0 52772
1775505818415 101.0 53000
1775505818479 101.0 53012
1775505818614 96.0 53060
1775505818835 103.0 53184
1775505819229 101.0 53404
1775505819296 102.0 53420
1775505819423 102.0 53468
1775505819641 101.0 53588
1775505820029 101.0 53808
1775505820112 103.0 53832
1775505820168 92.0 53836
1775505820468 103.0 54000
1775505820741 89.0 54164
1775505820900 101.0 54236
1775505820963 101.0 54240
1775505821254 101.0 54404
1775505821555 101.0 54568
1775505821747 107.0 54668
1775505821819 109.0 54672
1775505822134 101.0 54808
1775505822483 101.0 54972
1775505822714 101.0 55076
1775505822826 113.0 55120
1775505823026 101.0 55212
1775505823347 106.0 55396
1775505823571 108.0 55508
1775505823647 101.0 55524
1775505823842 101.0 55616
1775505824176 101.0 55800
1775505824432 104.0 55924
1775505824488 101.0 55928
1775505824738 110.0 56056
1775505824996 101.0 56204
1775505825210 98.0 56320
1775505825268 101.0 56328
1775505825560 105.0 56476
1775505825779 101.0 56608
1775505825957 93.0 56700
1775505826035 99.0 56716
1775505826326 101.0 56880
1775505826581 101.0 57012
1775505826771 102.0 57108
1775505826871 106.0 57140
1775505827156 101.0 57284
1775505833013 104.0 57428
1775505833190 101.0 57512
1775505833245 94.0 57516
1775505833561 101.0 57688
1775505833799 101.0 57832
1775505833987 101.0 57920
1775505834073 108.0 57944
1775505834403 109.0 58124
1775505834626 101.0 58236
1775505834804 101.0 58324
1775505834935 110.0 58384
1775505835186 101.0 58528
1775505835347 91.0 58600
1775505835571 99.0 58720
1775505835704 101.0 58788
1775505835983 103.0 58940
1775505836132 103.0 59012
1775505836350 101.0 59124
1775505836499 101.0 59192
1775505836791 101.0 59344
1775505836943 101.0 59416
1775505837114 93.0 59496
1775505837299 101.0 59596
1775505837556 101.0 59748
1775505837694 101.0 59820
1775505837877 101.0 59900
1775505838073 101.0 60000
1775505838352 102.0 60156
1775505838464 96.0 60204
1775505838646 100.0 60300
1775505838883 105.0 60420
1775505839225 111.0 60600
1775505839273 101.0 60608
1775505839491 105.0 60720
1775505839712 101.0 60824
1775505840010 101.0 61004
1775505840071 101.0 61012
1775505840271 101.0 61124
1775505840540 109.0 61260
1775505840703 81.0 61336
1775505840853 101.0 61408
1775505841048 101.0 61528
1775505841342 106.0 61684
1775505841518 106.0 61760
1775505841641 101.0 61812
1775505841941 113.0 61980
1775505842158 102.0 62092
1775505842333 102.0 62168
1775505842499 108.0 62244
1775505842902 125.0 62480
1775505843028 110.0 62532
1775505843190 110.0 62608
1775505843504 131.0 62768
1775505843697 101.0 62884
1775505843918 111.0 62976
1775505844020 102.0 63016
1775505844324 101.0 63172
1775505844504 98.0 63276
1775505844709 103.0 63388
1775505844814 101.0 63420
1775505845091 101.0 63576
1775505845306 102.0 63684
1775505845527 101.0 63792
1775505845764 127.0 63928
1775505845855 95.0 63956
1775505846101 101.0 64088
1775505846328 101.0 64196
1775505846616 103.0 64340
1775505846696 102.0 64364
1775505846974 109.0 64524
1775505847045 86.0 64540
1775505847415 101.0 64744
1775505847484 101.0 64768
1775505847776 101.0 64928
1775505847843 101.0 64944
1775505848193 101.0 65148
1775505848280 101.0 65172
1775505848561 101.0 65332
1775505848634 101.0 65348
1775505848950 95.0 65528
1775505854647 101.0 65576
1775505854939 101.0 65736
1775505855035 104.0 65764
1775505855395 103.0 65940
1775505855456 93.0 65948
1775505855869 111.0 66180
1775505855993 119.0 66240
1775505856224 101.0 66352
1775505856295 106.0 66364
1775505856726 106.0 66604
1775505856836 101.0 66644
1775505857072 106.0 66776
1775505857135 104.0 66780
1775505857511 101.0 67008
1775505857605 101.0 67048
1775505857715 81.0 67104
1775505857918 110.0 67216
1775505858285 101.0 67412
1775505858386 101.0 67452
1775505858518 101.0 67508
1775505858723 96.0 67600
1775505859072 101.0 67816
1775505859182 101.0 67856
1775505859327 101.0 67912
1775505859466 99.0 67996
1775505859855 101.0 68220
1775505859962 101.0 68260
1775505860118 101.0 68316
1775505860240 92.0 68364
1775505860653 101.0 68624
1775505860811 108.0 68692
1775505860883 99.0 68712
1775505861014 101.0 68768
1775505861418 101.0 69028
1775505861547 98.0 69084
1775505861635 102.0 69120
1775505861768 101.0 69172
1775505862201 101.0 69432
1775505862359 103.0 69496
1775505862437 101.0 69524
1775505862570 101.0 69576
1775505862951 93.0 69804
1775505863146 104.0 69912
1775505863226 101.0 69928
1775505863364 101.0 69980
1775505863748 101.0 70208
1775505863958 95.0 70308
1775505864023 103.0 70324
1775505864168 102.0 70388
1775505864572 104.0 70624
1775505864821 101.0 70728
1775505864823 105.0 70728
1775505864979 101.0 70792
1775505865384 101.0 71028
1775505865609 101.0 71132
1775505865614 101.0 71132
1775505865753 101.0 71196
1775505866167 101.0 71432
1775505866359 101.0 71536
1775505866471 110.0 71572
1775505866564 101.0 71600
1775505866987 103.0 71844
1775505867161 101.0 71940
1775505867257 101.0 71976
1775505867430 115.0 72060
1775505867728 100.0 72244
1775505867884 100.0 72340
1775505868034 105.0 72396
1775505868182 101.0 72464
1775505868555 105.0 72664
1775505868700 97.0 72728
1775505868865 101.0 72800
1775505869042 103.0 72876
1775505869453 108.0 73096
1775505869458 92.0 73096
1775505869668 101.0 73204
1775505869835 102.0 73284
1775505870232 104.0 73512
1775505870284 105.0 73516
1775505870466 101.0 73608
1775505876243 112.0 73732
1775505876571 101.0 73920
1775505876638 104.0 73928
1775505876829 101.0 74012
1775505877091 104.0 74148
1775505877457 104.0 74344
1775505877564 116.0 74384
1775505877658 101.0 74416
1775505877940 105.0 74568
1775505878246 89.0 74740
1775505878305 102.0 74752
1775505878516 110.0 74856
1775505878726 101.0 74972
1775505879036 101.0 75144
1775505879112 102.0 75160
1775505879321 101.0 75260
1775505879546 101.0 75376
1775505879856 101.0 75548
1775505879945 101.0 75564
1775505880174 106.0 75684
1775505880355 103.0 75788
1775505880672 102.0 75956
1775505880739 101.0 75968
1775505880979 101.0 76088
1775505881242 108.0 76220
1775505881514 98.0 76360
1775505881624 112.0 76404
1775505881842 101.0 76492
1775505882096 101.0 76624
1775505882381 101.0 76764
1775505882504 101.0 76808
1775505882770 115.0 76952
1775505882977 109.0 77060
1775505883175 98.0 77156
1775505883373 115.0 77268
1775505883575 103.0 77364
1775505883791 104.0 77476
1775505883973 101.0 77560
1775505884188 101.0 77672
1775505884380 101.0 77768
1775505884581 100.0 77876
1775505884660 86.0 77904
1775505884984 101.0 78076
1775505885209 108.0 78200
1775505885418 101.0 78308
1775505885491 110.0 78316
1775505885797 101.0 78480
1775505886057 105.0 78620
1775505886251 101.0 78712
1775505886355 107.0 78744
1775505886611 101.0 78884
1775505886854 99.0 79016
1775505887060 101.0 79116
1775505887133 100.0 79144
1775505887430 106.0 79308
1775505887655 101.0 79420
1775505887848 101.0 79520
1775505887880 95.0 79524
1775505888259 112.0 79756
1775505888448 106.0 79844
1775505888615 101.0 79928
1775505888728 114.0 79976
1775505889034 101.0 80160
1775505889220 101.0 80248
1775505889407 101.0 80332
1775505889603 111.0 80420
1775505889875 102.0 80568
1775505890056 101.0 80652
1775505890210 101.0 80736
1775505890391 101.0 80824
1775505890698 101.0 80972
1775505890863 101.0 81056
1775505891053 101.0 81140
1775505891235 101.0 81228
1775505891527 101.0 81376
1775505891746 107.0 81484
1775505891906 106.0 81564
1775505892072 101.0 81632
1775505892337 101.0 81780
1775505892547 101.0 81888
1775505892592 82.0 81892
1775505898473 101.0 82036
1775505898734 101.0 82184
1775505898959 102.0 82296
1775505899020 103.0 82304
1775505899341 109.0 82472
1775505899574 102.0 82592
1775505899767 96.0 82680
1775505899875 103.0 82716
1775505900168 101.0 82876
1775505900475 108.0 83024
1775505900660 107.0 83108
1775505900720 101.0 83120
1775505901121 115.0 83336
1775505901204 85.0 83364
1775505901414 89.0 83464
1775505901557 103.0 83532
1775505901939 101.0 83740
1775505901995 95.0 83744
1775505902244 101.0 83868
1775505902411 101.0 83936
1775505902798 102.0 84148
1775505902802 101.0 84148
1775505903045 102.0 84276
1775505903192 101.0 84340
1775505903626 101.0 84552
1775505903628 101.0 84552
1775505903812 94.0 84652
1775505904005 101.0 84744
1775505904441 101.0 84956
1775505904445 101.0 84956
1775505904649 101.0 85056
1775505904844 101.0 85148
1775505905225 101.0 85360
1775505905307 109.0 85392
1775505905474 101.0 85460
1775505905627 94.0 85524
1775505906055 101.0 85764
1775505906136 101.0 85796
1775505906285 101.0 85864
1775505906451 101.0 85928
1775505906854 101.0 86168
1775505906984 105.0 86216
1775505907098 101.0 86268
1775505907243 101.0 86332
1775505907678 103.0 86580
1775505907781 101.0 86620
1775505907928 101.0 86672
1775505908069 101.0 86736
1775505908531 106.0 87004
1775505908607 101.0 87024
1775505908737 101.0 87076
1775505909027 121.0 87220
1775505909395 101.0 87428
1775505909464 110.0 87444
1775505909574 105.0 87496
1775505909807 101.0 87624
1775505910150 95.0 87808
1775505910261 101.0 87848
1775505910460 111.0 87940
1775505910690 106.0 88048
1775505911039 105.0 88228
1775505911127 102.0 88256
1775505911310 101.0 88344
1775505911526 101.0 88452
1775505911804 101.0 88632
1775505911886 101.0 88660
1775505912099 103.0 88756
1775505912314 101.0 88856
1775505912679 101.0 89036
1775505912781 104.0 89076
1775505912890 90.0 89116
1775505913179 97.0 89244
1775505913623 110.0 89476
1775505913668 101.0 89480
1775505913779 102.0 89524
1775505914130 114.0 89700
1775505914454 101.0 89880
1775505914519 101.0 89884
1775505914671 106.0 89948
1775505914977 101.0 90104
1775505920986 101.0 90284
1775505921031 101.0 90288
1775505921176 101.0 90352
1775505921432 92.0 90472
1775505921802 101.0 90688
1775505921859 101.0 90692
1775505922025 103.0 90764
1775505922204 92.0 90840
1775505922668 101.0 91092
1775505922728 101.0 91096
1775505922926 106.0 91188
1775505923028 98.0 91232
1775505923492 99.0 91488
1775505923566 106.0 91520
1775505923714 101.0 91592
1775505923919 114.0 91688
1775505924256 101.0 91892
1775505924430 114.0 91976
1775505924518 101.0 91996
1775505924805 116.0 92152
1775505925156 114.0 92348
1775505925266 103.0 92388
1775505925329 101.0 92400
1775505925620 101.0 92556
1775505925936 93.0 92720
1775505926096 101.0 92792
1775505926154 101.0 92804
1775505926457 106.0 92980
1775505926745 108.0 93152
1775505926855 101.0 93196
1775505926940 103.0 93216
1775505927216 92.0 93348
1775505927583 101.0 93556
1775505927693 101.0 93600
1775505927749 98.0 93608
1775505928007 102.0 93756
1775505928350 101.0 93960
1775505928478 101.0 94004
1775505928539 101.0 94012
1775505928820 101.0 94160
1775505929199 101.0 94364
1775505929313 100.0 94404
1775505929391 102.0 94420
1775505929715 109.0 94596
1775505930002 101.0 94768
1775505930107 101.0 94808
1775505930162 99.0 94816
1775505930594 108.0 95028
1775505930936 99.0 95212
1775505930939 101.0 95212
1775505931003 113.0 95220
1775505931370 101.0 95432
1775505931704 101.0 95616
1775505931763 101.0 95624
1775505931843 108.0 95644
1775505932223 105.0 95852
1775505932544 101.0 96020
1775505932601 101.0 96028
1775505932680 101.0 96048
1775505933048 101.0 96256
1775505933304 97.0 96408
1775505933393 101.0 96432
1775505933475 101.0 96452
1775505933860 101.0 96660
1775505934140 102.0 96816
1775505934220 101.0 96836
1775505934285 100.0 96852
1775505934700 103.0 97072
1775505934961 101.0 97220
1775505935060 101.0 97256
1775505935158 113.0 97288
1775505935482 97.0 97460
1775505935813 101.0 97624
1775505935913 101.0 97660
1775505935998 101.0 97692
1775505936344 101.0 97864
1775505936665 93.0 98032
1775505936797 116.0 98088
1775505936853 101.0 98096
1775505937176 101.0 98268
1775505943058 101.0 98436
1775505943184 101.0 98492
1775505943227 101.0 98500
1775505943536 98.0 98660
1775505943851 102.0 98844
1775505943983 101.0 98896
1775505944044 101.0 98904
1775505944364 101.0 99064
1775505944677 101.0 99248
1775505944789 100.0 99296
1775505944846 101.0 99308
1775505945146 101.0 99468
1775505945488 106.0 99672
1775505945577 101.0 99700
1775505945642 101.0 99712
1775505945909 99.0 99864
1775505946311 101.0 100076
1775505946389 101.0 100104
1775505946452 101.0 100116
1775505946769 101.0 100268
1775505947171 101.0 100480
1775505947263 101.0 100508
1775505947326 101.0 100520
1775505947657 106.0 100692
1775505948034 105.0 100900
1775505948097 101.0 100912
1775505948156 102.0 100928
1775505948384 88.0 101044
1775505948822 101.0 101304
1775505948906 104.0 101328
1775505948949 101.0 101332
1775505949189 101.0 101448
1775505949648 104.0 101720
1775505949712 101.0 101732
1775505949773 102.0 101740
1775505949900 86.0 101792
1775505950500 102.0 102128
1775505950566 101.0 102136
1775505950631 101.0 102144
1775505950794 105.0 102212
1775505951307 87.0 102492
1775505951418 101.0 102532
1775505951468 101.0 102540
1775505951618 101.0 102616
1775505952104 102.0 102900
1775505952225 101.0 102944
1775505952337 111.0 102976
1775505952465 101.0 103020
1775505952975 101.0 103304
1775505953119 105.0 103364
1775505953180 101.0 103380
1775505953301 101.0 103424
1775505953708 87.0 103652
1775505953913 101.0 103768
1775505953997 102.0 103788
1775505954162 105.0 103844
1775505954550 106.0 104076
1775505954767 103.0 104180
1775505954842 101.0 104192
1775505954973 101.0 104248
1775505955358 92.0 104444
1775505955660 101.0 104584
1775505955746 107.0 104620
1775505955854 102.0 104656
1775505956137 93.0 104816
1775505956435 101.0 104988
1775505956533 101.0 105024
1775505956595 94.0 105032
1775505957004 110.0 105256
1775505957268 103.0 105400
1775505957401 103.0 105436
1775505957405 101.0 105436
1775505957805 101.0 105660
1775505958072 103.0 105812
1775505958159 100.0 105836
1775505958223 101.0 105840
1775505958646 106.0 106084
1775505958844 85.0 106176
1775505958989 106.0 106236
1775505959043 101.0 106244
1775505959467 101.0 106488
1775505965282 102.0 106584
1775505965419 101.0 106640
1775505965479 101.0 106648
1775505965900 102.0 106896
1775505966068 101.0 106988
1775505966209 101.0 107044
1775505966284 104.0 107064
1775505966728 101.0 107300
1775505966900 101.0 107392
1775505967054 101.0 107448
1775505967138 101.0 107468
1775505967570 101.0 107704
1775505967766 100.0 107792
1775505967909 101.0 107852
1775505967988 101.0 107872
1775505968459 110.0 108144
1775505968576 101.0 108196
1775505968655 94.0 108228
1775505968772 99.0 108268
1775505969271 102.0 108552
1775505969390 101.0 108600
1775505969489 101.0 108632
1775505969593 102.0 108676
1775505970129 109.0 108988
1775505970199 101.0 109004
1775505970300 100.0 109032
1775505970404 98.0 109068
1775505970953 98.0 109380
1775505971054 103.0 109416
1775505971114 99.0 109428
1775505971227 101.0 109472
1775505971823 101.0 109784
1775505971911 101.0 109820
1775505971978 101.0 109832
1775505972100 103.0 109884
1775505972602 101.0 110188
1775505972681 101.0 110224
1775505972789 108.0 110264
1775505972885 101.0 110288
1775505973437 101.0 110592
1775505973538 101.0 110628
1775505973608 89.0 110644
1775505973696 101.0 110668
1775505974273 101.0 110996
1775505974386 101.0 111032
1775505974450 101.0 111048
1775505974534 101.0 111072
1775505975072 97.0 111384
1775505975186 100.0 111432
1775505975266 101.0 111452
1775505975350 101.0 111476
1775505975904 101.0 111788
1775505976024 101.0 111836
1775505976107 101.0 111856
1775505976200 102.0 111884
1775505976724 97.0 112176
1775505976875 101.0 112240
1775505977006 106.0 112280
1775505977066 101.0 112288
1775505977563 95.0 112556
1775505977724 88.0 112632
1775505977788 102.0 112648
1775505977949 108.0 112720
1775505978390 102.0 112964
1775505978551 102.0 113040
1775505978619 101.0 113052
1775505978773 101.0 113124
1775505979214 101.0 113368
1775505979354 97.0 113428
1775505979444 101.0 113456
1775505979610 101.0 113528
1775505980069 102.0 113776
1775505980197 101.0 113832
1775505980292 101.0 113860
1775505980439 101.0 113932
1775505980870 101.0 114180
1775505981057 108.0 114264
1775505981124 103.0 114272
1775505981270 101.0 114336
1775505981709 101.0 114584
1775505981887 101.0 114668
1775505981949 101.0 114676
1775505987946 101.0 114740
1775505988447 98.0 114976
1775505988693 101.0 115080
1775505988785 108.0 115100
1775505988905 101.0 115144
1775505989382 102.0 115384
1775505989482 84.0 115416
1775505989674 101.0 115504
1775505989812 101.0 115548
1775505990272 101.0 115788
1775505990346 97.0 115804
1775505990607 100.0 115904
1775505990734 102.0 115956
1775505991146 101.0 116192
1775505991221 101.0 116208
1775505991466 104.0 116320
1775505991634 107.0 116384
1775505992073 101.0 116596
1775505992136 102.0 116616
1775505992369 101.0 116724
1775505992540 101.0 116788
1775505992942 99.0 116992
1775505993022 101.0 117020
1775505993248 101.0 117128
1775505993391 101.0 117192
1775505993772 101.0 117396
1775505993951 116.0 117484
1775505994067 101.0 117532
1775505994245 101.0 117596
1775505994575 101.0 117800
1775505994730 101.0 117888
1775505994846 101.0 117936
1775505995001 105.0 118016
1775505995297 102.0 118208
1775505995442 98.0 118280
1775505995573 101.0 118340
1775505995746 103.0 118428
1775505996077 101.0 118612
1775505996232 101.0 118684
1775505996365 101.0 118744
1775505996574 101.0 118832
1775505996930 111.0 119056
1775505997041 101.0 119088
1775505997147 101.0 119148
1775505997328 101.0 119236
1775505997707 101.0 119460
1775505997786 101.0 119492
1775505997951 106.0 119572
1775505998090 101.0 119640
1775505998468 101.0 119896
1775505998536 112.0 119908
1775505998667 101.0 119976
1775505998774 99.0 120036
1775505999201 101.0 120300
1775505999261 101.0 120312
1775505999333 92.0 120344
1775505999490 101.0 120440
1775505999875 101.0 120704
1775505999948 104.0 120728
1775506000060 107.0 120772
1775506000202 101.0 120844
1775506000627 87.0 121076
1775506000724 99.0 121100
1775506001010 112.0 121220
1775506001120 101.0 121248
1775506001464 89.0 121432
1775506001611 101.0 121504
1775506001838 101.0 121624
1775506001981 101.0 121652
1775506002370 101.0 121836
1775506002539 101.0 121908
1775506002816 101.0 122028
1775506002935 102.0 122060
1775506003265 87.0 122184
1775506003497 100.0 122308
1775506003713 101.0 122432
1775506003806 101.0 122464
1775506004019 104.0 122600
1775506004214 100.0 122708
1775506004451 101.0 122836
1775506004542 101.0 122868
1775506010671 107.0 123028
1775506010871 101.0 123112
1775506011145 104.0 123252
1775506011211 101.0 123272
1775506011473 103.0 123440
1775506011624 101.0 123516
1775506011902 101.0 123656
1775506011985 101.0 123676
1775506012308 105.0 123860
1775506012474 106.0 123940
1775506012675 101.0 124060
1775506012787 107.0 124104
1775506013081 104.0 124276
1775506013224 101.0 124344
1775506013525 111.0 124504
1775506013570 101.0 124508
1775506013891 111.0 124720
1775506013980 101.0 124748
1775506014240 101.0 124908
1775506014338 107.0 124936
1775506014722 109.0 125156
1775506014809 108.0 125180
1775506015095 98.0 125328
1775506015171 109.0 125344
1775506015556 100.0 125556
1775506015613 95.0 125560
1775506015966 104.0 125744
1775506016067 104.0 125760
1775506019205 101.0 125960
1775506019613 101.0 125964
1775506022658 101.0 126148
1775506023169 101.0 126164
1775506025315 101.0 126364
1775506025876 112.0 126412
1775506027140 106.0 126572
1775506027651 115.0 126624
1775506028814 101.0 126768
1775506029313 101.0 126816
1775506030809 105.0 126992
1775506031221 101.0 127028
1775506032450 105.0 127188
1775506032856 101.0 127220
1775506033803 84.0 127328
1775506034705 102.0 127436
1775506036162 108.0 127620
1775506036356 101.0 127624
1775506037219 101.0 127732
1775506037858 91.0 127800
1775506039543 101.0 128024
1775506039889 104.0 128040
1775506040657 101.0 128136
1775506041538 109.0 128236
1775506043147 101.0 128444
1775506043360 106.0 128448
1775506044187 104.0 128552
1775506044974 99.0 128632
1775506046775 101.0 128852
1775506047177 112.0 128892
1775506047537 91.0 128916
1775506048529 101.0 129036
1775506050289 90.0 129252
1775506050506 101.0 129256
