1775505633413 -94.600106 368
1775505633416 -93.347251 368
1775505633532 -56.372087 404
1775505633604 -56.454349 416
1775505634508 -100.634402 740
1775505634619 -60.244353 772
1775505634769 -75.656807 820
1775505634834 -105.624889 828
1775505635697 -61.639246 1148
1775505635766 -107.593683 1156
1775505635893 -105.644294 1204
1775505635982 -62.914015 1232
1775505636888 -76.111904 1564
1775505636892 -55.646965 1564
1775505637027 -51.198167 1608
1775505637127 -74.00353 1636
1775505638013 -122.975169 1956
1775505638018 -89.825667 1956
1775505638089 -67.186411 1968
1775505638280 -37.250332 2040
1775505639107 -54.046911 2360
1775505639112 -48.118726 2360
1775505639183 -50.386414 2372
1775505639307 -104.355089 2416
1775505640229 -57.285449 2764
1775505640235 -60.416277 2764
1775505640312 -71.006853 2776
1775505640453 -51.595406 2820
1775505641338 -52.924854 3168
1775505641343 -66.035536 3168
1775505641399 -60.078572 3180
1775505641515 -115.355726 3224
1775505642142 -112.29973 3552
1775505642478 -63.259441 3572
1775505642482 -73.921702 3572
1775505642642 -54.293819 3628
1775505643304 -61.448938 3956
1775505643638 -35.750319 3976
1775505643643 -60.295883 3976
1775505643802 -54.634235 4032
1775505644288 -85.424445 4280
1775505644760 -44.612147 4380
1775505644765 -56.217966 4380
1775505644941 -55.021905 4452
1775505645424 -58.077209 4696
1775505645524 -97.921257 4724
1775505645887 -60.153119 4784
1775505646106 -46.957148 4856
1775505646680 -62.02287 5128
1775505646821 -52.488575 5172
1775505647108 -60.808074 5188
1775505647299 -65.240606 5260
1775505647777 -112.90047 5516
1775505647856 -47.395427 5532
1775505648225 -61.933297 5592
1775505648400 -34.597261 5664
1775505648915 -50.19469 5920
1775505648995 -51.530734 5936
1775505649373 -44.249806 5996
1775505649709 -121.407445 6148
1775505650266 -47.4485 6324
1775505650345 -52.44843 6340
1775505650405 -100.702425 6344
1775505650861 -59.509649 6580
1775505651376 -66.058106 6728
1775505651465 -70.154498 6744
1775505651512 -65.328388 6748
1775505651966 -90.26571 6960
1775505652518 -47.705944 7132
1775505652595 -56.398328 7148
1775505652641 -70.414992 7152
1775505653047 -55.314529 7364
1775505653312 -89.681026 7480
1775505653691 -53.064512 7536
1775505653795 -115.857243 7564
1775505654232 -114.170678 7768
1775505655474 -117.573338 7884
1775505657009 -60.389988 7940
1775505657884 -57.349092 7968
1775505661392 -66.882613 8172
1775505685813 -63.646222 8288
1775505686104 -52.652732 8360
1775505686203 -98.209027 8376
1775505686695 -65.048336 8576
1775505686993 -112.881882 8700
1775505687251 -47.145643 8764
1775505687337 -57.855752 8780
1775505687812 -66.544326 8980
1775505688000 -82.112281 9048
1775505688440 -63.362935 9184
1775505688498 -60.650668 9192
1775505689020 -77.658458 9412
1775505689134 -62.104689 9452
1775505689502 -111.916597 9568
1775505689604 -49.547875 9592
1775505690013 -78.939058 9756
1775505690253 -60.859388 9856
1775505690700 -52.5716 9984
1775505690789 -45.120183 9996
1775505691193 -72.988705 10160
1775505691469 -62.171028 10260
1775505691877 -61.557068 10388
1775505691958 -53.730228 10400
1775505692369 -56.85444 10564
1775505692616 -35.915567 10664
1775505693056 -57.125612 10792
1775505693131 -70.823 10804
1775505693630 -48.502811 11032
1775505693743 -58.970626 11068
1775505694149 -100.056399 11144
1775505694284 -106.235813 11192
1775505694669 -107.214524 11392
1775505694909 -44.442043 11488
1775505695277 -68.837769 11548
1775505695543 -66.037222 11668
1775505695806 -40.576309 11796
1775505696026 -63.081279 11892
1775505696331 -52.497108 11952
1775505696606 -60.376409 12072
1775505696852 -62.017741 12200
1775505697087 -59.124459 12308
1775505697425 -60.738517 12356
1775505697680 -66.867508 12476
1775505697943 -71.863127 12604
1775505698144 -64.925178 12712
1775505698508 -39.747651 12772
1775505698781 -63.816032 12880
1775505699060 -69.509823 13008
1775505699303 -109.463365 13108
1775505699687 -70.315114 13176
1775505699910 -97.793327 13272
1775505700230 -44.775498 13420
1775505700430 -71.711863 13512
1775505700828 -66.536068 13600
1775505700999 -66.663511 13676
1775505701328 -53.92844 13824
1775505701480 -109.831876 13880
1775505701952 -74.165559 14004
1775505702121 -54.438438 14088
1775505702423 -48.003724 14228
1775505702564 -78.992295 14284
1775505703047 -107.246383 14408
1775505703235 -62.272567 14492
1775505703529 -68.042678 14632
1775505703681 -58.835808 14688
1775505704108 -92.841027 14784
1775505704351 -53.534537 14896
1775505704627 -57.870595 15036
1775505704778 -128.82511 15096
1775505705136 -117.195085 15164
1775505705445 -51.96991 15300
1775505705735 -34.752452 15440
1775505705887 -49.019494 15500
1775505706268 -50.869822 15568
1775505706558 -60.977235 15704
1775505706862 -50.925876 15844
1775505707006 -61.402808 15904
1775505707390 -51.287184 15972
1775505707621 -90.627247 16076
1775505707916 -107.63462 16216
1775505708110 -60.885279 16308
1775505708495 -69.750258 16376
1775505716206 -56.491649 16480
1775505717623 -56.712494 16620
1775505718130 -90.977358 16684
1775505718901 -52.949187 16780
1775505720382 -61.935879 16884
1775505721830 -45.275041 17028
1775505722289 -94.554581 17068
1775505723438 -68.088063 17184
1775505724246 -69.189453 17288
1775505725350 -99.716086 17456
1775505725602 -54.526351 17472
1775505726262 -100.28124 17552
1775505727218 -37.079612 17692
1775505728048 -88.004363 17804
1775505728481 -107.247887 17852
1775505729301 -55.616861 17956
1775505730298 -68.898507 18096
1775505730974 -59.12702 18220
1775505731104 -88.12369 18256
1775505731318 -68.982525 18360
1775505731646 -46.574462 18524
1775505731898 -46.281926 18624
1775505731903 -102.665361 18624
1775505732179 -31.041859 18764
1775505732486 -52.22973 18940
1775505732716 -57.897385 19028
1775505732721 -55.920656 19028
1775505732970 -60.695781 19168
1775505733316 -48.29051 19356
1775505733567 -56.053661 19432
1775505733570 -58.461729 19432
1775505733866 -56.255868 19596
1775505734109 -55.885816 19760
1775505734183 -83.695141 19776
1775505734304 -58.470647 19836
1775505734559 -55.046144 20000
1775505734831 -64.487005 20164
1775505734932 -45.292131 20212
1775505735010 -74.538887 20240
1775505735250 -47.354348 20404
1775505735495 -59.19555 20568
1775505735603 -73.982638 20616
1775505735705 -56.262547 20660
1775505735991 -51.081716 20832
1775505736220 -40.419496 20972
1775505736346 -39.325174 21028
1775505736423 -55.169483 21064
1775505736660 -72.398009 21236
1775505736884 -41.732748 21376
1775505737012 -48.077442 21432
1775505737100 -71.974494 21468
1775505737365 -47.075546 21648
1775505737552 -36.882874 21780
1775505737657 -52.475282 21836
1775505737738 -55.984195 21872
1775505737978 -66.492571 22052
1775505738230 -59.408948 22184
1775505738350 -38.836994 22248
1775505738436 -80.033149 22276
1775505738729 -49.484656 22456
1775505738996 -55.394287 22632
1775505739068 -44.180625 22668
1775505739145 -60.141952 22696
1775505739408 -45.634371 22860
1775505739691 -42.205144 23036
1775505739780 -46.024723 23072
1775505739868 -63.785008 23100
1775505740131 -51.380658 23264
1775505740384 -119.730789 23432
1775505740487 -58.089275 23476
1775505740574 -42.599428 23504
1775505740837 -41.05348 23668
1775505741089 -64.180277 23836
1775505741187 -52.156892 23880
1775505741279 -66.961744 23908
1775505741565 -55.276256 24092
1775505741748 -115.973939 24212
1775505741885 -74.709941 24284
1775505741969 -57.251939 24316
1775505742251 -52.01182 24496
1775505746997 -66.273437 24616
1775505747141 -99.877123 24700
1775505747232 -100.675718 24732
1775505747507 -53.766609 24900
1775505747747 -63.249077 25044
1775505747873 -66.88149 25104
1775505747943 -47.664974 25136
1775505748211 -53.741579 25304
1775505748396 -89.499134 25408
1775505748578 -49.285587 25508
1775505748660 -51.549932 25540
1775505748904 -44.194219 25712
1775505749099 -51.737176 25812
1775505749256 -45.905106 25916
1775505749325 -54.217751 25944
1775505749586 -69.23293 26116
1775505749734 -41.059564 26216
1775505749962 -53.236015 26336
1775505750023 -66.692493 26348
1775505750276 -57.144295 26528
1775505750452 -55.357899 26628
1775505750658 -55.613151 26740
1775505750722 -129.964996 26752
1775505750971 -115.57162 26904
1775505751206 -99.248389 27032
1775505751382 -105.855308 27140
1775505751435 -39.732019 27156
1775505751696 -40.086524 27308
1775505751949 -55.801541 27484
1775505752013 -83.517448 27496
1775505752173 -36.656714 27564
1775505752394 -49.471655 27712
1775505752679 -81.541987 27888
1775505752745 -47.474169 27900
1775505752792 -44.036185 27904
1775505753108 -100.917238 28108
1775505753343 -88.818154 28256
1775505753415 -99.160939 28280
1775505753475 -37.398104 28304
1775505753857 -108.680538 28532
1775505754115 -64.141724 28684
1775505754178 -66.44861 28700
1775505754274 -68.126328 28744
1775505754608 -57.608583 28936
1775505754876 -66.002957 29088
1775505754937 -46.103775 29104
1775505755050 -57.741463 29148
1775505755385 -62.314095 29340
1775505755648 -52.76008 29492
1775505755725 -58.53826 29508
1775505755838 -59.869409 29552
1775505756149 -91.781713 29736
1775505756425 -56.401379 29896
1775505756479 -57.399986 29912
1775505756587 -49.802193 29956
1775505756902 -49.999349 30144
1775505757164 -100.886957 30272
1775505757270 -67.774792 30316
1775505757378 -52.074103 30360
1775505757735 -48.191576 30548
1775505757903 -93.478239 30640
1775505758125 -48.216062 30756
1775505758190 -72.863517 30764
1775505758521 -46.524866 30952
1775505758712 -55.523838 31044
1775505758905 -47.125246 31160
1775505758963 -55.514544 31168
1775505759311 -53.647092 31356
1775505759498 -51.576575 31448
1775505759745 -50.424497 31572
1775505759826 -55.00932 31592
1775505760165 -44.423112 31800
1775505760303 -40.23515 31860
1775505760494 -95.188762 31960
1775505760639 -67.443558 32028
1775505760979 -52.582784 32220
1775505761095 -47.348665 32264
1775505761401 -60.503788 32416
1775505761478 -35.017968 32432
1775505761857 -41.981598 32656
1775505761911 -37.531139 32668
1775505767618 -48.734733 32824
1775505767680 -57.943726 32836
1775505768107 -117.736715 33060
1775505768109 -45.905583 33060
1775505768391 -52.124035 33228
1775505768444 -47.104356 33240
1775505768848 -38.411015 33472
1775505768903 -57.282056 33480
1775505769184 -59.247608 33644
1775505769240 -50.084032 33652
1775505769615 -63.654678 33876
1775505769667 -34.652844 33888
1775505769962 -62.884377 34056
1775505770018 -36.510084 34060
1775505770376 -44.143548 34280
1775505770432 -59.860271 34292
1775505770717 -58.385289 34460
1775505770778 -50.381681 34480
1775505771205 -44.772377 34684
1775505771210 -98.50065 34684
1775505771496 -30.313068 34868
1775505771592 -47.047646 34896
1775505771983 -47.693728 35088
1775505771985 -46.417399 35088
1775505772323 -107.747702 35284
1775505772393 -51.94053 35300
1775505772702 -95.562054 35472
1775505772777 -49.910007 35492
1775505773112 -96.931423 35680
1775505773187 -39.251051 35708
1775505773508 -41.888159 35888
1775505773567 -49.403031 35896
1775505773912 -27.274407 36084
1775505773990 -109.555729 36108
1775505774320 -45.981902 36292
1775505774379 -63.26627 36300
1775505774702 -51.170945 36488
1775505774796 -54.648279 36512
1775505775122 -40.307214 36696
1775505775185 -44.36766 36704
1775505775549 -44.705408 36912
1775505775585 -40.606548 36916
1775505775866 -97.546427 37076
1775505776003 -49.774348 37132
1775505776261 -85.632215 37256
1775505776401 -51.913086 37316
1775505776693 -41.205925 37480
1775505776818 -34.290738 37536
1775505777018 -96.664967 37636
1775505777203 -53.701425 37720
1775505777488 -42.921012 37884
1775505777663 -50.735474 37960
1775505777859 -49.187632 38064
1775505777980 -60.934909 38124
1775505778288 -35.903467 38288
1775505778470 -32.97334 38380
1775505778655 -26.628453 38472
1775505778787 -48.493863 38528
1775505779078 -37.782844 38692
1775505779244 -55.339738 38784
1775505779427 -53.41312 38876
1775505779545 -54.959131 38932
1775505779887 -55.288047 39124
1775505780028 -39.694721 39188
1775505780224 -28.903868 39288
1775505780380 -105.341562 39344
1775505780716 -43.332651 39552
1775505780818 -46.09116 39596
1775505781003 -41.831143 39692
1775505781118 -50.885021 39748
1775505781473 -35.520371 39956
1775505781580 -51.624427 40000
1775505781790 -58.381017 40096
1775505781869 -98.008459 40112
1775505782312 -24.994582 40360
1775505782431 -35.356058 40404
1775505782605 -59.592712 40500
1775505782675 -58.735009 40516
1775505783143 -99.065602 40796
1775505783208 -51.760419 40808
1775505783426 -57.618147 40920
1775505783503 -47.801674 40944
1775505789549 -53.558441 41204
1775505789636 -55.574829 41240
1775505789746 -86.088266 41280
1775505789917 -43.724594 41352
1775505790346 -85.158575 41604
1775505790414 -44.760733 41620
1775505790563 -36.840214 41684
1775505790740 -52.813497 41756
1775505791136 -93.372281 41984
1775505791228 -52.253806 42008
1775505791408 -39.889873 42088
1775505791501 -92.55359 42124
1775505791946 -39.979743 42388
1775505792036 -94.753873 42412
1775505792188 -92.038354 42472
1775505792315 -46.397095 42528
1775505792778 -46.987021 42816
1775505792829 -33.469793 42820
1775505792958 -33.536945 42876
1775505793053 -86.133698 42908
1775505793589 -49.7959 43220
1775505793638 -39.923487 43232
1775505793756 -39.328001 43284
1775505793811 -108.72257 43288
1775505794357 -99.939407 43608
1775505794415 -51.706346 43624
1775505794552 -36.430631 43688
1775505794605 -45.217671 43696
1775505795138 -33.853974 44016
1775505795197 -90.232378 44024
1775505795272 -108.95825 44032
1775505795414 -47.870173 44100
1775505795895 -102.575408 44416
1775505795964 -58.368076 44428
1775505796024 -57.734247 44436
1775505796165 -30.661791 44504
1775505796627 -89.494032 44784
1775505796720 -58.82548 44820
1775505796804 -99.519601 44836
1775505796939 -63.120597 44908
1775505797433 -46.289237 45204
1775505797489 -109.039647 45216
1775505797626 -52.033107 45280
1775505797729 -45.834124 45316
1775505798207 -38.169416 45608
1775505798298 -51.43751 45644
1775505798420 -31.135195 45692
1775505798518 -38.610947 45720
1775505798971 -44.818029 46012
1775505799072 -40.443287 46048
1775505799177 -108.091392 46088
1775505799249 -47.153887 46116
1775505799727 -86.436233 46404
1775505799798 -33.071074 46420
1775505799942 -89.860832 46472
1775505800063 -30.024642 46520
1775505800529 -90.77488 46808
1775505800619 -38.511584 46836
1775505800747 -36.016786 46900
1775505800822 -41.896484 46924
1775505801325 -46.842185 47212
1775505801492 -60.475679 47292
1775505801554 -44.413075 47304
1775505801655 -39.493191 47336
1775505802118 -44.181957 47616
1775505802275 -50.417271 47696
1775505802361 -40.880871 47724
1775505802436 -42.614095 47740
1775505802933 -99.710234 48020
1775505803041 -86.527401 48064
1775505803132 -81.589176 48092
1775505803293 -33.999962 48160
1775505803796 -102.089409 48452
1775505803869 -37.814333 48468
1775505803950 -107.631574 48488
1775505804105 -90.647855 48556
1775505804601 -57.706792 48856
1775505804735 -37.913184 48916
1775505804791 -47.449941 48920
1775505804903 -33.905928 48960
1775505810970 -38.087632 49260
1775505811085 -57.213257 49324
1775505811197 -49.300609 49368
1775505811258 -36.397663 49384
1775505811753 -39.705307 49684
1775505811875 -58.496581 49728
1775505812000 -38.222989 49776
1775505812072 -66.709652 49788
1775505812590 -42.515806 50088
1775505812704 -98.162364 50128
1775505812835 -35.764652 50188
1775505812888 -74.184906 50192
1775505813411 -25.979279 50492
1775505813506 -41.26608 50532
1775505813648 -50.107456 50592
1775505813713 -44.139046 50600
1775505814227 -42.840262 50896
1775505814326 -38.818755 50936
1775505814495 -44.128463 51008
1775505814542 -94.977723 51016
1775505815009 -54.053948 51300
1775505815169 -92.478871 51360
1775505815299 -31.736958 51412
1775505815412 -45.726814 51448
1775505815742 -88.341989 51632
1775505816047 -50.788781 51788
1775505816123 -42.880339 51816
1775505816235 -28.63677 51864
1775505816491 -88.76417 52000
1775505816823 -32.793314 52192
1775505816923 -36.31685 52220
1775505817046 -43.173852 52272
1775505817305 -56.170902 52404
1775505817627 -37.702081 52596
1775505817697 -104.335736 52608
1775505817836 -41.044602 52676
1775505818048 -114.482713 52772
1775505818415 -50.793205 53000
1775505818479 -47.833484 53012
1775505818614 -97.073034 53060
1775505818835 -42.66928 53184
1775505819229 -55.35013 53404
1775505819296 -33.426261 53420
1775505819423 -46.294418 53468
1775505819641 -40.925488 53588
1775505820029 -35.043216 53808
1775505820112 -44.147577 53832
1775505820168 -100.356251 53836
1775505820468 -33.827025 54000
1775505820741 -90.094415 54164
1775505820900 -50.509017 54236
1775505820963 -41.629424 54240
1775505821254 -46.377192 54404
1775505821555 -50.683796 54568
1775505821747 -45.04004 54668
1775505821819 -45.701893 54672
1775505822134 -45.441296 54808
1775505822483 -61.616503 54972
1775505822714 -45.922773 55076
1775505822826 -46.603077 55120
1775505823026 -30.050589 55212
1775505823347 -98.329404 55396
1775505823571 -108.847916 55508
1775505823647 -31.511677 55524
1775505823842 -38.693088 55616
1775505824176 -25.867056 55800
1775505824432 -44.390664 55924
1775505824488 -34.693574 55928
1775505824738 -40.016079 56056
1775505824996 -101.797606 56204
1775505825210 -84.799931 56320
1775505825268 -33.599992 56328
1775505825560 -53.245587 56476
1775505825779 -43.005524 56608
1775505825957 -87.043872 56700
1775505826035 -91.039565 56716
1775505826326 -52.598582 56880
1775505826581 -30.187503 57012
1775505826771 -35.343793 57108
1775505826871 -45.097578 57140
1775505827156 -49.564117 57284
1775505833013 -30.756499 57428
1775505833190 -42.204077 57512
1775505833245 -87.806672 57516
1775505833561 -33.439219 57688
1775505833799 -40.153933 57832
1775505833987 -43.648997 57920
1775505834073 -32.939081 57944
1775505834403 -53.108703 58124
1775505834626 -64.677583 58236
1775505834804 -52.411192 58324
1775505834935 -91.825183 58384
1775505835186 -109.569377 58528
1775505835347 -107.970802 58600
1775505835571 -102.319218 58720
1775505835704 -48.230435 58788
1775505835983 -46.994267 58940
1775505836132 -43.24841 59012
1775505836350 -42.592559 59124
1775505836499 -96.37518 59192
1775505836791 -27.592936 59344
1775505836943 -48.890079 59416
1775505837114 -91.76757 59496
1775505837299 -37.869425 59596
1775505837556 -32.715364 59748
1775505837694 -68.450933 59820
1775505837877 -106.777395 59900
1775505838073 -53.693168 60000
1775505838352 -49.977836 60156
1775505838464 -85.950992 60204
1775505838646 -97.653611 60300
1775505838883 -40.40243 60420
1775505839225 -56.59175 60600
1775505839273 -38.544697 60608
1775505839491 -47.706731 60720
1775505839712 -67.81518 60824
1775505840010 -41.881232 61004
1775505840071 -48.659166 61012
1775505840271 -46.506654 61124
1775505840540 -56.505379 61260
1775505840703 -81.498394 61336
1775505840853 -44.31905 61408
1775505841048 -42.760713 61528
1775505841342 -56.750237 61684
1775505841518 -49.690801 61760
1775505841641 -34.028979 61812
1775505841941 -48.089159 61980
1775505842158 -29.691199 62092
1775505842333 -33.183675 62168
1775505842499 -42.841425 62244
1775505842902 -37.187548 62480
1775505843028 -39.149368 62532
1775505843190 -54.619868 62608
1775505843504 -124.648391 62768
1775505843697 -59.791399 62884
1775505843918 -47.313103 62976
1775505844020 -41.235791 63016
1775505844324 -37.861978 63172
1775505844504 -126.143315 63276
1775505844709 -97.968612 63388
1775505844814 -34.780962 63420
1775505845091 -47.206934 63576
1775505845306 -50.075926 63684
1775505845527 -44.408954 63792
1775505845764 -123.714444 63928
1775505845855 -104.579586 63956
1775505846101 -36.31996 64088
1775505846328 -47.281524 64196
1775505846616 -38.161691 64340
1775505846696 -47.587504 64364
1775505846974 -40.812222 64524
1775505847045 -86.128947 64540
1775505847415 -43.222097 64744
1775505847484 -41.256462 64768
1775505847776 -43.356188 64928
1775505847843 -36.829058 64944
1775505848193 -43.207092 65148
1775505848280 -45.582091 65172
1775505848561 -27.338953 65332
1775505848634 -28.836142 65348
1775505848950 -88.229985 65528
1775505854647 -56.49823 65576
1775505854939 -59.252664 65736
1775505855035 -36.643532 65764
1775505855395 -36.318805 65940
1775505855456 -81.525058 65948
1775505855869 -42.504593 66180
1775505855993 -50.631698 66240
1775505856224 -45.82497 66352
1775505856295 -37.18361 66364
1775505856726 -46.349725 66604
1775505856836 -37.199097 66644
1775505857072 -106.772268 66776
1775505857135 -42.484077 66780
1775505857511 -50.045309 67008
1775505857605 -37.458458 67048
1775505857715 -78.087145 67104
1775505857918 -54.628953 67216
1775505858285 -57.338209 67412
1775505858386 -33.581013 67452
1775505858518 -44.9265 67508
1775505858723 -86.314998 67600
1775505859072 -41.122506 67816
1775505859182 -59.729409 67856
1775505859327 -53.607877 67912
1775505859466 -85.198042 67996
1775505859855 -42.520018 68220
1775505859962 -44.878524 68260
1775505860118 -27.628966 68316
1775505860240 -98.598529 68364
1775505860653 -47.510974 68624
1775505860811 -40.195613 68692
1775505860883 -88.553853 68712
1775505861014 -42.638814 68768
1775505861418 -46.879524 69028
1775505861547 -100.242219 69084
1775505861635 -29.4182 69120
1775505861768 -35.899847 69172
1775505862201 -73.117672 69432
1775505862359 -38.490849 69496
1775505862437 -40.867744 69524
1775505862570 -56.714654 69576
1775505862951 -85.912863 69804
1775505863146 -52.180548 69912
1775505863226 -51.704175 69928
1775505863364 -91.730723 69980
1775505863748 -37.28734 70208
1775505863958 -99.983913 70308
1775505864023 -45.214834 70324
1775505864168 -40.647699 70388
1775505864572 -46.167208 70624
1775505864821 -32.509193 70728
1775505864823 -32.653641 70728
1775505864979 -52.671555 70792
1775505865384 -34.736176 71028
1775505865609 -51.7257 71132
1775505865614 -46.015823 71132
1775505865753 -44.419846 71196
1775505866167 -96.948948 71432
1775505866359 -53.020214 71536
1775505866471 -43.833137 71572
1775505866564 -38.457886 71600
1775505866987 -41.058219 71844
1775505867161 -40.272046 71940
1775505867257 -50.946582 71976
1775505867430 -49.218985 72060
1775505867728 -94.680193 72244
1775505867884 -100.977562 72340
1775505868034 -27.3912 72396
1775505868182 -49.291219 72464
1775505868555 -35.621113 72664
1775505868700 -87.1654 72728
1775505868865 -45.749913 72800
1775505869042 -37.893709 72876
1775505869453 -92.74641 73096
1775505869458 -89.342995 73096
1775505869668 -42.738482 73204
1775505869835 -86.008068 73284
1775505870232 -37.036271 73512
1775505870284 -46.593018 73516
1775505870466 -43.994276 73608
1775505876243 -51.305042 73732
1775505876571 -35.502791 73920
1775505876638 -34.109905 73928
1775505876829 -54.398627 74012
1775505877091 -47.554069 74148
1775505877457 -46.562423 74344
1775505877564 -44.423757 74384
1775505877658 -29.796941 74416
1775505877940 -92.671582 74568
1775505878246 -100.50565 74740
1775505878305 -28.392129 74752
1775505878516 -42.337657 74856
1775505878726 -28.206553 74972
1775505879036 -45.021243 75144
1775505879112 -30.422448 75160
1775505879321 -35.340654 75260
1775505879546 -42.588118 75376
1775505879856 -26.198421 75548
1775505879945 -34.314094 75564
1775505880174 -100.12229 75684
1775505880355 -31.49132 75788
1775505880672 -32.652622 75956
1775505880739 -39.540819 75968
1775505880979 -51.527836 76088
1775505881242 -97.06785 76220
1775505881514 -108.666028 76360
1775505881624 -54.377053 76404
1775505881842 -29.179912 76492
1775505882096 -29.51767 76624
1775505882381 -53.311984 76764
1775505882504 -60.174521 76808
1775505882770 -42.450932 76952
1775505882977 -46.540486 77060
1775505883175 -98.088499 77156
1775505883373 -59.439993 77268
1775505883575 -36.601813 77364
1775505883791 -35.397456 77476
1775505883973 -26.632395 77560
1775505884188 -42.55276 77672
1775505884380 -34.796718 77768
1775505884581 -98.526091 77876
1775505884660 -85.925521 77904
1775505884984 -39.679512 78076
1775505885209 -35.351566 78200
1775505885418 -32.423995 78308
1775505885491 -30.041694 78316
1775505885797 -49.161732 78480
1775505886057 -44.943058 78620
1775505886251 -33.396424 78712
1775505886355 -48.112249 78744
1775505886611 -52.851948 78884
1775505886854 -101.05459 79016
1775505887060 -37.366285 79116
1775505887133 -89.06406 79144
1775505887430 -43.730804 79308
1775505887655 -52.207398 79420
1775505887848 -51.847194 79520
1775505887880 -92.766472 79524
1775505888259 -105.880657 79756
1775505888448 -50.275511 79844
1775505888615 -41.264599 79928
1775505888728 -46.919516 79976
1775505889034 -39.952043 80160
1775505889220 -53.178485 80248
1775505889407 -35.425662 80332
1775505889603 -99.830467 80420
1775505889875 -29.19868 80568
1775505890056 -38.640047 80652
1775505890210 -40.945878 80736
1775505890391 -34.586197 80824
1775505890698 -40.99997 80972
1775505890863 -46.236131 81056
1775505891053 -37.394581 81140
1775505891235 -32.296713 81228
1775505891527 -28.822307 81376
1775505891746 -43.975187 81484
1775505891906 -43.493843 81564
1775505892072 -32.909646 81632
1775505892337 -33.273567 81780
1775505892547 -39.731478 81888
1775505892592 -84.451717 81892
1775505898473 -33.520521 82036
1775505898734 -43.196848 82184
1775505898959 -41.755687 82296
1775505899020 -33.056988 82304
1775505899341 -96.710599 82472
1775505899574 -37.139597 82592
1775505899767 -84.956876 82680
1775505899875 -32.031238 82716
1775505900168 -24.566039 82876
1775505900475 -42.817517 83024
1775505900660 -97.150906 83108
1775505900720 -26.691953 83120
1775505901121 -42.933677 83336
1775505901204 -89.837698 83364
1775505901414 -86.690167 83464
1775505901557 -31.749302 83532
1775505901939 -55.39193 83740
1775505901995 -93.361186 83744
1775505902244 -30.341887 83868
1775505902411 -31.947155 83936
1775505902798 -94.190584 84148
1775505902802 -46.040394 84148
1775505903045 -42.749924 84276
1775505903192 -40.561716 84340
1775505903626 -38.007312 84552
1775505903628 -46.024943 84552
1775505903812 -84.887837 84652
1775505904005 -27.261452 84744
1775505904441 -37.899293 84956
1775505904445 -53.423411 84956
1775505904649 -26.149294 85056
1775505904844 -43.124854 85148
1775505905225 -51.338042 85360
1775505905307 -41.149313 85392
1775505905474 -44.093765 85460
1775505905627 -78.048057 85524
1775505906055 -40.638978 85764
1775505906136 -20.744937 85796
1775505906285 -24.591378 85864
1775505906451 -33.733333 85928
1775505906854 -39.995146 86168
1775505906984 -36.141384 86216
1775505907098 -43.237679 86268
1775505907243 -44.327366 86332
1775505907678 -34.68448 86580
1775505907781 -26.119947 86620
1775505907928 -27.121257 86672
1775505908069 -36.076141 86736
1775505908531 -100.982162 87004
1775505908607 -120.414334 87024
1775505908737 -101.366265 87076
1775505909027 -119.776694 87220
1775505909395 -61.680254 87428
1775505909464 -49.71304 87444
1775505909574 -46.602754 87496
1775505909807 -87.918767 87624
1775505910150 -99.266919 87808
1775505910261 -40.273793 87848
1775505910460 -38.836951 87940
1775505910690 -57.676371 88048
1775505911039 -31.427217 88228
1775505911127 -38.171025 88256
1775505911310 -26.031121 88344
1775505911526 -48.25908 88452
1775505911804 -30.264114 88632
1775505911886 -41.885284 88660
1775505912099 -37.843367 88756
1775505912314 -35.181479 88856
1775505912679 -40.819149 89036
1775505912781 -28.15197 89076
1775505912890 -90.054023 89116
1775505913179 -109.304231 89244
1775505913623 -26.906167 89476
1775505913668 -41.863896 89480
1775505913779 -34.259015 89524
1775505914130 -39.631244 89700
1775505914454 -45.075849 89880
1775505914519 -29.15352 89884
1775505914671 -44.235976 89948
1775505914977 -91.421746 90104
1775505920986 -36.330401 90284
1775505921031 -39.882717 90288
1775505921176 -40.159354 90352
1775505921432 -84.632981 90472
1775505921802 -45.30623 90688
1775505921859 -32.418747 90692
1775505922025 -30.907931 90764
1775505922204 -84.262353 90840
1775505922668 -27.570838 91092
1775505922728 -44.340596 91096
1775505922926 -32.143595 91188
1775505923028 -99.138988 91232
1775505923492 -95.021068 91488
1775505923566 -31.837815 91520
1775505923714 -32.068971 91592
1775505923919 -106.767878 91688
1775505924256 -26.21702 91892
1775505924430 -38.71862 91976
1775505924518 -28.634442 91996
1775505924805 -51.599995 92152
1775505925156 -38.616722 92348
1775505925266 -31.040405 92388
1775505925329 -59.425978 92400
1775505925620 -40.176076 92556
1775505925936 -93.1663 92720
1775505926096 -57.369629 92792
1775505926154 -36.792255 92804
1775505926457 -45.566177 92980
1775505926745 -40.672003 93152
1775505926855 -27.352721 93196
1775505926940 -37.936207 93216
1775505927216 -77.697912 93348
1775505927583 -25.053558 93556
1775505927693 -28.474194 93600
1775505927749 -87.570353 93608
1775505928007 -21.883875 93756
1775505928350 -45.126191 93960
1775505928478 -43.702748 94004
1775505928539 -56.872216 94012
1775505928820 -43.719784 94160
1775505929199 -38.282419 94364
1775505929313 -84.433832 94404
1775505929391 -25.696942 94420
1775505929715 -31.05046 94596
1775505930002 -37.54617 94768
1775505930107 -37.033734 94808
1775505930162 -102.291981 94816
1775505930594 -38.583529 95028
1775505930936 -107.114167 95212
1775505930939 -49.138264 95212
1775505931003 -25.924199 95220
1775505931370 -37.225313 95432
1775505931704 -39.162066 95616
1775505931763 -47.226016 95624
1775505931843 -48.929831 95644
1775505932223 -33.13169 95852
1775505932544 -27.109891 96020
1775505932601 -26.971442 96028
1775505932680 -41.741459 96048
1775505933048 -35.632805 96256
1775505933304 -99.492028 96408
1775505933393 -47.813882 96432
1775505933475 -22.419423 96452
1775505933860 -45.587527 96660
1775505934140 -36.745147 96816
1775505934220 -25.400005 96836
1775505934285 -90.88682 96852
1775505934700 -40.713154 97072
1775505934961 -41.761927 97220
1775505935060 -52.420238 97256
1775505935158 -37.444717 97288
1775505935482 -85.27631 97460
1775505935813 -56.487131 97624
1775505935913 -30.312955 97660
1775505935998 -34.05615 97692
1775505936344 -22.405074 97864
1775505936665 -88.768393 98032
1775505936797 -62.493774 98088
1775505936853 -46.417932 98096
1775505937176 -55.670011 98268
1775505943058 -46.045372 98436
1775505943184 -34.405478 98492
1775505943227 -34.745272 98500
1775505943536 -96.873285 98660
1775505943851 -24.198148 98844
1775505943983 -51.609082 98896
1775505944044 -31.328861 98904
1775505944364 -40.170582 99064
1775505944677 -41.998378 99248
1775505944789 -87.375517 99296
1775505944846 -46.212264 99308
1775505945146 -38.379867 99468
1775505945488 -104.686972 99672
1775505945577 -39.742366 99700
1775505945642 -32.262939 99712
1775505945909 -88.250995 99864
1775505946311 -33.287692 100076
1775505946389 -29.871793 100104
1775505946452 -54.530601 100116
1775505946769 -46.206907 100268
1775505947171 -33.848546 100480
1775505947263 -28.249429 100508
1775505947326 -33.543661 100520
1775505947657 -34.423004 100692
1775505948034 -38.617447 100900
1775505948097 -40.685134 100912
1775505948156 -56.218433 100928
1775505948384 -82.605779 101044
1775505948822 -50.92918 101304
1775505948906 -31.455378 101328
1775505948949 -34.625865 101332
1775505949189 -41.568298 101448
1775505949648 -45.501726 101720
1775505949712 -33.133542 101732
1775505949773 -89.065963 101740
1775505949900 -80.355678 101792
1775505950500 -38.956318 102128
1775505950566 -41.052341 102136
1775505950631 -40.301801 102144
1775505950794 -36.796521 102212
1775505951307 -82.727351 102492
1775505951418 -24.940517 102532
1775505951468 -32.81639 102540
1775505951618 -24.008903 102616
1775505952104 -26.363523 102900
1775505952225 -40.806843 102944
1775505952337 -39.276391 102976
1775505952465 -66.33842 103020
1775505952975 -35.78565 103304
1775505953119 -32.673797 103364
1775505953180 -40.943568 103380
1775505953301 -40.062917 103424
1775505953708 -92.411526 103652
1775505953913 -31.268335 103768
1775505953997 -46.659888 103788
1775505954162 -44.358953 103844
1775505954550 -37.139373 104076
1775505954767 -36.069198 104180
1775505954842 -43.183667 104192
1775505954973 -56.05436 104248
1775505955358 -87.761877 104444
1775505955660 -40.939789 104584
1775505955746 -33.172759 104620
1775505955854 -88.446631 104656
1775505956137 -84.926916 104816
1775505956435 -43.07551 104988
1775505956533 -37.17033 105024
1775505956595 -90.032452 105032
1775505957004 -51.244045 105256
1775505957268 -48.920216 105400
1775505957401 -41.325424 105436
1775505957405 -45.204105 105436
1775505957805 -53.651139 105660
1775505958072 -31.887602 105812
1775505958159 -103.31197 105836
1775505958223 -38.547153 105840
1775505958646 -27.821077 106084
1775505958844 -84.247084 106176
1775505958989 -35.050592 106236
1775505959043 -37.543285 106244
1775505959467 -51.706554 106488
1775505965282 -26.834717 106584
1775505965419 -28.281782 106640
1775505965479 -49.175674 106648
1775505965900 -40.907404 106896
1775505966068 -39.915575 106988
1775505966209 -35.655484 107044
1775505966284 -27.475109 107064
1775505966728 -37.723661 107300
1775505966900 -22.042617 107392
1775505967054 -32.718221 107448
1775505967138 -28.075469 107468
1775505967570 -39.902284 107704
1775505967766 -92.320131 107792
1775505967909 -40.2349 107852
1775505967988 -28.702336 107872
1775505968459 -52.628046 108144
1775505968576 -42.971608 108196
1775505968655 -92.393948 108228
1775505968772 -83.555697 108268
1775505969271 -32.575121 108552
1775505969390 -36.382489 108600
1775505969489 -34.999344 108632
1775505969593 -38.330795 108676
1775505970129 -55.597141 108988
1775505970199 -47.024672 109004
1775505970300 -99.273008 109032
1775505970404 -100.628134 109068
1775505970953 -85.631759 109380
1775505971054 -36.82595 109416
1775505971114 -92.286523 109428
1775505971227 -44.753224 109472
1775505971823 -33.0281 109784
1775505971911 -48.459662 109820
1775505971978 -31.525235 109832
1775505972100 -39.256791 109884
1775505972602 -29.490812 110188
1775505972681 -45.68686 110224
1775505972789 -50.25189 110264
1775505972885 -27.680756 110288
1775505973437 -42.848233 110592
1775505973538 -40.236572 110628
1775505973608 -79.129046 110644
1775505973696 -36.134479 110668
1775505974273 -28.080965 110996
1775505974386 -25.834924 111032
1775505974450 -31.802576 111048
1775505974534 -52.456796 111072
1775505975072 -93.698986 111384
1775505975186 -110.174655 111432
1775505975266 -31.705348 111452
1775505975350 -33.652135 111476
1775505975904 -36.223816 111788
1775505976024 -49.629917 111836
1775505976107 -57.628265 111856
1775505976200 -85.93511 111884
1775505976724 -88.291934 112176
1775505976875 -32.319506 112240
1775505977006 -96.40639 112280
1775505977066 -29.428479 112288
1775505977563 -84.37919 112556
1775505977724 -80.098414 112632
1775505977788 -29.99625 112648
1775505977949 -41.449075 112720
1775505978390 -31.468409 112964
1775505978551 -31.071623 113040
1775505978619 -26.174572 113052
1775505978773 -53.063987 113124
1775505979214 -40.878013 113368
1775505979354 -84.225119 113428
1775505979444 -39.722159 113456
1775505979610 -34.121215 113528
1775505980069 -34.357237 113776
1775505980197 -39.164083 113832
1775505980292 -31.169776 113860
1775505980439 -47.309701 113932
1775505980870 -47.935398 114180
1775505981057 -36.858223 114264
1775505981124 -27.075353 114272
1775505981270 -50.75639 114336
1775505981709 -39.447556 114584
1775505981887 -35.382393 114668
1775505981949 -53.5923 114676
1775505987946 -51.27359 114740
1775505988447 -92.973928 114976
1775505988693 -39.122996 115080
1775505988785 -33.102339 115100
1775505988905 -25.637917 115144
1775505989382 -26.308988 115384
1775505989482 -82.889536 115416
1775505989674 -25.313307 115504
1775505989812 -46.539995 115548
1775505990272 -33.810051 115788
1775505990346 -94.098209 115804
1775505990607 -93.709989 115904
1775505990734 -33.388225 115956
1775505991146 -49.0497 116192
1775505991221 -27.849571 116208
1775505991466 -39.336195 116320
1775505991634 -39.065708 116384
1775505992073 -35.986545 116596
1775505992136 -28.877379 116616
1775505992369 -45.261555 116724
1775505992540 -26.820452 116788
1775505992942 -97.030179 116992
1775505993022 -37.965771 117020
1775505993248 -44.434288 117128
1775505993391 -35.519526 117192
1775505993772 -25.815502 117396
1775505993951 -42.36459 117484
1775505994067 -39.278165 117532
1775505994245 -25.040261 117596
1775505994575 -44.9274 117800
1775505994730 -42.815699 117888
1775505994846 -39.419005 117936
1775505995001 -40.234633 118016
1775505995297 -38.793389 118208
1775505995442 -102.038034 118280
1775505995573 -32.821204 118340
1775505995746 -31.194398 118428
1775505996077 -43.785495 118612
1775505996232 -29.407395 118684
1775505996365 -40.383019 118744
1775505996574 -31.778509 118832
1775505996930 -42.748585 119056
1775505997041 -35.343914 119088
1775505997147 -36.076271 119148
1775505997328 -31.60534 119236
1775505997707 -43.314834 119460
1775505997786 -28.277385 119492
1775505997951 -27.32042 119572
1775505998090 -31.654135 119640
1775505998468 -40.08085 119896
1775505998536 -31.086348 119908
1775505998667 -39.463215 119976
1775505998774 -95.100773 120036
1775505999201 -28.893405 120300
1775505999261 -30.746833 120312
1775505999333 -85.299674 120344
1775505999490 -84.676058 120440
1775505999875 -35.20706 120704
1775505999948 -36.211056 120728
1775506000060 -30.834504 120772
1775506000202 -50.272603 120844
1775506000627 -81.112747 121076
1775506000724 -100.91313 121100
1775506001010 -104.943281 121220
1775506001120 -41.195925 121248
1775506001464 -84.183337 121432
1775506001611 -27.321204 121504
1775506001838 -26.434079 121624
1775506001981 -55.817039 121652
1775506002370 -36.320911 121836
1775506002539 -29.061245 121908
1775506002816 -41.732321 122028
1775506002935 -38.071847 122060
1775506003265 -83.214182 122184
1775506003497 -101.501046 122308
1775506003713 -31.894099 122432
1775506003806 -48.645662 122464
1775506004019 -30.43838 122600
1775506004214 -95.307371 122708
1775506004451 -40.298395 122836
1775506004542 -34.598347 122868
1775506010671 -36.114417 123028
1775506010871 -41.434874 123112
1775506011145 -33.714207 123252
1775506011211 -21.933412 123272
1775506011473 -32.326431 123440
1775506011624 -41.940854 123516
1775506011902 -31.808913 123656
1775506011985 -33.472191 123676
1775506012308 -36.03343 123860
1775506012474 -36.830623 123940
1775506012675 -47.614567 124060
1775506012787 -101.826737 124104
1775506013081 -38.221546 124276
1775506013224 -27.875089 124344
1775506013525 -33.89405 124504
1775506013570 -40.848099 124508
1775506013891 -36.43891 124720
1775506013980 -28.360992 124748
1775506014240 -34.849564 124908
1775506014338 -104.996195 124936
1775506014722 -43.540342 125156
1775506014809 -28.269675 125180
1775506015095 -85.040491 125328
1775506015171 -42.815927 125344
1775506015556 -88.907433 125556
1775506015613 -86.292179 125560
1775506015966 -29.070402 125744
1775506016067 -44.261701 125760
1775506019205 -36.036486 125960
1775506019613 -23.577796 125964
1775506022658 -87.354432 126148
1775506023169 -29.821662 126164
1775506025315 -39.324193 126364
1775506025876 -36.744038 126412
1775506027140 -35.23348 126572
1775506027651 -92.490545 126624
1775506028814 -54.29391 126768
1775506029313 -28.782912 126816
1775506030809 -39.861286 126992
1775506031221 -30.837078 127028
1775506032450 -35.846686 127188
1775506032856 -33.659786 127220
1775506033803 -77.48649 127328
1775506034705 -41.657794 127436
1775506036162 -37.768403 127620
1775506036356 -32.115286 127624
1775506037219 -55.714344 127732
1775506037858 -85.171232 127800
1775506039543 -30.012082 128024
1775506039889 -36.104138 128040
1775506040657 -45.486402 128136
1775506041538 -30.588024 128236
1775506043147 -25.789342 128444
1775506043360 -34.382759 128448
1775506044187 -33.772676 128552
1775506044974 -95.284866 128632
1775506046775 -88.71025 128852
1775506047177 -53.112501 128892
1775506047537 -83.620628 128916
1775506048529 -26.038626 129036
1775506050289 -79.484839 129252
1775506050506 -43.364643 129256
