1775505685568 -0.17189013957977295 8196
1775505715359 0.4807524085044861 16388
1775505746898 0.5729217529296875 24580
1775505767478 0.5872778296470642 32772
1775505789140 0.5347867012023926 40964
1775505810763 0.6159359216690063 49156
1775505832841 0.6601369380950928 57348
1775505854524 0.6209504008293152 65540
1775505876246 0.6624034643173218 73732
1775505898233 0.632629930973053 81924
1775505920648 0.663109302520752 90116
1775505942807 0.6754075288772583 98308
1775505965091 0.7682575583457947 106500
1775505987788 0.746566891670227 114692
1775506010375 0.6421821117401123 122884
