1775505685568 -0.09732545912265778 8196
1775505715359 -0.16009415686130524 16388
1775505746898 -0.17076700925827026 24580
1775505767478 -0.18821562826633453 32772
1775505789140 -0.1913728415966034 40964
1775505810763 -0.16990908980369568 49156
1775505832841 -0.18559099733829498 57348
1775505854524 -0.18142354488372803 65540
1775505876246 -0.21017998456954956 73732
1775505898233 -0.22389183938503265 81924
1775505920648 -0.20403504371643066 90116
1775505942807 -0.1915854811668396 98308
1775505965091 -0.2218043953180313 106500
1775505987788 -0.20408505201339722 114692
1775506010375 -0.20669598877429962 122884
