1775505685568 -0.019940855780805577 8196
1775505715359 -0.023011125084849482 16388
1775505746898 -0.02420124964482966 24580
1775505767478 -0.027456309299850545 32772
1775505789140 -0.030491310905563295 40964
1775505810763 -0.03125394785147364 49156
1775505832841 -0.03339665452676854 57348
1775505854524 -0.035068718661659656 65540
1775505876246 -0.03801384758771746 73732
1775505898233 -0.039227477342865316 81924
1775505920648 -0.040325742707864265 90116
1775505942807 -0.04007739569278783 98308
1775505965091 -0.04595937655267335 106500
1775505987788 -0.045276804424793225 114692
1775506010375 -0.04507337208233366 122884
