1775505685568 1.00538969039917 8196
1775505715359 1.0063564777374268 16388
1775505746898 1.0085408687591553 24580
1775505767478 1.0124237537384033 32772
1775505789140 1.018660306930542 40964
1775505810763 1.0271966457366943 49156
1775505832841 1.0308904647827148 57348
1775505854524 1.0382115840911865 65540
1775505876246 1.0464608669281006 73732
1775505898233 1.052704930305481 81924
1775505920648 1.0608196258544922 90116
1775505942807 1.0659774541854858 98308
1775505965091 1.0701336860656738 106500
1775505987788 1.075986623764038 114692
1775506010375 1.0824335813522339 122884
