1775505685568 0.48764800661592744 8196
1775505715359 0.10337023312749807 16388
1775505746898 0.09417463415884413 24580
1775505767478 0.0982590440340573 32772
1775505789140 0.08752001191751332 40964
1775505810763 0.0947115248956834 49156
1775505832841 0.08594592294393806 57348
1775505854524 0.0707309924197034 65540
1775505876246 0.06879209546532365 73732
1775505898233 0.07013443109899527 81924
1775505920648 0.07632365277895588 90116
1775505942807 0.06367856508441036 98308
1775505965091 0.05761919766591746 106500
1775505987788 0.059142585393419725 114692
1775506010375 0.05703946353387437 122884
