1783656938556 19.9 2048
1783656939554 27.4 4096
1783656940522 36.5 6144
1783656941470 39.85 8192
1783656942255 46.15 10240
1783656943114 64.6 12288
1783656943939 118.4 14336
1783656944739 124.6 16384
1783656945744 150.2 18432
1783656946659 189.4 20480
1783656947561 179.45 22528
1783656948450 170.7 24576
1783656949263 180.9 26624
1783656950131 232.8 28672
1783656950939 263.55 30720
1783656951774 249.95 32768
1783656952697 235.95 34816
1783656953545 276.0 36864
1783656954335 317.05 38912
1783656955107 372.1 40960
1783656956023 415.6 43008
1783656956839 415.65 45056
1783656957646 423.05 47104
1783656958685 400.75 49152
1783656959593 386.6 51200
1783656960400 392.85 53248
1783656961205 400.8 55296
1783656962130 409.0 57344
1783656963011 396.8 59392
1783656963868 383.25 61440
1783656964721 390.25 63488
1783656965681 390.95 65536
1783656966621 386.4 67584
1783656967409 399.9 69632
1783656968215 411.45 71680
1783656969211 410.95 73728
1783656970173 448.95 75776
1783656971032 464.7 77824
1783656971813 465.35 79872
1783656972677 488.5 81920
1783656973634 496.35 83968
1783656974527 496.35 86016
1783656975311 496.35 88064
1783656976068 478.4 90112
1783656976939 457.4 92160
1783656977787 456.25 94208
1783656978593 447.5 96256
1783656979577 451.35 98304
1783656980513 471.8 100352
1783656981342 486.45 102400
1783656982138 491.25 104448
1783656983069 500.0 106496
1783656983860 500.0 108544
1783656984649 498.6 110592
1783656985579 498.6 112640
1783656986362 498.6 114688
1783656987181 498.6 116736
1783656988193 498.6 118784
1783656989071 500.0 120832
1783656989880 500.0 122880
1783656990695 500.0 124928
1783656991664 500.0 126976
1783656992627 500.0 129024
1783656993443 500.0 131072
1783656994250 500.0 133120
1783656995184 500.0 135168
1783656996037 500.0 137216
1783656996817 500.0 139264
1783656997771 500.0 141312
1783656998673 500.0 143360
1783656999559 500.0 145408
1783657000376 500.0 147456
1783657001157 500.0 149504
1783657002118 500.0 151552
1783657002943 500.0 153600
1783657003789 500.0 155648
1783657004792 500.0 157696
1783657005688 500.0 159744
1783657006469 500.0 161792
1783657007254 500.0 163840
1783657008171 500.0 165888
1783657008955 500.0 167936
1783657009763 500.0 169984
1783657010678 500.0 172032
1783657011467 500.0 174080
1783657012313 500.0 176128
1783657013214 500.0 178176
1783657013995 500.0 180224
1783657014827 500.0 182272
1783657015793 500.0 184320
1783657016734 500.0 186368
1783657017539 500.0 188416
1783657018330 500.0 190464
1783657019305 500.0 192512
1783657020220 500.0 194560
1783657021125 500.0 196608
1783657021890 500.0 198656
1783657022705 500.0 200704
1783657023602 500.0 202752
1783657024373 500.0 204800
1783657025312 500.0 206848
1783657026165 500.0 208896
1783657027027 500.0 210944
1783657027929 500.0 212992
1783657028947 500.0 215040
1783657029793 500.0 217088
1783657030567 500.0 219136
1783657031369 500.0 221184
1783657032235 500.0 223232
1783657033030 500.0 225280
1783657033867 500.0 227328
1783657034751 500.0 229376
1783657035674 500.0 231424
1783657036484 500.0 233472
1783657037375 500.0 235520
1783657038249 500.0 237568
1783657039056 500.0 239616
1783657039884 500.0 241664
1783657040787 500.0 243712
1783657041716 500.0 245760
1783657042637 500.0 247808
1783657043409 500.0 249856
1783657044321 500.0 251904
1783657045283 500.0 253952
1783657046061 500.0 256000
1783657046858 500.0 258048
1783657047732 500.0 260096
1783657048526 500.0 262144
1783657049398 500.0 264192
1783657050339 500.0 266240
1783657051151 500.0 268288
1783657051961 500.0 270336
1783657052954 500.0 272384
1783657053837 500.0 274432
1783657054629 500.0 276480
1783657055475 500.0 278528
1783657056397 500.0 280576
1783657057266 500.0 282624
1783657058065 500.0 284672
1783657059063 500.0 286720
1783657059955 500.0 288768
1783657060742 500.0 290816
1783657061528 500.0 292864
1783657062453 500.0 294912
1783657063298 500.0 296960
1783657064064 500.0 299008
1783657064984 500.0 301056
1783657065771 500.0 303104
1783657066645 500.0 305152
1783657067505 500.0 307200
1783657068385 500.0 309248
1783657069194 500.0 311296
1783657070222 500.0 313344
1783657071076 500.0 315392
1783657071847 500.0 317440
1783657072639 500.0 319488
1783657073548 500.0 321536
1783657074424 500.0 323584
1783657075223 500.0 325632
1783657076211 500.0 327680
1783657077244 500.0 329728
1783657078100 500.0 331776
1783657078906 500.0 333824
1783657079724 500.0 335872
1783657080636 500.0 337920
1783657081409 500.0 339968
1783657082219 500.0 342016
1783657083125 500.0 344064
1783657083944 500.0 346112
1783657084757 500.0 348160
1783657085654 500.0 350208
1783657086466 500.0 352256
1783657087476 500.0 354304
1783657088503 500.0 356352
1783657089418 500.0 358400
1783657090214 500.0 360448
1783657091074 500.0 362496
1783657092028 500.0 364544
1783657092844 500.0 366592
1783657093649 500.0 368640
1783657094617 500.0 370688
1783657095410 500.0 372736
1783657096261 500.0 374784
1783657097225 500.0 376832
1783657098206 500.0 378880
1783657099094 500.0 380928
1783657100008 500.0 382976
1783657100825 500.0 385024
1783657101762 500.0 387072
1783657102617 500.0 389120
1783657103459 500.0 391168
1783657104287 500.0 393216
1783657105206 500.0 395264
1783657106051 500.0 397312
1783657107017 500.0 399360
1783657107924 500.0 401408
1783657108700 500.0 403456
1783657109613 500.0 405504
1783657110575 500.0 407552
1783657111383 500.0 409600
1783657112188 500.0 411648
1783657113178 500.0 413696
1783657114079 500.0 415744
1783657114937 500.0 417792
1783657115809 500.0 419840
1783657116713 500.0 421888
1783657117529 500.0 423936
1783657118308 500.0 425984
1783657119188 500.0 428032
1783657120095 500.0 430080
1783657120933 500.0 432128
1783657121714 500.0 434176
1783657122624 500.0 436224
1783657123464 500.0 438272
1783657124259 500.0 440320
1783657125271 500.0 442368
1783657126110 500.0 444416
1783657126974 500.0 446464
1783657127926 500.0 448512
1783657128910 500.0 450560
1783657129913 500.0 452608
1783657130958 500.0 454656
1783657131774 500.0 456704
1783657132575 500.0 458752
1783657133566 500.0 460800
1783657134476 500.0 462848
1783657135300 500.0 464896
1783657136135 500.0 466944
1783657137128 500.0 468992
1783657138015 500.0 471040
1783657138834 500.0 473088
1783657139637 500.0 475136
1783657140615 500.0 477184
1783657141487 500.0 479232
1783657142359 500.0 481280
1783657143356 500.0 483328
1783657144311 500.0 485376
1783657145299 500.0 487424
1783657146257 500.0 489472
1783657147352 500.0 491520
1783657148340 500.0 493568
1783657149362 500.0 495616
1783657150337 500.0 497664
1783657151172 500.0 499712
1783657151959 500.0 501760
1783657153016 500.0 503808
1783657153971 500.0 505856
1783657154914 500.0 507904
1783657155719 500.0 509952
1783657156666 500.0 512000
1783657157702 500.0 514048
1783657158698 500.0 516096
1783657159751 500.0 518144
1783657160673 500.0 520192
1783657161556 500.0 522240
1783657162552 500.0 524288
1783657163458 500.0 526336
1783657164339 500.0 528384
1783657165272 500.0 530432
1783657166136 500.0 532480
1783657167069 500.0 534528
1783657168028 500.0 536576
1783657168844 500.0 538624
1783657169806 500.0 540672
1783657170722 500.0 542720
1783657171509 500.0 544768
1783657172476 500.0 546816
1783657173486 500.0 548864
1783657174471 500.0 550912
1783657175367 500.0 552960
1783657176182 500.0 555008
1783657177168 500.0 557056
1783657178099 500.0 559104
1783657178963 500.0 561152
1783657179967 500.0 563200
1783657180985 500.0 565248
1783657181952 500.0 567296
1783657182965 500.0 569344
1783657183952 500.0 571392
1783657184742 500.0 573440
1783657185842 500.0 575488
1783657186774 500.0 577536
1783657187756 500.0 579584
1783657188735 500.0 581632
1783657189555 500.0 583680
1783657190471 500.0 585728
1783657191435 500.0 587776
1783657192282 500.0 589824
1783657193280 500.0 591872
1783657194299 500.0 593920
1783657195156 500.0 595968
1783657196209 500.0 598016
1783657197126 500.0 600064
1783657198067 500.0 602112
1783657199112 500.0 604160
1783657200029 500.0 606208
1783657201014 500.0 608256
1783657202028 500.0 610304
1783657202898 500.0 612352
1783657203954 500.0 614400
1783657204761 500.0 616448
1783657205707 500.0 618496
1783657206683 500.0 620544
1783657207705 500.0 622592
1783657208695 500.0 624640
1783657209626 500.0 626688
1783657210579 500.0 628736
1783657211565 500.0 630784
1783657212450 500.0 632832
1783657213449 500.0 634880
1783657214474 500.0 636928
1783657215499 500.0 638976
1783657216287 500.0 641024
1783657217269 500.0 643072
1783657218153 500.0 645120
1783657218995 500.0 647168
1783657219970 500.0 649216
1783657220945 500.0 651264
1783657221954 500.0 653312
1783657222970 500.0 655360
1783657223845 500.0 657408
1783657224883 500.0 659456
1783657225861 500.0 661504
1783657226796 500.0 663552
1783657227811 500.0 665600
1783657228783 500.0 667648
1783657229699 500.0 669696
1783657230704 500.0 671744
1783657231649 500.0 673792
1783657232621 500.0 675840
1783657233658 500.0 677888
1783657234654 500.0 679936
1783657235443 500.0 681984
1783657236377 500.0 684032
1783657237408 500.0 686080
1783657238261 500.0 688128
1783657239137 500.0 690176
1783657240093 500.0 692224
1783657241094 500.0 694272
1783657242069 500.0 696320
1783657243035 500.0 698368
1783657244047 500.0 700416
1783657244966 500.0 702464
1783657245978 500.0 704512
1783657246916 500.0 706560
1783657247832 500.0 708608
1783657248810 500.0 710656
1783657249800 500.0 712704
1783657250737 500.0 714752
1783657251789 500.0 716800
1783657252780 500.0 718848
1783657253559 500.0 720896
1783657254533 500.0 722944
1783657255556 500.0 724992
1783657256470 500.0 727040
1783657257449 500.0 729088
1783657258479 500.0 731136
1783657259475 500.0 733184
1783657260510 500.0 735232
1783657261466 500.0 737280
1783657262484 500.0 739328
1783657263237 500.0 741376
1783657264029 500.0 743424
1783657264987 500.0 745472
1783657265878 500.0 747520
1783657266629 500.0 749568
1783657267415 500.0 751616
1783657268189 500.0 753664
1783657268963 500.0 755712
1783657269882 500.0 757760
1783657270667 500.0 759808
1783657271429 500.0 761856
1783657272412 500.0 763904
1783657273192 500.0 765952
1783657274001 500.0 768000
1783657274937 500.0 770048
1783657275786 500.0 772096
1783657276609 500.0 774144
1783657277521 500.0 776192
1783657278502 500.0 778240
1783657279359 500.0 780288
1783657280135 500.0 782336
1783657280914 500.0 784384
1783657281761 500.0 786432
1783657282555 500.0 788480
1783657283327 500.0 790528
1783657284202 500.0 792576
1783657285073 500.0 794624
1783657285846 500.0 796672
1783657286839 500.0 798720
1783657287710 500.0 800768
1783657288547 500.0 802816
1783657289330 500.0 804864
1783657290312 500.0 806912
1783657291236 500.0 808960
1783657292051 500.0 811008
1783657292888 500.0 813056
1783657293857 500.0 815104
1783657294811 500.0 817152
1783657295650 500.0 819200
1783657296451 500.0 821248
1783657297266 500.0 823296
1783657298260 500.0 825344
1783657299077 500.0 827392
1783657299904 500.0 829440
1783657300683 500.0 831488
1783657301630 500.0 833536
1783657302529 500.0 835584
1783657303500 500.0 837632
1783657304355 500.0 839680
1783657305318 500.0 841728
1783657306254 500.0 843776
1783657307035 500.0 845824
1783657307856 500.0 847872
1783657308861 500.0 849920
1783657309831 500.0 851968
1783657310751 500.0 854016
1783657311518 500.0 856064
1783657312337 500.0 858112
1783657313253 500.0 860160
1783657314126 500.0 862208
1783657314927 500.0 864256
1783657315749 500.0 866304
1783657316648 500.0 868352
1783657317494 500.0 870400
1783657318252 500.0 872448
1783657319232 500.0 874496
1783657320204 500.0 876544
1783657321087 500.0 878592
1783657321889 500.0 880640
1783657322774 500.0 882688
1783657323701 500.0 884736
1783657324529 500.0 886784
1783657325452 500.0 888832
1783657326217 500.0 890880
1783657327163 500.0 892928
1783657327999 500.0 894976
1783657328778 500.0 897024
1783657329798 500.0 899072
1783657330763 500.0 901120
1783657331641 500.0 903168
1783657332497 500.0 905216
1783657333279 500.0 907264
1783657334204 500.0 909312
1783657335021 500.0 911360
1783657335807 500.0 913408
1783657336820 500.0 915456
1783657337799 500.0 917504
1783657338734 500.0 919552
1783657339524 500.0 921600
1783657340311 500.0 923648
1783657341253 500.0 925696
1783657342072 500.0 927744
1783657342963 500.0 929792
1783657343751 500.0 931840
1783657344693 500.0 933888
1783657345493 500.0 935936
1783657346288 500.0 937984
1783657347318 500.0 940032
1783657348265 500.0 942080
1783657349069 500.0 944128
1783657349860 500.0 946176
1783657350866 500.0 948224
1783657351818 500.0 950272
1783657352695 500.0 952320
1783657353510 500.0 954368
1783657354298 500.0 956416
1783657355179 500.0 958464
1783657355981 500.0 960512
1783657356807 500.0 962560
1783657357829 500.0 964608
1783657358808 500.0 966656
1783657359737 500.0 968704
1783657360541 500.0 970752
1783657361332 500.0 972800
1783657362284 500.0 974848
1783657363279 500.0 976896
1783657364106 500.0 978944
1783657364891 500.0 980992
1783657365881 500.0 983040
1783657366850 500.0 985088
1783657367774 500.0 987136
1783657368582 500.0 989184
1783657369406 500.0 991232
1783657370359 500.0 993280
1783657371189 500.0 995328
1783657371999 500.0 997376
1783657373014 500.0 999424
1783657373959 500.0 1001472
