1783636467878 -166.79105189999999 2048
1783636474542 -156.53308895 4096
1783636476004 -190.89773965 6144
1783636477120 -208.60608145 8192
1783636478304 -177.10271255 10240
1783636479308 -178.22485799999998 12288
1783636480522 -146.45579560000002 14336
1783636481570 -148.75549049999998 16384
1783636482552 -186.73618560000003 18432
1783636483708 -151.52469455 20480
1783636484644 -163.3008611 22528
1783636485562 -138.444985 24576
1783636486692 -133.99908805 26624
1783636487808 -178.70734800000002 28672
1783636488910 -143.83648125000002 30720
1783636489959 -133.68884015 32768
1783636491063 -155.11139644999997 34816
1783636492259 -138.83709525 36864
1783636493382 -137.37728124999998 38912
1783636494388 -120.06724985000001 40960
1783636495502 -100.64550345 43008
1783636496457 -74.78292435 45056
1783636497371 -92.8462292 47104
1783636498333 -68.9585647 49152
1783636499471 -56.237535550000004 51200
1783636500674 -73.26255509999999 53248
1783636501770 -74.32005280000001 55296
1783636502908 -54.74537264999999 57344
1783636503991 -77.37096165 59392
1783636505384 -68.83151775 61440
1783636510150 -60.73616654999999 63488
1783636512749 -46.09996780000001 65536
1783636513874 -49.069156250000006 67584
1783636520787 -47.812170949999995 69632
1783636527957 -63.03395815000001 71680
1783636532791 -47.47668985 73728
1783636533932 -46.97274224999999 75776
1783636540468 -21.217854449999997 77824
1783636547868 -34.98637 79872
1783636555236 -7.126907899999997 81920
1783636562479 -10.20938825 83968
1783636569783 -0.31415170000000137 86016
1783636577081 10.674282799999997 88064
1783636584466 4.78852215 90112
1783636591744 13.189900649999998 92160
1783636599009 -3.4100407000000006 94208
1783636606644 -9.286116000000002 96256
1783636613825 -10.525373650000002 98304
1783636621240 0.37839094999999967 100352
1783636628496 -6.1354745500000005 102400
1783636636369 -82.836107 104448
1783636638962 -106.30180409999998 106496
1783636643478 -130.2455128 108544
1783636650249 -135.16690035000002 110592
1783636655573 -138.55620100000002 112640
1783636660161 -156.51918154999998 114688
1783636665542 -161.06416835 116736
1783636673287 -97.93520114999998 118784
1783636680960 -89.64052924999999 120832
1783636687790 -76.05900725 122880
1783636692881 -63.21795300000001 124928
1783636698172 -67.94821509999998 126976
1783636703155 -54.949514350000015 129024
1783636708510 -54.12680714999999 131072
1783636713289 -51.69040055000001 133120
1783636718233 -52.19037625 135168
1783636722977 -54.6508492 137216
1783636727753 -61.49291810000001 139264
1783636733291 -66.34917270000001 141312
1783636738027 -75.44579475 143360
1783636742010 -66.91402885 145408
1783636743120 -72.83759649999999 147456
1783636750652 -72.76029679999999 149504
1783636758086 -72.0535743 151552
1783636765703 -72.23567175000001 153600
1783636773368 -63.73678850000001 155648
1783636780951 -58.381329900000004 157696
1783636788243 -57.64214944999999 159744
1783636795142 -56.912102700000005 161792
1783636796200 -55.9193968 163840
1783636797254 -52.87850729999999 165888
1783636798316 -42.37990789999999 167936
1783636799382 -42.63285895 169984
1783636804411 -32.973251299999994 172032
1783636809164 -14.858537649999993 174080
1783636813942 -9.1311553 176128
1783636819087 -5.521841799999999 178176
1783636823921 4.895466900000002 180224
1783636828483 10.4905414 182272
1783636835424 17.080458 184320
1783636842828 18.683822299999996 186368
1783636850260 22.193085949999997 188416
1783636857742 35.764540100000005 190464
1783636864642 44.10318805 192512
1783636870784 16.840758900000008 194560
1783636878115 27.750680400000004 196608
1783636885346 24.44210415 198656
1783636892812 18.08101535 200704
1783636900353 6.781040849999997 202752
1783636907804 2.852937949999999 204800
1783636915218 -6.092980000000002 206848
1783636922711 -5.021956799999996 208896
1783636929875 -18.980829149999998 210944
1783636937589 2.084292750000001 212992
1783636945175 -9.8762309 215040
1783636952732 -7.983419250000002 217088
1783636960463 3.5028553999999987 219136
1783636967819 12.80675325 221184
1783636975207 14.4276981 223232
1783636982549 13.322728649999998 225280
1783636990333 12.705878250000001 227328
1783636998477 18.362249800000004 229376
1783637005234 15.103863200000001 231424
1783637011600 22.761853450000004 233472
1783637018012 28.619700100000006 235520
1783637026455 24.952549050000002 237568
1783637032390 30.259236549999997 239616
1783637037791 24.759904549999995 241664
1783637042975 15.643128399999998 243712
1783637046628 13.81336395 245760
1783637049556 30.100565000000007 247808
1783637054418 33.33291 249856
1783637059494 35.394487549999994 251904
1783637064441 39.337179449999994 253952
1783637069614 37.02752209999999 256000
1783637074560 31.55608919999999 258048
1783637079565 32.439244 260096
1783637084356 53.01423525 262144
1783637089149 55.589805 264192
1783637095887 46.65999295 266240
1783637100913 38.902772950000006 268288
1783637107011 39.2528815 270336
1783637111671 45.33894085000001 272384
1783637116568 34.15404040000001 274432
1783637121658 34.551514399999995 276480
1783637127089 14.108129349999995 278528
1783637132172 21.3218853 280576
1783637137012 36.69200135 282624
1783637142124 41.280643749999996 284672
1783637146940 42.328699 286720
1783637152278 48.01321125 288768
1783637157119 62.02138679999998 290816
1783637162491 71.27406284999999 292864
1783637167308 67.59259370000001 294912
1783637172133 59.368427499999996 296960
1783637177511 26.117077549999998 299008
1783637183725 8.74921125 301056
1783637188969 -3.362987799999999 303104
1783637192577 -18.42385895 305152
1783637194223 -50.7295345 307200
1783637199294 -46.56130319999998 309248
1783637204418 -47.87563185 311296
1783637209659 -46.30274535000001 313344
1783637214921 -19.626921250000002 315392
1783637219999 -19.6899369 317440
1783637227678 8.525760849999994 319488
1783637235084 12.671008849999996 321536
1783637242533 29.088426499999997 323584
1783637249839 30.406719849999995 325632
1783637257121 34.47505604999999 327680
1783637264161 39.790304400000004 329728
1783637268293 33.3452372 331776
1783637269416 37.6501592 333824
1783637270456 19.554064150000006 335872
1783637271596 31.167398099999996 337920
1783637272680 17.8351946 339968
1783637273833 27.067089199999998 342016
1783637278065 39.277376 344064
1783637283406 38.94045375 346112
1783637291088 42.75613990000001 348160
1783637298758 45.68937625000001 350208
1783637306685 42.9493159 352256
1783637314475 48.453860800000015 354304
1783637322202 57.5798363 356352
1783637330154 50.38065730000001 358400
1783637337892 24.236891399999998 360448
1783637345643 38.06119085 362496
1783637351175 26.99180535 364544
1783637354216 14.04485545 366592
1783637361849 4.841474399999998 368640
1783637369249 -16.281091600000003 370688
1783637372049 -11.752554900000002 372736
1783637376839 6.891374199999997 374784
1783637384218 -9.74781695 376832
1783637391628 -16.01157525 378880
1783637399182 -2.5383060500000014 380928
1783637406625 2.1957541999999988 382976
1783637413918 12.533191400000005 385024
1783637421321 -14.91281755 387072
1783637428778 -5.082965800000002 389120
1783637436336 -12.41227545 391168
1783637443627 4.17528625 393216
1783637451494 -24.06730125 395264
1783637458998 4.631210999999999 397312
1783637466503 -11.087469599999995 399360
1783637473907 -0.915808299999999 401408
1783637481268 -7.731146949999996 403456
1783637488686 -11.669594750000002 405504
1783637495996 15.137708650000002 407552
1783637503566 6.039533500000003 409600
1783637511008 11.20295625 411648
1783637518463 17.95777135 413696
1783637525712 -0.21375684999999578 415744
1783637529108 -30.3248338 417792
1783637530184 -31.664297299999998 419840
1783637536223 -24.091359649999998 421888
1783637543432 -13.62398315 423936
1783637550946 -21.847154699999997 425984
1783637558412 -19.7233921 428032
1783637565953 5.179322799999997 430080
1783637571634 5.410427900000002 432128
1783637572754 23.482840799999998 434176
1783637573776 25.408774600000005 436224
1783637574811 3.0024045000000017 438272
1783637576044 23.716476250000007 440320
1783637577111 -1.2106930499999975 442368
1783637578190 -12.955176699999999 444416
1783637579373 -27.376092300000003 446464
1783637580825 -15.647936600000003 448512
1783637586189 -1.7062922 450560
1783637593593 -11.995942900000006 452608
1783637600963 16.178873099999997 454656
1783637608462 41.1403703 456704
1783637616027 54.2022919 458752
1783637623584 33.03122315 460800
1783637631213 13.781235300000002 462848
1783637638912 -13.487246600000002 464896
1783637643346 0.5712034499999967 466944
1783637644408 0.6768768499999964 468992
1783637645465 5.354682249999998 471040
1783637646567 5.890965099999995 473088
1783637647970 27.316950600000002 475136
1783637654135 36.75052999999999 477184
1783637660426 32.020196199999994 479232
1783637668279 38.8762384 481280
1783637676098 18.363198249999993 483328
1783637683548 14.171024699999998 485376
1783637690997 23.89493375 487424
1783637698413 42.189125849999996 489472
1783637706004 28.121135899999995 491520
1783637713417 13.078262050000001 493568
1783637721103 22.16091725 495616
1783637728927 17.56251005 497664
1783637734559 33.00673325 499712
1783637737732 41.8688135 501760
1783637740681 33.21961365 503808
1783637741802 53.18920149999999 505856
1783637742942 48.17692905 507904
1783637743980 53.19059379999999 509952
1783637744925 43.5647603 512000
1783637745990 36.78420775 514048
1783637747195 16.101067099999998 516096
1783637748372 36.153033300000004 518144
1783637749453 7.032005049999995 520192
1783637750627 12.152482599999999 522240
1783637751673 22.076525600000004 524288
1783637753247 15.119939650000001 526336
1783637760415 29.5218013 528384
1783637767878 20.767786749999996 530432
1783637773431 22.613005550000004 532480
1783637774517 8.589462400000006 534528
1783637775591 14.680122050000003 536576
1783637776669 -9.0751685 538624
1783637777610 -22.709922350000006 540672
1783637778640 -21.048823349999996 542720
1783637779699 -8.909650550000002 544768
1783637780609 3.879076450000001 546816
1783637781672 -17.611950200000003 548864
1783637782825 3.922663450000001 550912
1783637783876 -4.1189179000000005 552960
1783637789528 5.089224499999996 555008
1783637797218 11.171693599999998 557056
1783637805219 5.919307799999999 559104
1783637812745 24.53239795 561152
1783637820413 13.725722350000007 563200
1783637827604 30.2020641 565248
1783637834896 17.19108895 567296
1783637839617 -13.264486549999997 569344
1783637847215 -3.071459349999998 571392
1783637854713 -1.3262229499999947 573440
1783637862196 2.505894350000003 575488
1783637869421 -22.6416503 577536
1783637876921 -15.9621511 579584
1783637884256 -14.660041349999997 581632
1783637891765 -14.086294950000001 583680
1783637899101 -33.1023753 585728
1783637906536 -52.5054883 587776
1783637914017 -28.116264 589824
1783637921566 -21.207363049999998 591872
1783637929187 3.4234016999999994 593920
1783637936545 -3.4173596500000043 595968
1783637943708 -12.729511000000008 598016
1783637951000 20.05106695 600064
1783637958353 -0.09881010000000963 602112
1783637965890 5.420263549999997 604160
1783637973476 5.302111350000002 606208
1783637981092 36.26467145000001 608256
1783637988691 21.86308365 610304
1783637996162 34.3254553 612352
1783637997512 25.81064295 614400
1783637998596 28.03276075 616448
1783637999647 14.151790700000001 618496
1783638000764 1.7631872500000014 620544
1783638001890 8.748189100000003 622592
1783638002929 28.94273915 624640
1783638005489 18.891463149999996 626688
1783638006599 48.371287800000005 628736
1783638007597 29.677910999999995 630784
1783638008701 20.2698497 632832
1783638009756 30.263804300000004 634880
1783638010924 36.4102932 636928
1783638012042 16.832100100000005 638976
1783638013179 19.220897250000004 641024
1783638014298 46.1290163 643072
1783638017939 60.79706465 645120
1783638020807 68.35356750000001 647168
1783638021901 55.03963645 649216
1783638023152 78.75464704999999 651264
1783638024231 92.03533240000002 653312
1783638025437 76.07913574999999 655360
1783638026636 61.34923635 657408
1783638027819 68.87939485 659456
1783638028957 52.30868410000001 661504
1783638032671 74.68377565 663552
1783638038130 65.26463070000001 665600
1783638041040 66.6568126 667648
1783638042157 85.05390324999998 669696
1783638043220 87.4292851 671744
1783638044378 51.76818695000001 673792
1783638045483 42.44687435 675840
1783638046523 28.799152499999998 677888
1783638047584 18.4332311 679936
1783638048791 7.4891844500000015 681984
1783638049827 3.157698650000003 684032
1783638050987 27.9612284 686080
1783638052082 45.508493650000005 688128
1783638053340 47.823876 690176
1783638054422 27.646175999999997 692224
1783638055439 52.31630674999999 694272
1783638056556 36.2428268 696320
1783638057648 23.750247350000006 698368
1783638058754 34.34979585000001 700416
1783638059936 57.57686285 702464
1783638061086 65.42098145 704512
1783638062276 64.2323709 706560
1783638063373 70.22750515 708608
1783638064537 70.1294093 710656
1783638065597 56.00805500000001 712704
1783638066721 43.0760451 714752
1783638067723 25.5612967 716800
1783638068744 17.19220595 718848
1783638069791 -0.24763435000000059 720896
1783638070829 -13.586643800000004 722944
1783638071833 1.9951871999999966 724992
1783638072946 4.238924499999994 727040
1783638073960 5.177891849999995 729088
1783638074966 3.186969849999998 731136
1783638076063 6.582395949999996 733184
1783638077265 30.679011249999995 735232
1783638078339 24.3968341 737280
1783638079502 4.319587800000001 739328
1783638084891 30.969188250000002 741376
1783638089314 30.162022150000002 743424
1783638091733 46.26337365 745472
1783638092807 32.9472097 747520
1783638093857 58.41474149999999 749568
1783638094859 74.4723062 751616
1783638095872 72.85049914999999 753664
1783638101289 98.02435605 755712
1783638106598 91.45733934999998 757760
1783638112562 96.87764829999999 759808
1783638115443 74.48123705 761856
1783638120201 68.32483934999999 763904
1783638124932 62.83114035 765952
1783638132118 59.997834149999996 768000
1783638138250 83.63319274999999 770048
1783638144109 96.42942165 772096
1783638150376 110.39003840000001 774144
1783638155854 121.69621905 776192
1783638161208 125.29331935 778240
1783638166109 120.74231825 780288
1783638171052 102.08041829999999 782336
1783638177633 96.72491439999999 784384
1783638179771 84.88024730000001 786432
1783638183394 45.17522195 788480
1783638189609 34.91827065 790528
1783638191319 35.6785747 792576
1783638192552 9.374006149999996 794624
1783638193789 3.8317747499999975 796672
1783638195235 15.611989949999998 798720
1783638196565 16.282749799999998 800768
1783638198033 22.597126399999997 802816
1783638199386 39.52910015 804864
1783638200688 39.23444744999999 806912
1783638202023 42.57912375 808960
1783638203431 31.30988165 811008
1783638204854 36.1961566 813056
1783638206259 2.7308053499999985 815104
1783638207511 25.449892950000002 817152
1783638208844 34.76541105 819200
1783638210177 77.99084015000001 821248
1783638211531 85.97083975000001 823296
1783638212959 78.93366185 825344
1783638214983 79.22918740000001 827392
1783638220551 62.446249449999996 829440
1783638225881 37.91675179999999 831488
1783638230789 21.311393049999996 833536
1783638233800 5.428472350000001 835584
1783638236079 24.987314249999994 837632
1783638242278 21.713225049999995 839680
1783638248389 32.322407999999996 841728
1783638249763 38.65939685 843776
1783638251170 54.9184976 845824
1783638252446 46.418611 847872
1783638253888 56.5317701 849920
1783638255402 41.7110281 851968
1783638256949 16.384659750000004 854016
1783638258938 23.710173500000003 856064
1783638266136 32.059158499999995 858112
1783638272821 43.8339872 860160
1783638274317 46.53555685 862208
1783638280952 34.3980922 864256
1783638284321 18.7176263 866304
1783638285587 27.98010855 868352
1783638286817 56.79461619999999 870400
1783638288205 55.822222 872448
1783638289524 32.347865600000006 874496
1783638290892 22.775172650000002 876544
1783638292299 16.194531599999998 878592
1783638293583 40.723640350000004 880640
1783638294994 75.3763616 882688
1783638296381 71.39265325 884736
1783638297818 86.6655585 886784
1783638299136 87.29414125000001 888832
1783638300408 53.09998405 890880
1783638301751 56.039384450000014 892928
1783638303130 14.866850099999999 894976
1783638304453 22.375899749999995 897024
1783638305809 19.7341226 899072
1783638307226 51.242001099999996 901120
1783638308646 17.3716827 903168
1783638310152 24.804127349999998 905216
1783638311457 26.022724949999997 907264
1783638312913 30.600075900000007 909312
1783638314298 16.53796275 911360
1783638315715 44.575907050000005 913408
1783638317060 44.19013940000001 915456
1783638318501 47.9523993 917504
1783638319940 45.22271545 919552
1783638324349 28.7887448 921600
1783638328124 33.836232 923648
1783638333174 23.83552145 925696
1783638338288 28.598992099999997 927744
1783638342587 19.06480995 929792
1783638344166 -9.255820049999997 931840
1783638347267 9.485965300000005 933888
1783638349511 16.018289850000006 935936
