1783697481491 1.3850593008100986 2048
1783697489519 1.3826147094368935 4096
1783697497596 1.3715457152575254 6144
1783697505891 1.3732059421017766 8192
1783697513863 1.361075178720057 10240
1783697522280 1.3505438333377242 12288
1783697530272 1.3377412157133222 14336
1783697538347 1.3349648527801037 16384
1783697546127 1.317860939539969 18432
1783697554256 1.2912117885425687 20480
1783697562191 1.2921059122309089 22528
1783697565995 1.2695177160203457 24576
1783697567048 1.2648155018687248 26624
1783697568070 1.2683624001219869 28672
1783697569184 1.2624942576512694 30720
1783697570258 1.2720277542248368 32768
1783697571431 1.1831440646201372 34816
1783697572590 1.1724839890375733 36864
1783697573850 1.2105610510334373 38912
1783697575129 1.1733476324006915 40960
1783697576309 1.2499006232246757 43008
1783697577597 1.1669507855549455 45056
1783697578733 1.1889688894152641 47104
1783697579890 1.2262222561985254 49152
1783697581028 1.167601827532053 51200
1783697582182 1.1186471981927752 53248
1783697583359 1.098257469944656 55296
1783697584639 1.154441861435771 57344
1783697585803 1.0752428779378533 59392
1783697586989 1.12350953835994 61440
1783697592878 1.0491867838427424 63488
1783697598840 1.071172021329403 65536
1783697601003 1.0777497868984938 67584
1783697601914 0.9863288728520274 69632
1783697602864 1.1367383236065507 71680
1783697604028 1.181036981754005 73728
1783697605238 1.064340541139245 75776
1783697606421 1.0712142866104841 77824
1783697607678 1.091059872880578 79872
1783697608968 1.0932742739096284 81920
1783697610256 1.0934828156605363 83968
1783697611457 1.0913684405386448 86016
1783697612678 1.0506897326558828 88064
1783697613876 1.0399307305924594 90112
1783697615109 1.0523035498335958 92160
1783697616371 0.872483710758388 94208
1783697617575 0.9902657992206514 96256
1783697618867 0.957764754537493 98304
1783697620140 0.9432137059047818 100352
1783697621363 0.9443701081909239 102400
1783697622708 1.0654605594463646 104448
1783697623952 0.9697897555306554 106496
1783697625199 1.0102592296898365 108544
1783697626426 0.9746478325687349 110592
1783697627635 1.0831292839720845 112640
1783697628801 1.0324510405771434 114688
1783697629928 0.930921240709722 116736
1783697631098 1.003926804754883 118784
1783697632369 0.8258119518868625 120832
1783697633580 0.8752684462815523 122880
1783697634828 0.8610162297263741 124928
1783697636066 0.8944171303883195 126976
1783697637316 0.9185567181557417 129024
1783697638635 0.8359219571575522 131072
1783697639862 0.8747707917355001 133120
1783697641116 0.8596398863010108 135168
1783697642720 0.9252527789212763 137216
1783697644325 0.91645886329934 139264
1783697650863 0.8515230254270136 141312
1783697653933 0.962180694565177 143360
1783697654891 0.8426880105398595 145408
1783697655840 0.8877025162801147 147456
1783697657127 0.6737985406070948 149504
1783697660082 0.9219166319817305 151552
1783697666077 0.8779403436928988 153600
1783697671039 0.8563468055799603 155648
1783697679165 0.9463809905573726 157696
1783697686569 0.7726391199976206 159744
1783697687630 0.8813571464270353 161792
1783697688587 0.7943433704786003 163840
1783697689746 0.8855850961990654 165888
1783697690960 0.8088861950673163 167936
1783697692228 0.9724556864239275 169984
1783697693471 0.8413244099356234 172032
1783697694688 0.7571204067207873 174080
1783697695958 0.838819473516196 176128
1783697697155 0.8728120848536491 178176
1783697698377 0.8466115230694413 180224
1783697699593 0.8380547971464694 182272
1783697700725 0.8368030907586217 184320
1783697701870 0.8435648758895695 186368
1783697703057 0.7719693467952311 188416
1783697704285 0.8725846139714122 190464
1783697705493 0.838073265273124 192512
1783697706683 0.8893634807318449 194560
1783697707880 0.7980136447586119 196608
1783697708808 0.8325816676951945 198656
1783697709828 0.7810956006869674 200704
1783697710811 0.8663890650495887 202752
1783697711841 0.9010541727766395 204800
1783697712862 0.8848888287320733 206848
1783697713999 0.7848843154497445 208896
1783697715099 0.8224222376011312 210944
1783697716238 0.8931479584425688 212992
1783697717314 0.8049014937132597 215040
1783697718437 0.9052437809295952 217088
1783697719639 0.7973707932978868 219136
1783697720801 0.8574700020253658 221184
1783697721937 0.7800694759935141 223232
1783697723172 0.8554811868816614 225280
1783697724387 0.8326957253739238 227328
1783697725539 0.7171883690170944 229376
1783697726621 0.8484585108235478 231424
1783697727866 0.828544600866735 233472
1783697728941 0.8231445122510195 235520
1783697729965 0.8438640763051808 237568
1783697731033 0.7926358403638005 239616
1783697732043 0.752634041942656 241664
1783697733160 0.8636348824948072 243712
1783697734190 0.5822468409314752 245760
1783697736627 0.7630998925305903 247808
1783697744374 0.7907095476984978 249856
1783697751876 0.8235867139883339 251904
1783697760149 0.7234744541347027 253952
1783697768690 0.8555049663409591 256000
1783697777119 0.7154178791679442 258048
1783697785434 0.805141840595752 260096
1783697794147 0.6460765688680112 262144
1783697802602 0.8414573511108756 264192
1783697811307 0.8444014950655401 266240
1783697819997 0.8423042856156826 268288
1783697828324 0.833531423471868 270336
1783697837021 0.8553485106676817 272384
1783697845298 0.8214032403193414 274432
1783697853847 0.8039286895655096 276480
1783697862081 0.6813579816371202 278528
1783697870707 0.8083457490429282 280576
1783697879023 0.73368707485497 282624
1783697887292 0.8447309224866331 284672
1783697895886 0.7307657492347062 286720
1783697903013 0.8001813301816583 288768
1783697908225 0.7314699008129537 290816
1783697916035 0.7301151379942894 292864
1783697922827 0.7528235628269613 294912
1783697923875 0.8029867615550756 296960
1783697929407 0.8357913964428008 299008
1783697937599 0.8403586577624083 301056
1783697945946 0.6832729517482221 303104
1783697953440 0.7605354874394834 305152
1783697961661 0.789538795594126 307200
1783697969007 0.7018710533156991 309248
1783697976610 0.7728625582531095 311296
1783697985294 0.8787788785994053 313344
1783697992982 0.8192401872947812 315392
1783697999812 0.7682913481257856 317440
1783698006208 0.7915487000718713 319488
1783698014285 0.7930513177998364 321536
1783698022520 0.8687554881908 323584
1783698030446 0.8293359405361116 325632
1783698038672 0.7581305732019246 327680
1783698047303 0.7022236660122871 329728
1783698055032 0.8559189680963755 331776
1783698062631 0.8683833475224674 333824
1783698070694 0.8135391948744655 335872
1783698078837 0.8649981468915939 337920
1783698085429 0.706721318885684 339968
1783698093647 0.8205568832345307 342016
1783698101605 0.721015996299684 344064
1783698109847 0.8581557362340391 346112
1783698117991 0.7009627232328057 348160
1783698126102 0.8044094759970903 350208
1783698134149 0.749448352959007 352256
1783698142089 0.7984105702489614 354304
1783698145856 0.865634395275265 356352
1783698149464 0.8442724673077464 358400
1783698155959 0.85983961308375 360448
1783698164132 0.7708448995836079 362496
1783698172229 0.8377025462687016 364544
1783698180461 0.6668538311496377 366592
1783698189131 0.834277143701911 368640
1783698197406 0.8113621775992215 370688
1783698205816 0.8698549927212298 372736
1783698214021 0.8375060162506998 374784
1783698222494 0.7124758786521852 376832
1783698230737 0.8193568419665098 378880
1783698239323 0.7482626135461032 380928
1783698247271 0.951856276486069 382976
1783698255733 0.8831009548157454 385024
1783698264113 0.8672757796011865 387072
1783698272634 0.7912658359855413 389120
1783698281071 0.7905062772333622 391168
1783698289377 0.7922500092536211 393216
1783698297839 0.7575239767320454 395264
1783698305945 0.8559669102542102 397312
1783698314374 0.9186748336069286 399360
1783698322560 0.7451849533244967 401408
1783698330888 0.7784504918381572 403456
1783698339168 0.8245170302689075 405504
1783698347561 0.8686331678181887 407552
1783698355458 0.8643103605136275 409600
1783698363825 0.8721313835121691 411648
1783698371991 0.956471050158143 413696
1783698380534 0.9083339660428464 415744
1783698388676 0.6789747239090502 417792
1783698396493 0.7976615149527788 419840
1783698404802 0.7746417908929288 421888
1783698413161 0.8094378877431154 423936
1783698421676 0.9063207544386387 425984
1783698429157 0.8556858180090785 428032
1783698436926 0.8019482190720737 430080
1783698444902 0.8175118900835514 432128
1783698452611 0.8452946986071765 434176
1783698460434 0.8127750372514129 436224
1783698467729 0.8038929188624024 438272
1783698475912 0.7642300548031926 440320
1783698483518 0.8144948044791818 442368
1783698490454 0.8017174261622131 444416
1783698498311 0.8727579209953547 446464
1783698504645 0.7470176708884537 448512
1783698511941 0.8048994238488376 450560
1783698519576 0.7466092342510819 452608
1783698527487 0.8659749664366245 454656
1783698535416 0.7025021966546774 456704
1783698543335 0.8248600377701223 458752
1783698551639 0.72692701080814 460800
1783698559461 0.8093821792863309 462848
1783698567716 0.7873398722149432 464896
1783698575589 0.8553037978708744 466944
1783698582360 0.8162345876917243 468992
1783698590468 0.7009986727498472 471040
1783698595869 0.848920464515686 473088
1783698599357 0.7898690765723586 475136
1783698607723 0.6960380198433995 477184
1783698615920 0.7586870566010475 479232
1783698624261 0.7835147371515632 481280
1783698630288 0.8254525945521891 483328
1783698638603 0.7236632937565446 485376
1783698646679 0.7610101257450879 487424
1783698654945 0.8287878734990954 489472
1783698663097 0.8701756922528148 491520
1783698671646 0.8049978348426521 493568
1783698680395 0.6899662474170327 495616
1783698688672 0.7806972577236593 497664
1783698697082 0.7220255243591964 499712
1783698705246 0.7926050005480647 501760
1783698713892 0.7137747416272759 503808
1783698722129 0.8355375719256699 505856
1783698730790 0.7747801607474685 507904
1783698738927 0.78311867127195 509952
1783698747465 0.752217176835984 512000
1783698755982 0.7642774530686438 514048
1783698764667 0.7420542230829597 516096
1783698773501 0.7481023445725441 518144
1783698781703 0.8633232326246798 520192
1783698790199 0.8828491205349565 522240
1783698798656 0.838383280672133 524288
1783698807254 0.8195191170088947 526336
1783698815611 0.7402814631350338 528384
1783698824161 0.8630936765111983 530432
1783698832192 0.8608601805754006 532480
1783698838833 0.8071814491413534 534528
1783698846506 0.8023135997354984 536576
1783698854707 0.9044965165667236 538624
1783698863404 0.743018186185509 540672
1783698871678 0.8558960086666048 542720
1783698880248 0.8752143299207091 544768
1783698888519 0.8678445308469236 546816
1783698897306 0.8152635744772851 548864
1783698905285 0.7818260686472058 550912
1783698913537 0.7272420655936003 552960
1783698921406 0.7614961401559412 555008
1783698929521 0.7079949718900025 557056
1783698937458 0.8225269680842757 559104
1783698942341 0.8047414566390216 561152
1783698943298 0.7545604230836034 563200
1783698944266 0.8003275049850345 565248
1783698945295 0.7498432323336601 567296
1783698946339 0.786958945915103 569344
1783698947382 0.6622792552225292 571392
1783698948551 0.8170534493401647 573440
1783698949660 0.6882547298446298 575488
1783698952911 0.8163997512310743 577536
1783698960278 0.6736006936989725 579584
1783698966890 0.7577868439257145 581632
1783698974410 0.620430218288675 583680
1783698981609 0.7301223003305495 585728
1783698989852 0.7689296053722501 587776
1783698997828 0.763725196942687 589824
1783699005893 0.7092401464469731 591872
1783699013615 0.7252533766441047 593920
1783699021766 0.7485036039724946 595968
1783699029884 0.7860937090590596 598016
1783699038108 0.7707742187194526 600064
1783699046450 0.7794634932652116 602112
1783699054654 0.7871284089051187 604160
1783699063888 0.7368694948963821 606208
1783699070907 0.6824511829763651 608256
1783699079382 0.7285827142186463 610304
1783699087691 0.7584262010641396 612352
1783699096159 0.7876645498909056 614400
1783699104283 0.7844263496808708 616448
1783699112745 0.7925603613257408 618496
1783699120779 0.7717038029804826 620544
1783699129013 0.7567762471735477 622592
1783699137425 0.7747053657658398 624640
1783699145465 0.7190833580680192 626688
1783699153915 0.7199551812373102 628736
1783699162118 0.7823995077051222 630784
1783699170659 0.6649195859208703 632832
1783699178802 0.7637788574211299 634880
1783699187245 0.7582365730777383 636928
1783699195528 0.8420904567465186 638976
1783699204020 0.7621971881017089 641024
1783699212447 0.7407726589590311 643072
1783699220658 0.6796394744887948 645120
1783699229007 0.6594503899104893 647168
1783699237298 0.7649029181338847 649216
1783699245793 0.6763325501233339 651264
1783699253819 0.6296721638645977 653312
1783699262434 0.7744361143559217 655360
1783699270667 0.5395654623862356 657408
1783699279220 0.7108090254478157 659456
1783699287461 0.7102908184751868 661504
1783699296014 0.7738295453600585 663552
1783699304345 0.7670527617447078 665600
1783699312735 0.7929645017720759 667648
1783699321289 0.815367553383112 669696
1783699329407 0.7827633009292185 671744
1783699337718 0.7784956526011229 673792
1783699346002 0.715873300563544 675840
1783699354640 0.6808728650212288 677888
1783699362712 0.7391282045282423 679936
1783699371209 0.6495735910721123 681984
1783699379572 0.8294159229844809 684032
1783699387912 0.7137096826918423 686080
1783699396009 0.8180712242610753 688128
1783699404132 0.7980123143643141 690176
1783699412194 0.7980567859485745 692224
1783699420007 0.7579632480628788 694272
1783699427488 0.720146385487169 696320
1783699435183 0.7445922228507698 698368
1783699443472 0.7239112933166325 700416
1783699451523 0.7415805235505104 702464
1783699459659 0.6993300351314247 704512
1783699467851 0.7335549695417285 706560
1783699475599 0.6936003239825368 708608
1783699483769 0.7563744024373591 710656
1783699491559 0.7629919834434986 712704
1783699499702 0.7913427287712693 714752
1783699507677 0.828761684242636 716800
1783699515984 0.7233173316344619 718848
1783699524465 0.7276215641759336 720896
1783699532584 0.709813239518553 722944
1783699540719 0.6435697050765157 724992
1783699548914 0.690946139395237 727040
1783699557245 0.7736330246552825 729088
1783699565314 0.7611593278124928 731136
1783699573771 0.6680861189961433 733184
1783699581799 0.7962003848515451 735232
1783699590219 0.7134102596901357 737280
1783699598370 0.7234624600969255 739328
1783699606758 0.8016567188315094 741376
1783699614751 0.6993489027954638 743424
1783699623156 0.7866866770200431 745472
1783699631771 0.7050854191184044 747520
1783699639865 0.8012770744971931 749568
1783699648323 0.708775170147419 751616
1783699656611 0.6821274743415415 753664
1783699665126 0.7829587683081627 755712
1783699673400 0.7586147258989513 757760
1783699682097 0.8009984926320612 759808
1783699689521 0.7598644183017313 761856
1783699690507 0.7049720901995897 763904
1783699691479 0.7370941513217986 765952
1783699692545 0.741068079136312 768000
1783699693521 0.8384921550750732 770048
1783699694544 0.711169274058193 772096
1783699695639 0.7002690201625228 774144
1783699696759 0.8377261739224195 776192
1783699697953 0.6697029573842883 778240
1783699699081 0.8231477360241115 780288
1783699700241 0.730497267562896 782336
1783699701415 0.717961483169347 784384
1783699702594 0.7950196238234639 786432
1783699703648 0.84753352496773 788480
1783699704600 0.696384722366929 790528
1783699705615 0.6690432578325272 792576
1783699706582 0.788517368491739 794624
1783699707701 0.7927918555215001 796672
1783699708738 0.6668685744516551 798720
1783699709833 0.7670838050544262 800768
1783699710789 0.6985377375967801 802816
1783699711923 0.6784146870486438 804864
1783699713061 0.666417264379561 806912
1783699714197 0.5490774142090231 808960
1783699715327 0.7216280475258827 811008
1783699716448 0.7109404681250453 813056
1783699717423 0.7244642139412463 815104
1783699718512 0.6897917632013559 817152
1783699719526 0.7615411602891982 819200
1783699720372 0.8715859674848616 821248
1783699721420 0.7761482843197882 823296
1783699722563 0.8066706592217088 825344
1783699724061 0.7731282850727439 827392
1783699731424 0.8257646588608623 829440
1783699735979 0.7549151200801134 831488
1783699743957 0.7543581393547356 833536
1783699752473 0.7456224337220192 835584
1783699760261 0.7799470536410809 837632
1783699768634 0.7512599593028426 839680
1783699776701 0.7519661369733512 841728
1783699785370 0.7120070522651076 843776
1783699793642 0.7186042764224112 845824
1783699802141 0.7435610224492848 847872
1783699810717 0.6811474887654185 849920
1783699818688 0.7357433093711734 851968
1783699827379 0.7033943245187402 854016
1783699835913 0.7651786762289703 856064
1783699844417 0.7554556969553232 858112
1783699852575 0.7193542988970876 860160
1783699861225 0.7154192612506449 862208
1783699869136 0.7907643406651914 864256
1783699877358 0.7088603815063834 866304
1783699884762 0.8192550498060882 868352
1783699892730 0.7947295331396163 870400
1783699900634 0.6703272101003677 872448
1783699908418 0.7866768212988973 874496
1783699916544 0.820740366820246 876544
1783699924401 0.6857444769702852 878592
1783699932780 0.6684000785462558 880640
1783699940430 0.7728491052985191 882688
1783699948517 0.7129809688776731 884736
1783699956471 0.7742419368587434 886784
1783699964702 0.6931368401274085 888832
1783699972628 0.7408783352002501 890880
1783699975400 0.7952400627546012 892928
1783699976379 0.7108831815421581 894976
1783699977358 0.747486820910126 897024
1783699979505 0.8402800327166915 899072
1783699980523 0.7571252472698689 901120
1783699981574 0.8193629463203251 903168
1783699983875 0.7405613572336733 905216
1783699986553 0.8126754160039127 907264
1783699993899 0.7997169364243746 909312
1783700002161 0.8038912834599614 911360
1783700010676 0.6651671128347516 913408
1783700018840 0.7889216006733477 915456
1783700027384 0.8081389805302024 917504
1783700035614 0.6297530932351947 919552
1783700044175 0.8458827063441277 921600
1783700052644 0.7552592004649341 923648
1783700061377 0.75486257718876 925696
1783700069488 0.7392813730984926 927744
1783700077872 0.8471343372948468 929792
1783700086419 0.7533710044808686 931840
1783700094612 0.7539884010329843 933888
1783700103362 0.7072079922072589 935936
1783700109709 0.8237282605841756 937984
1783700110676 0.8148181373253465 940032
1783700116655 0.7293677111156285 942080
1783700125065 0.7716194572858512 944128
1783700133300 0.7936280220746994 946176
1783700141661 0.8143816557712853 948224
1783700149817 0.7665504547767341 950272
1783700158341 0.7572954967617989 952320
1783700166584 0.6954898536205292 954368
1783700174864 0.5387573014013469 956416
1783700182728 0.8321489593945444 958464
1783700191216 0.8014870812185109 960512
1783700199358 0.7630336303263903 962560
1783700207943 0.744334259070456 964608
1783700216131 0.8021861687302589 966656
1783700224764 0.7770053152926266 968704
1783700233409 0.803729064296931 970752
1783700241668 0.675352550111711 972800
1783700250040 0.6691431207582355 974848
1783700258238 0.8069188548251987 976896
1783700267023 0.7528928052634001 978944
1783700275437 0.7957093608565629 980992
1783700283746 0.7556895092129707 983040
1783700291943 0.8214779738336802 985088
1783700300548 0.7254577879793942 987136
1783700309195 0.7683553625829518 989184
1783700317470 0.772265091072768 991232
1783700326211 0.7031887122429907 993280
1783700334495 0.7579149585217237 995328
1783700342998 0.7868549767881632 997376
1783700350929 0.6612037541344762 999424
1783700353059 0.7215907590256797 1000000
