1783697481491 249.0 2048
1783697489519 252.0 4096
1783697497596 252.0 6144
1783697505891 251.0 8192
1783697513863 252.0 10240
1783697522280 250.0 12288
1783697530272 251.0 14336
1783697538347 251.0 16384
1783697546127 253.0 18432
1783697554256 252.0 20480
1783697562191 253.0 22528
1783697565995 265.0 24576
1783697567048 283.0 26624
1783697568070 302.0 28672
1783697569184 320.0 30720
1783697570258 337.0 32768
1783697571431 354.0 34816
1783697572590 371.0 36864
1783697573850 386.0 38912
1783697575129 402.0 40960
1783697576309 417.0 43008
1783697577597 431.0 45056
1783697578733 446.0 47104
1783697579890 461.0 49152
1783697581028 475.0 51200
1783697582182 489.0 53248
1783697583359 502.0 55296
1783697584639 515.0 57344
1783697585803 527.0 59392
1783697586989 540.0 61440
1783697592878 530.0 63488
1783697598840 522.0 65536
1783697601003 529.0 67584
1783697601914 541.0 69632
1783697602864 553.0 71680
1783697604028 563.0 73728
1783697605238 574.0 75776
1783697606421 584.0 77824
1783697607678 594.0 79872
1783697608968 603.0 81920
1783697610256 613.0 83968
1783697611457 622.0 86016
1783697612678 631.0 88064
1783697613876 640.0 90112
1783697615109 649.0 92160
1783697616371 658.0 94208
1783697617575 667.0 96256
1783697618867 675.0 98304
1783697620140 683.0 100352
1783697621363 691.0 102400
1783697622708 699.0 104448
1783697623952 706.0 106496
1783697625199 714.0 108544
1783697626426 722.0 110592
1783697627635 729.0 112640
1783697628801 737.0 114688
1783697629928 745.0 116736
1783697631098 752.0 118784
1783697632369 759.0 120832
1783697633580 766.0 122880
1783697634828 773.0 124928
1783697636066 780.0 126976
1783697637316 786.0 129024
1783697638635 792.0 131072
1783697639862 799.0 133120
1783697641116 805.0 135168
1783697642720 809.0 137216
1783697644325 814.0 139264
1783697650863 795.0 141312
1783697653933 793.0 143360
1783697654891 800.0 145408
1783697655840 807.0 147456
1783697657127 813.0 149504
1783697660082 811.0 151552
1783697666077 796.0 153600
1783697671039 787.0 155648
1783697679165 765.0 157696
1783697686569 748.0 159744
1783697687630 754.0 161792
1783697688587 761.0 163840
1783697689746 766.0 165888
1783697690960 771.0 167936
1783697692228 776.0 169984
1783697693471 781.0 172032
1783697694688 786.0 174080
1783697695958 790.0 176128
1783697697155 795.0 178176
1783697698377 800.0 180224
1783697699593 805.0 182272
1783697700725 810.0 184320
1783697701870 815.0 186368
1783697703057 820.0 188416
1783697704285 824.0 190464
1783697705493 829.0 192512
1783697706683 833.0 194560
1783697707880 838.0 196608
1783697708808 843.0 198656
1783697709828 848.0 200704
1783697710811 853.0 202752
1783697711841 858.0 204800
1783697712862 863.0 206848
1783697713999 867.0 208896
1783697715099 872.0 210944
1783697716238 876.0 212992
1783697717314 881.0 215040
1783697718437 885.0 217088
1783697719639 889.0 219136
1783697720801 893.0 221184
1783697721937 897.0 223232
1783697723172 901.0 225280
1783697724387 905.0 227328
1783697725539 909.0 229376
1783697726621 913.0 231424
1783697727866 917.0 233472
1783697728941 921.0 235520
1783697729965 925.0 237568
1783697731033 929.0 239616
1783697732043 933.0 241664
1783697733160 937.0 243712
1783697734190 941.0 245760
1783697736627 941.0 247808
1783697744374 921.0 249856
1783697751876 904.0 251904
1783697760149 885.0 253952
1783697768690 866.0 256000
1783697777119 849.0 258048
1783697785434 833.0 260096
1783697794147 817.0 262144
1783697802602 802.0 264192
1783697811307 787.0 266240
1783697819997 773.0 268288
1783697828324 761.0 270336
1783697837021 748.0 272384
1783697845298 737.0 274432
1783697853847 726.0 276480
1783697862081 716.0 278528
1783697870707 706.0 280576
1783697879023 696.0 282624
1783697887292 687.0 284672
1783697895886 678.0 286720
1783697903013 671.0 288768
1783697908225 668.0 290816
1783697916035 661.0 292864
1783697922827 656.0 294912
1783697923875 659.0 296960
1783697929407 655.0 299008
1783697937599 648.0 301056
1783697945946 641.0 303104
1783697953440 635.0 305152
1783697961661 629.0 307200
1783697969007 623.0 309248
1783697976610 618.0 311296
1783697985294 611.0 313344
1783697992982 606.0 315392
1783697999812 602.0 317440
1783698006208 599.0 319488
1783698014285 594.0 321536
1783698022520 589.0 323584
1783698030446 584.0 325632
1783698038672 579.0 327680
1783698047303 574.0 329728
1783698055032 570.0 331776
1783698062631 566.0 333824
1783698070694 562.0 335872
1783698078837 558.0 337920
1783698085429 555.0 339968
1783698093647 551.0 342016
1783698101605 547.0 344064
1783698109847 543.0 346112
1783698117991 540.0 348160
1783698126102 536.0 350208
1783698134149 533.0 352256
1783698142089 529.0 354304
1783698145856 529.0 356352
1783698149464 530.0 358400
1783698155959 528.0 360448
1783698164132 524.0 362496
1783698172229 521.0 364544
1783698180461 518.0 366592
1783698189131 514.0 368640
1783698197406 511.0 370688
1783698205816 508.0 372736
1783698214021 505.0 374784
1783698222494 502.0 376832
1783698230737 500.0 378880
1783698239323 497.0 380928
1783698247271 494.0 382976
1783698255733 492.0 385024
1783698264113 489.0 387072
1783698272634 486.0 389120
1783698281071 484.0 391168
1783698289377 481.0 393216
1783698297839 479.0 395264
1783698305945 477.0 397312
1783698314374 474.0 399360
1783698322560 472.0 401408
1783698330888 470.0 403456
1783698339168 468.0 405504
1783698347561 466.0 407552
1783698355458 464.0 409600
1783698363825 462.0 411648
1783698371991 460.0 413696
1783698380534 458.0 415744
1783698388676 456.0 417792
1783698396493 454.0 419840
1783698404802 452.0 421888
1783698413161 451.0 423936
1783698421676 449.0 425984
1783698429157 447.0 428032
1783698436926 446.0 430080
1783698444902 444.0 432128
1783698452611 443.0 434176
1783698460434 441.0 436224
1783698467729 440.0 438272
1783698475912 439.0 440320
1783698483518 437.0 442368
1783698490454 436.0 444416
1783698498311 435.0 446464
1783698504645 434.0 448512
1783698511941 433.0 450560
1783698519576 432.0 452608
1783698527487 431.0 454656
1783698535416 429.0 456704
1783698543335 428.0 458752
1783698551639 427.0 460800
1783698559461 426.0 462848
1783698567716 424.0 464896
1783698575589 423.0 466944
1783698582360 422.0 468992
1783698590468 421.0 471040
1783698595869 421.0 473088
1783698599357 421.0 475136
1783698607723 420.0 477184
1783698615920 419.0 479232
1783698624261 418.0 481280
1783698630288 417.0 483328
1783698638603 416.0 485376
1783698646679 415.0 487424
1783698654945 414.0 489472
1783698663097 413.0 491520
1783698671646 411.0 493568
1783698680395 410.0 495616
1783698688672 409.0 497664
1783698697082 408.0 499712
1783698705246 407.0 501760
1783698713892 406.0 503808
1783698722129 405.0 505856
1783698730790 403.0 507904
1783698738927 402.0 509952
1783698747465 401.0 512000
1783698755982 400.0 514048
1783698764667 399.0 516096
1783698773501 398.0 518144
1783698781703 397.0 520192
1783698790199 396.0 522240
1783698798656 395.0 524288
1783698807254 394.0 526336
1783698815611 393.0 528384
1783698824161 392.0 530432
1783698832192 391.0 532480
1783698838833 391.0 534528
1783698846506 390.0 536576
1783698854707 389.0 538624
1783698863404 388.0 540672
1783698871678 388.0 542720
1783698880248 387.0 544768
1783698888519 386.0 546816
1783698897306 385.0 548864
1783698905285 384.0 550912
1783698913537 383.0 552960
1783698921406 383.0 555008
1783698929521 382.0 557056
1783698937458 381.0 559104
1783698942341 381.0 561152
1783698943298 383.0 563200
1783698944266 384.0 565248
1783698945295 385.0 567296
1783698946339 386.0 569344
1783698947382 387.0 571392
1783698948551 388.0 573440
1783698949660 389.0 575488
1783698952911 390.0 577536
1783698960278 389.0 579584
1783698966890 389.0 581632
1783698974410 388.0 583680
1783698981609 388.0 585728
1783698989852 387.0 587776
1783698997828 386.0 589824
1783699005893 386.0 591872
1783699013615 385.0 593920
1783699021766 384.0 595968
1783699029884 384.0 598016
1783699038108 383.0 600064
1783699046450 382.0 602112
1783699054654 382.0 604160
1783699063888 381.0 606208
1783699070907 380.0 608256
1783699079382 379.0 610304
1783699087691 379.0 612352
1783699096159 378.0 614400
1783699104283 377.0 616448
1783699112745 377.0 618496
1783699120779 376.0 620544
1783699129013 376.0 622592
1783699137425 375.0 624640
1783699145465 374.0 626688
1783699153915 374.0 628736
1783699162118 373.0 630784
1783699170659 372.0 632832
1783699178802 372.0 634880
1783699187245 371.0 636928
1783699195528 371.0 638976
1783699204020 370.0 641024
1783699212447 369.0 643072
1783699220658 369.0 645120
1783699229007 368.0 647168
1783699237298 368.0 649216
1783699245793 367.0 651264
1783699253819 366.0 653312
1783699262434 366.0 655360
1783699270667 365.0 657408
1783699279220 365.0 659456
1783699287461 364.0 661504
1783699296014 364.0 663552
1783699304345 363.0 665600
1783699312735 362.0 667648
1783699321289 362.0 669696
1783699329407 361.0 671744
1783699337718 361.0 673792
1783699346002 360.0 675840
1783699354640 360.0 677888
1783699362712 359.0 679936
1783699371209 359.0 681984
1783699379572 358.0 684032
1783699387912 358.0 686080
1783699396009 357.0 688128
1783699404132 357.0 690176
1783699412194 357.0 692224
1783699420007 356.0 694272
1783699427488 356.0 696320
1783699435183 355.0 698368
1783699443472 355.0 700416
1783699451523 355.0 702464
1783699459659 354.0 704512
1783699467851 354.0 706560
1783699475599 353.0 708608
1783699483769 353.0 710656
1783699491559 353.0 712704
1783699499702 352.0 714752
1783699507677 352.0 716800
1783699515984 351.0 718848
1783699524465 351.0 720896
1783699532584 351.0 722944
1783699540719 350.0 724992
1783699548914 350.0 727040
1783699557245 349.0 729088
1783699565314 349.0 731136
1783699573771 349.0 733184
1783699581799 348.0 735232
1783699590219 348.0 737280
1783699598370 347.0 739328
1783699606758 347.0 741376
1783699614751 347.0 743424
1783699623156 346.0 745472
1783699631771 346.0 747520
1783699639865 345.0 749568
1783699648323 345.0 751616
1783699656611 345.0 753664
1783699665126 344.0 755712
1783699673400 344.0 757760
1783699682097 343.0 759808
1783699689521 343.0 761856
1783699690507 344.0 763904
1783699691479 345.0 765952
1783699692545 346.0 768000
1783699693521 346.0 770048
1783699694544 347.0 772096
1783699695639 348.0 774144
1783699696759 349.0 776192
1783699697953 349.0 778240
1783699699081 350.0 780288
1783699700241 351.0 782336
1783699701415 352.0 784384
1783699702594 352.0 786432
1783699703648 353.0 788480
1783699704600 354.0 790528
1783699705615 355.0 792576
1783699706582 355.0 794624
1783699707701 356.0 796672
1783699708738 357.0 798720
1783699709833 358.0 800768
1783699710789 358.0 802816
1783699711923 359.0 804864
1783699713061 360.0 806912
1783699714197 360.0 808960
1783699715327 361.0 811008
1783699716448 362.0 813056
1783699717423 363.0 815104
1783699718512 363.0 817152
1783699719526 364.0 819200
1783699720372 365.0 821248
1783699721420 366.0 823296
1783699722563 366.0 825344
1783699724061 367.0 827392
1783699731424 367.0 829440
1783699735979 367.0 831488
1783699743957 367.0 833536
1783699752473 366.0 835584
1783699760261 366.0 837632
1783699768634 365.0 839680
1783699776701 365.0 841728
1783699785370 364.0 843776
1783699793642 364.0 845824
1783699802141 364.0 847872
1783699810717 363.0 849920
1783699818688 363.0 851968
1783699827379 362.0 854016
1783699835913 362.0 856064
1783699844417 361.0 858112
1783699852575 361.0 860160
1783699861225 361.0 862208
1783699869136 360.0 864256
1783699877358 360.0 866304
1783699884762 360.0 868352
1783699892730 359.0 870400
1783699900634 359.0 872448
1783699908418 359.0 874496
1783699916544 358.0 876544
1783699924401 358.0 878592
1783699932780 358.0 880640
1783699940430 357.0 882688
1783699948517 357.0 884736
1783699956471 357.0 886784
1783699964702 356.0 888832
1783699972628 356.0 890880
1783699975400 356.0 892928
1783699976379 357.0 894976
1783699977358 358.0 897024
1783699979505 358.0 899072
1783699980523 359.0 901120
1783699981574 360.0 903168
1783699983875 360.0 905216
1783699986553 360.0 907264
1783699993899 360.0 909312
1783700002161 360.0 911360
1783700010676 359.0 913408
1783700018840 359.0 915456
1783700027384 359.0 917504
1783700035614 358.0 919552
1783700044175 358.0 921600
1783700052644 358.0 923648
1783700061377 357.0 925696
1783700069488 357.0 927744
1783700077872 356.0 929792
1783700086419 356.0 931840
1783700094612 356.0 933888
1783700103362 355.0 935936
1783700109709 355.0 937984
1783700110676 356.0 940032
1783700116655 356.0 942080
1783700125065 356.0 944128
1783700133300 355.0 946176
1783700141661 355.0 948224
1783700149817 355.0 950272
1783700158341 354.0 952320
1783700166584 354.0 954368
1783700174864 354.0 956416
1783700182728 353.0 958464
1783700191216 353.0 960512
1783700199358 353.0 962560
1783700207943 352.0 964608
1783700216131 352.0 966656
1783700224764 352.0 968704
1783700233409 351.0 970752
1783700241668 351.0 972800
1783700250040 351.0 974848
1783700258238 350.0 976896
1783700267023 350.0 978944
1783700275437 350.0 980992
1783700283746 349.0 983040
1783700291943 349.0 985088
1783700300548 349.0 987136
1783700309195 348.0 989184
1783700317470 348.0 991232
1783700326211 348.0 993280
1783700334495 347.0 995328
1783700342998 347.0 997376
1783700350929 347.0 999424
1783700353059 347.0 1000000
