1783697481491 -0.003787517944147112 2048
1783697489519 -0.0017422523887944408 4096
1783697497596 -0.004272785437933635 6144
1783697505891 -0.0024404231407970656 8192
1783697513863 -0.0022739475243724883 10240
1783697522280 -0.002251911620987812 12288
1783697530272 -0.0033165112108690664 14336
1783697538347 -0.002712176716158865 16384
1783697546127 -0.0025293591897934675 18432
1783697554256 -0.0019882764645444695 20480
1783697562191 -0.0012282946554478258 22528
1783697565995 -0.002800778203891241 24576
1783697567048 -0.0015972183846315602 26624
1783697568070 -0.001917527622936177 28672
1783697569184 -0.002568080057244515 30720
1783697570258 -0.007756709797831718 32768
1783697571431 -0.0020328636601334438 34816
1783697572590 -0.0027549226288101636 36864
1783697573850 -0.0024851644184309407 38912
1783697575129 -0.0028992308471060824 40960
1783697576309 -0.0028925899423484225 43008
1783697577597 -0.0008500100884702988 45056
1783697578733 -0.0011690769824781455 47104
1783697579890 -0.0031625814153812826 49152
1783697581028 -0.004388980752992211 51200
1783697582182 -0.004195618195808493 53248
1783697583359 -0.0021690233879780862 55296
1783697584639 -0.006016850591549883 57344
1783697585803 -0.0028865267613582546 59392
1783697586989 -0.0026097468507941812 61440
1783697592878 -0.004872515262832167 63488
1783697598840 -0.003223293308110442 65536
1783697601003 -0.0035659655623021536 67584
1783697601914 -0.0031029409146867692 69632
1783697602864 -0.0025854509258351754 71680
1783697604028 -0.00488494059027289 73728
1783697605238 -0.0014108222421782557 75776
1783697606421 -0.004259001660102513 77824
1783697607678 -0.0046852651685185265 79872
1783697608968 -0.0015928205975797027 81920
1783697610256 -0.0018314432636543643 83968
1783697611457 -0.004671705182772712 86016
1783697612678 -0.0030508864801959135 88064
1783697613876 -0.002871471249818569 90112
1783697615109 -0.004014037152956007 92160
1783697616371 -0.0011709075206454145 94208
1783697617575 -0.004356745339464396 96256
1783697618867 -0.0043943620985373855 98304
1783697620140 -0.002029949429925182 100352
1783697621363 -0.0037242988491925644 102400
1783697622708 -0.0026130777314392617 104448
1783697623952 -0.0005445452407002449 106496
1783697625199 -0.0014831411535851657 108544
1783697626426 -0.0026046995371871162 110592
1783697627635 -0.0035808082575385924 112640
1783697628801 -0.002792827368466533 114688
1783697629928 -0.0018217599354102276 116736
1783697631098 -0.0009587783297320129 118784
1783697632369 -0.0021851818164577708 120832
1783697633580 -0.0026272782633895986 122880
1783697634828 -0.0021475766334333457 124928
1783697636066 -0.0024336614642379573 126976
1783697637316 -0.002038000529864803 129024
1783697638635 -0.004918146209092811 131072
1783697639862 -0.001999704849367845 133120
1783697641116 -0.0016439701903436799 135168
1783697642720 -0.00011889626330230385 137216
1783697644325 -0.0014066431158425985 139264
1783697650863 -0.0007932436819828581 141312
1783697653933 -0.0007562866667285562 143360
1783697654891 -0.001194060929265106 145408
1783697655840 -0.0004120769299333915 147456
1783697657127 -0.0012967627044417895 149504
1783697660082 -0.002617409847516683 151552
1783697666077 -0.004194332528641098 153600
1783697671039 -0.002455136189382756 155648
1783697679165 -0.0033465468677604804 157696
1783697686569 -0.0026618403262546053 159744
1783697687630 -0.001840352755607455 161792
1783697688587 -0.0009500751712039346 163840
1783697689746 -0.0009486616345384391 165888
1783697690960 -0.0002536099491408095 167936
1783697692228 -0.0032135523197212024 169984
1783697693471 -0.0007900785494712181 172032
1783697694688 -0.00011333797556289937 174080
1783697695958 -0.001634680337701866 176128
1783697697155 -0.0004282657773728715 178176
1783697698377 -0.0007926379466880462 180224
1783697699593 -0.0025332947552669793 182272
1783697700725 -0.0023356240963039454 184320
1783697701870 -0.0008879562010406516 186368
1783697703057 -0.0001136867704190081 188416
1783697704285 -0.0018835486262105405 190464
1783697705493 -0.0009030827459355351 192512
1783697706683 -0.0021579819376711384 194560
1783697707880 -0.0013816459868394304 196608
1783697708808 -0.001987621984881116 198656
1783697709828 -0.002070466625809786 200704
1783697710811 -0.0016686391536495648 202752
1783697711841 -0.000978513799054781 204800
1783697712862 -0.004945892287651077 206848
1783697713999 -0.0013056845782557502 208896
1783697715099 -0.0021351813320507063 210944
1783697716238 -0.0017306644240306923 212992
1783697717314 -0.0012894086576125119 215040
1783697718437 -0.002740604177233763 217088
1783697719639 -0.0011365815771569032 219136
1783697720801 -0.0003105453379248502 221184
1783697721937 -0.0006888708303449675 223232
1783697723172 -0.003043502762011485 225280
1783697724387 -0.0015013372831162997 227328
1783697725539 -0.0022571766094188206 229376
1783697726621 -0.001069342892151326 231424
1783697727866 -0.0015311581682908582 233472
1783697728941 -0.004608318136888556 235520
1783697729965 -0.0012417848129189224 237568
1783697731033 9.348231469630264e-05 239616
1783697732043 -0.0004968087614543037 241664
1783697733160 -0.0012166033275207155 243712
1783697734190 3.259603363403585e-05 245760
1783697736627 -0.00027219858748139814 247808
1783697744374 -0.0022996456136752386 249856
1783697751876 -0.001751774893818947 251904
1783697760149 -0.0008910815777198877 253952
1783697768690 -0.000744440927519463 256000
1783697777119 -0.001458754055420286 258048
1783697785434 -0.0022284155547822593 260096
1783697794147 -0.0014360136519826483 262144
1783697802602 -0.0003302981313026976 264192
1783697811307 -0.0024259189813164994 266240
1783697819997 -0.0015660269418731332 268288
1783697828324 -0.0010575425794741022 270336
1783697837021 -0.001430974067261559 272384
1783697845298 -0.0017293235778197413 274432
1783697853847 -0.00045919985859654844 276480
1783697862081 -0.0014065401610423578 278528
1783697870707 -0.0013872036106477026 280576
1783697879023 -0.0019987760206277017 282624
1783697887292 -0.0012531749061963637 284672
1783697895886 -0.0014615928612329299 286720
1783697903013 -0.0012522689467004966 288768
1783697908225 -0.0006284666724241106 290816
1783697916035 -0.0020684372393589 292864
1783697922827 -0.0009781907538126688 294912
1783697923875 -0.0008735796254768502 296960
1783697929407 -0.002701593604797381 299008
1783697937599 -0.004416036612383323 301056
1783697945946 -0.00011186477422597818 303104
1783697953440 -0.001330128299741773 305152
1783697961661 -0.002071394439553842 307200
1783697969007 -0.001204098964080913 309248
1783697976610 -0.002425964474241482 311296
1783697985294 -0.0010903898528340505 313344
1783697992982 -0.0023028106388665037 315392
1783697999812 -0.0008253336600319017 317440
1783698006208 -0.0016029715625336394 319488
1783698014285 -0.004155959502895712 321536
1783698022520 -7.032622306724079e-05 323584
1783698030446 -5.95011115365196e-05 325632
1783698038672 -0.001239860184796271 327680
1783698047303 -0.0015949340631777886 329728
1783698055032 -0.00022119027562439442 331776
1783698062631 -0.0007875969167798758 333824
1783698070694 -0.0031415365992870647 335872
1783698078837 -0.0001668978584348224 337920
1783698085429 0.00036779743550141575 339968
1783698093647 -0.0010228930950688664 342016
1783698101605 -0.002484808554072515 344064
1783698109847 -0.0007920705829747021 346112
1783698117991 -0.0005241443395789247 348160
1783698126102 -0.002100149602483725 350208
1783698134149 -0.0015260561558534391 352256
1783698142089 -0.0017587617494427832 354304
1783698145856 -0.002522684033465339 356352
1783698149464 -0.0015433304361067712 358400
1783698155959 -0.0012887696484540356 360448
1783698164132 -0.0029412851563392906 362496
1783698172229 -0.0006280787820287514 364544
1783698180461 -0.002382297858275706 366592
1783698189131 -0.002609262298392423 368640
1783698197406 -0.0026458943139004987 370688
1783698205816 -0.0008562009024899453 372736
1783698214021 -0.007941675811707682 374784
1783698222494 -0.0008004231094673742 376832
1783698230737 0.00019258473912486807 378880
1783698239323 -0.0002649475009093294 380928
1783698247271 -0.001514358292297402 382976
1783698255733 -0.00015166129378485493 385024
1783698264113 -0.004260179729499214 387072
1783698272634 -0.000812412839877652 389120
1783698281071 -0.0026373489599791355 391168
1783698289377 -0.0012110522620787378 393216
1783698297839 -0.001677068006756599 395264
1783698305945 -0.0009132211853284389 397312
1783698314374 -0.004207880905596539 399360
1783698322560 -0.00013530375781556359 401408
1783698330888 -0.0005239715355855878 403456
1783698339168 -0.0011796804174082354 405504
1783698347561 -0.0027304036857458414 407552
1783698355458 -0.0012006164906779304 409600
1783698363825 -0.000948534445342375 411648
1783698371991 -0.0015904275969660375 413696
1783698380534 -0.0026282980397809297 415744
1783698388676 -0.002106644513332867 417792
1783698396493 -0.0001787230503396131 419840
1783698404802 -0.0017967945714190137 421888
1783698413161 -0.000994053627437097 423936
1783698421676 -0.0003018253937625559 425984
1783698429157 -0.0006113989147706889 428032
1783698436926 -0.0007618806230311748 430080
1783698444902 -0.001711886482553382 432128
1783698452611 -0.00023229088037624024 434176
1783698460434 -0.001983672107598977 436224
1783698467729 9.83499048743397e-05 438272
1783698475912 -0.0010603152695694007 440320
1783698483518 -0.0005407541302702157 442368
1783698490454 -0.0028215946877026 444416
1783698498311 -0.0007307758514798479 446464
1783698504645 -0.003310463984234957 448512
1783698511941 -0.0026834372438315768 450560
1783698519576 -0.0015489463658013847 452608
1783698527487 -0.0004566900934150908 454656
1783698535416 -0.001446829466658528 456704
1783698543335 -0.0018292872491656453 458752
1783698551639 -0.0010430451911815908 460800
1783698559461 -0.0010060553431685548 462848
1783698567716 -0.000976711437033373 464896
1783698575589 -0.0014581135492335306 466944
1783698582360 -0.002014237215917092 468992
1783698590468 -0.001488600373704685 471040
1783698595869 -0.0035306272184243426 473088
1783698599357 -0.001705317330561229 475136
1783698607723 -0.00038635481178062037 477184
1783698615920 -0.0006288136937655509 479232
1783698624261 0.00020868393767159432 481280
1783698630288 -0.0004463067061806214 483328
1783698638603 -0.0017880830218928168 485376
1783698646679 -0.0012446746241039364 487424
1783698654945 -0.0010372944952905527 489472
1783698663097 -0.003410532367297492 491520
1783698671646 -0.0005411213915067492 493568
1783698680395 -0.0005184179244679399 495616
1783698688672 -0.0006585138671653112 497664
1783698697082 -0.0016727305119275115 499712
1783698705246 -3.2004174499888904e-05 501760
1783698713892 -3.1603140087099746e-06 503808
1783698722129 -0.0012415767741913442 505856
1783698730790 -0.0006318939649645472 507904
1783698738927 -0.0005964160463918233 509952
1783698747465 -0.000875750989507651 512000
1783698755982 -0.002771542387563386 514048
1783698764667 -0.0006666425488219829 516096
1783698773501 -0.001681347086559981 518144
1783698781703 -0.00011118870315840468 520192
1783698790199 -1.1908536180271767e-05 522240
1783698798656 -0.0006703066337649943 524288
1783698807254 -0.00040656902274349704 526336
1783698815611 -0.0015185621605269262 528384
1783698824161 -0.003594502054511395 530432
1783698832192 -0.0018637166704138508 532480
1783698838833 -0.00302217706303054 534528
1783698846506 -0.0002080358699458884 536576
1783698854707 -0.0008156286176017602 538624
1783698863404 -0.0014679025302939408 540672
1783698871678 -0.0002675575015018694 542720
1783698880248 -0.0002614739969430957 544768
1783698888519 -0.0007064292876748368 546816
1783698897306 -0.0013813802233926253 548864
1783698905285 -0.00046957473023212515 550912
1783698913537 -0.0014566583031410119 552960
1783698921406 -0.0013783489994239062 555008
1783698929521 -0.0011349750820954796 557056
1783698937458 -0.0009081532552954741 559104
1783698942341 -0.0004634252327377908 561152
1783698943298 -0.0017609503065614263 563200
1783698944266 -0.0014944569120416418 565248
1783698945295 -0.0028325778621365316 567296
1783698946339 -0.001044595286657568 569344
1783698947382 -0.00020958977256668732 571392
1783698948551 -0.000574550211240421 573440
1783698949660 -0.0007352950087806676 575488
1783698952911 -0.001720524747724994 577536
1783698960278 -0.0016343445713573601 579584
1783698966890 -0.0015036340591905173 581632
1783698974410 -0.0016894258915272076 583680
1783698981609 -0.00027281752409180626 585728
1783698989852 -0.0004732204288302455 587776
1783698997828 -0.0019154519377480028 589824
1783699005893 -0.0006079418599256314 591872
1783699013615 -0.004264827566657914 593920
1783699021766 -0.0018848503077606438 595968
1783699029884 -0.0010280172391503584 598016
1783699038108 -0.0003358918420417467 600064
1783699046450 -0.0011403069643165509 602112
1783699054654 -0.0012880738668172853 604160
1783699063888 -0.00028952770662726834 606208
1783699070907 -0.0012762231426677317 608256
1783699079382 -0.00035986249713459983 610304
1783699087691 -0.003206258100362902 612352
1783699096159 -0.0014344788578455336 614400
1783699104283 -0.0008308459455292905 616448
1783699112745 -0.0007921731612441363 618496
1783699120779 -8.46212615215336e-05 620544
1783699129013 -0.0005662042531184852 622592
1783699137425 -0.0014612467639381066 624640
1783699145465 -0.0014559000028384617 626688
1783699153915 -0.0002844423070200719 628736
1783699162118 -0.00048516897186345886 630784
1783699170659 -0.0027842058780152 632832
1783699178802 -0.00037174494900682475 634880
1783699187245 -0.0003352388030180009 636928
1783699195528 -0.00038961054815445095 638976
1783699204020 -0.0030020529084140435 641024
1783699212447 -0.00029411280411295593 643072
1783699220658 -0.0007754688303975854 645120
1783699229007 -0.0024667243342264555 647168
1783699237298 -0.0007270649803103879 649216
1783699245793 -0.00011046635154343676 651264
1783699253819 -0.0006079525119275786 653312
1783699262434 -0.0006908059058332583 655360
1783699270667 -0.0005425504969025496 657408
1783699279220 -0.0012754206672980217 659456
1783699287461 -0.00042368546564830467 661504
1783699296014 -0.0010505453556106659 663552
1783699304345 -0.0007886473158578156 665600
1783699312735 -0.001566061400808394 667648
1783699321289 -4.707029802375473e-05 669696
1783699329407 -0.0007141128371586092 671744
1783699337718 -0.00046314256451296387 673792
1783699346002 -0.0006617178405576851 675840
1783699354640 -0.0016701430213288404 677888
1783699362712 -0.00044437556789489463 679936
1783699371209 -0.0008618492374807829 681984
1783699379572 -0.0010770415410661371 684032
1783699387912 -0.0019118278760288376 686080
1783699396009 -0.0003427697411098052 688128
1783699404132 -0.0017889659720822237 690176
1783699412194 -0.0007661977979296353 692224
1783699420007 -0.0001243000308477349 694272
1783699427488 -0.00021081582235638052 696320
1783699435183 -0.0005218813566898461 698368
1783699443472 -0.000726426256733248 700416
1783699451523 -0.0009854692298176815 702464
1783699459659 -0.00015661448560422286 704512
1783699467851 -0.0003421360142965568 706560
1783699475599 -0.0005782774060207885 708608
1783699483769 -0.0011378526196494931 710656
1783699491559 -0.0012228320119902492 712704
1783699499702 -0.0005031481650803471 714752
1783699507677 -0.00046181857032934204 716800
1783699515984 -0.0006097742880228907 718848
1783699524465 -8.27186850074213e-05 720896
1783699532584 -0.0006467684725066647 722944
1783699540719 -0.002134421272785403 724992
1783699548914 -0.00023191701257019304 727040
1783699557245 -0.0015348312062997138 729088
1783699565314 -0.0022255992371356115 731136
1783699573771 -0.00024544205189158674 733184
1783699581799 -0.0001286010356125189 735232
1783699590219 -0.0002292628814757336 737280
1783699598370 -0.0015875041153776692 739328
1783699606758 -3.0274689379439224e-05 741376
1783699614751 -0.00023726735707896296 743424
1783699623156 -0.0013304650256031891 745472
1783699631771 -0.0016028138870751718 747520
1783699639865 -0.0002629314042223996 749568
1783699648323 -0.0015876641255090362 751616
1783699656611 -0.0011035824900318403 753664
1783699665126 -0.00013091704749967903 755712
1783699673400 -0.0008854634143062867 757760
1783699682097 -0.0003824792329396587 759808
1783699689521 -0.0004262726015440421 761856
1783699690507 -0.0014596867258660495 763904
1783699691479 -0.00029054758124402724 765952
1783699692545 -0.0015340064437623369 768000
1783699693521 -0.00010123026913788635 770048
1783699694544 -0.0003394337827558047 772096
1783699695639 -0.0011829368877442903 774144
1783699696759 -0.00028579405989148654 776192
1783699697953 -0.00012258241076779086 778240
1783699699081 -3.844118782581063e-05 780288
1783699700241 -0.00013459708588925423 782336
1783699701415 1.5378704119939357e-05 784384
1783699702594 -0.0005978314438834786 786432
1783699703648 -0.0011969552579103038 788480
1783699704600 -0.0005749990941694705 790528
1783699705615 -0.0003394287577975774 792576
1783699706582 -0.00020921094892401015 794624
1783699707701 -0.0003692451637107297 796672
1783699708738 -0.0007166133527789498 798720
1783699709833 -1.604415592737496e-05 800768
1783699710789 -0.0007612971312482841 802816
1783699711923 -0.0005739967400586465 804864
1783699713061 -0.0007090786457411014 806912
1783699714197 -0.0002770682440313976 808960
1783699715327 -0.0011155305401189253 811008
1783699716448 -0.00027599139048106736 813056
1783699717423 2.5877770895021968e-05 815104
1783699718512 -0.0004898145052720793 817152
1783699719526 -0.0015208738759611151 819200
1783699720372 -0.0003218441097487812 821248
1783699721420 -6.498279617517255e-05 823296
1783699722563 -0.00048020122085290495 825344
1783699724061 -0.0009045421174960211 827392
1783699731424 -0.00020520428734016605 829440
1783699735979 -0.0007174012525865692 831488
1783699743957 -0.00020758035861945245 833536
1783699752473 -0.00044297048953012563 835584
1783699760261 -0.0002383606115472503 837632
1783699768634 -0.001212402232340537 839680
1783699776701 -0.0018332711988477968 841728
1783699785370 -0.0024263363065983867 843776
1783699793642 -0.00012001290633634198 845824
1783699802141 -0.00027242872965871356 847872
1783699810717 -0.0012520108630269533 849920
1783699818688 -0.00022049694416637067 851968
1783699827379 -0.0021089321708132047 854016
1783699835913 -0.00039086675315047614 856064
1783699844417 -0.000863496858983126 858112
1783699852575 9.691328887129202e-05 860160
1783699861225 -0.0004278003161743982 862208
1783699869136 -0.00044121407154307235 864256
1783699877358 -0.0003547764222275873 866304
1783699884762 -0.0005635386041831225 868352
1783699892730 -0.000167421918376931 870400
1783699900634 -4.943953717884142e-05 872448
1783699908418 -0.00030363554287760053 874496
1783699916544 -0.0002002250739678857 876544
1783699924401 -0.0010142437222384615 878592
1783699932780 -0.0003925653400074225 880640
1783699940430 -0.00029054035985609517 882688
1783699948517 -2.150925138266757e-05 884736
1783699956471 -0.00010212030611000955 886784
1783699964702 -0.00011427541539887898 888832
1783699972628 -0.00022206022731552366 890880
1783699975400 -0.00011260074825258926 892928
1783699976379 -0.0002781978728307877 894976
1783699977358 -4.4795055600843625e-05 897024
1783699979505 -0.00016553808291064342 899072
1783699980523 -0.00016963242705969606 901120
1783699981574 -8.425857413385529e-05 903168
1783699983875 -3.8948173823882826e-05 905216
1783699986553 -0.00023041319491312606 907264
1783699993899 -0.0008460624658255256 909312
1783700002161 -0.0008966160748968832 911360
1783700010676 -0.0005699711509805638 913408
1783700018840 -0.0004937512749165762 915456
1783700027384 -0.00039208895395859145 917504
1783700035614 -0.0003203744890925009 919552
1783700044175 -0.0002499260208423948 921600
1783700052644 -0.001685991383055807 923648
1783700061377 -0.00017291555377596524 925696
1783700069488 -8.221268672059523e-05 927744
1783700077872 -0.00027020388824894326 929792
1783700086419 -3.971823934989516e-05 931840
1783700094612 -0.00014892197395965923 933888
1783700103362 -0.0002922886997112073 935936
1783700109709 2.081504135276191e-06 937984
1783700110676 -0.0003630946230259724 940032
1783700116655 -0.0005573358248511795 942080
1783700125065 -0.0004043751341669122 944128
1783700133300 -0.00015199606832538848 946176
1783700141661 -1.5690780855948105e-05 948224
1783700149817 -5.841535767103778e-05 950272
1783700158341 -0.00015285723384295125 952320
1783700166584 -0.000936987442401005 954368
1783700174864 -2.78847073786892e-05 956416
1783700182728 -0.00012854202850576257 958464
1783700191216 -8.759533557167742e-05 960512
1783700199358 -0.000355182046405389 962560
1783700207943 -5.435975253931247e-05 964608
1783700216131 -7.276378619280877e-05 966656
1783700224764 7.023749276413582e-06 968704
1783700233409 -0.00038694981958542485 970752
1783700241668 -4.559760691336123e-05 972800
1783700250040 -4.658317811845336e-05 974848
1783700258238 -3.374779953446705e-05 976896
1783700267023 -2.1859404114366043e-05 978944
1783700275437 -4.124648512515705e-06 980992
1783700283746 -0.00011225004345760681 983040
1783700291943 -4.505157266976312e-05 985088
1783700300548 -2.08095470952685e-05 987136
1783700309195 -1.5051091395434923e-05 989184
1783700317470 -0.00016225068975472823 991232
1783700326211 -2.3686208805884235e-05 993280
1783700334495 -7.4280051194364205e-06 995328
1783700342998 -7.28447048459202e-07 997376
1783700350929 -2.522153954487294e-05 999424
1783700353059 5.303364661004808e-10 1000000
