1783697481491 433.5800665616989 2048
1783697489519 283.44757902622223 4096
1783697497596 425.69736778736115 6144
1783697505891 339.63946652412415 8192
1783697513863 210.00031381845474 10240
1783697522280 323.83370846509933 12288
1783697530272 263.7051682472229 14336
1783697538347 255.68091118335724 16384
1783697546127 122.62004148960114 18432
1783697554256 278.81301951408386 20480
1783697562191 132.0025906264782 22528
1783697565995 142.09323853254318 24576
1783697567048 159.397528976202 26624
1783697568070 149.84279245138168 28672
1783697569184 165.46309009194374 30720
1783697570258 80.12619961798191 32768
1783697571431 132.26740977168083 34816
1783697572590 160.22647029161453 36864
1783697573850 102.20420578122139 38912
1783697575129 260.59276032447815 40960
1783697576309 96.69334863126278 43008
1783697577597 162.5439097881317 45056
1783697578733 117.43556213378906 47104
1783697579890 54.27294884622097 49152
1783697581028 133.86953508853912 51200
1783697582182 88.479701846838 53248
1783697583359 100.53958375751972 55296
1783697584639 33.67256070673466 57344
1783697585803 76.77305021882057 59392
1783697586989 48.42985785752535 61440
1783697592878 66.11060258746147 63488
1783697598840 66.13781698048115 65536
1783697601003 53.53563050925732 67584
1783697601914 70.17156012356281 69632
1783697602864 19.28457283973694 71680
1783697604028 21.58949190378189 73728
1783697605238 40.167303182184696 75776
1783697606421 28.689744763076305 77824
1783697607678 11.909451615065336 79872
1783697608968 23.416714064776897 81920
1783697610256 27.285340167582035 83968
1783697611457 14.105621449649334 86016
1783697612678 11.698569975793362 88064
1783697613876 18.679259706288576 90112
1783697615109 6.739385936409235 92160
1783697616371 32.55015929043293 94208
1783697617575 11.864395249634981 96256
1783697618867 11.933552615344524 98304
1783697620140 4.896793266758323 100352
1783697621363 6.964792184531689 102400
1783697622708 14.519323093816638 104448
1783697623952 21.119758212938905 106496
1783697625199 25.849144358187914 108544
1783697626426 4.893732622265816 110592
1783697627635 16.581479649990797 112640
1783697628801 4.34965306147933 114688
1783697629928 5.172785382717848 116736
1783697631098 7.227572387084365 118784
1783697632369 11.709138125181198 120832
1783697633580 19.959731018170714 122880
1783697634828 19.531937465071678 124928
1783697636066 4.05005744472146 126976
1783697637316 31.45964970625937 129024
1783697638635 18.25912271440029 131072
1783697639862 16.594458512961864 133120
1783697641116 4.466978607699275 135168
1783697642720 4.267802932299674 137216
1783697644325 26.654103878885508 139264
1783697650863 32.897150468081236 141312
1783697653933 51.791047006845474 143360
1783697654891 17.555020719766617 145408
1783697655840 48.00431585684419 147456
1783697657127 5.041115253698081 149504
1783697660082 40.41476258635521 151552
1783697666077 28.939851673319936 153600
1783697671039 43.23655992001295 155648
1783697679165 44.04928928986192 157696
1783697686569 19.00503169745207 159744
1783697687630 42.2657208815217 161792
1783697688587 72.91499611735344 163840
1783697689746 43.493543453514576 165888
1783697690960 58.51005911082029 167936
1783697692228 40.193063236773014 169984
1783697693471 56.2702458538115 172032
1783697694688 47.80108783021569 174080
1783697695958 48.31528449058533 176128
1783697697155 56.98924174904823 178176
1783697698377 55.8028049916029 180224
1783697699593 55.505082704126835 182272
1783697700725 40.59514074400067 184320
1783697701870 41.259606555104256 186368
1783697703057 72.70447492599487 188416
1783697704285 72.48164489865303 190464
1783697705493 71.10889718681574 192512
1783697706683 54.84291046112776 194560
1783697707880 74.62978143244982 196608
1783697708808 66.91780529171228 198656
1783697709828 77.01982087641954 200704
1783697710811 75.95258014649153 202752
1783697711841 72.57067487388849 204800
1783697712862 66.81375043094158 206848
1783697713999 77.8874703347683 208896
1783697715099 56.1839758977294 210944
1783697716238 68.59472655877471 212992
1783697717314 92.02239987999201 215040
1783697718437 71.85271260142326 217088
1783697719639 64.61833745241165 219136
1783697720801 72.3213839456439 221184
1783697721937 69.67189708352089 223232
1783697723172 64.42298641055822 225280
1783697724387 91.6723753362894 227328
1783697725539 81.9812053591013 229376
1783697726621 81.06787824630737 231424
1783697727866 98.17406326532364 233472
1783697728941 80.10167434066534 235520
1783697729965 70.00589156895876 237568
1783697731033 65.8740551918745 239616
1783697732043 74.28501644730568 241664
1783697733160 67.66090851277113 243712
1783697734190 37.319055899977684 245760
1783697736627 60.87604972720146 247808
1783697744374 83.77908128499985 249856
1783697751876 77.39310441166162 251904
1783697760149 71.09057833999395 253952
1783697768690 90.3083814010024 256000
1783697777119 78.77881225198507 258048
1783697785434 78.36718682944775 260096
1783697794147 63.21248388290405 262144
1783697802602 82.8539549857378 264192
1783697811307 114.2899307757616 266240
1783697819997 88.29822421073914 268288
1783697828324 80.21698199212551 270336
1783697837021 87.58506651222706 272384
1783697845298 98.02923673391342 274432
1783697853847 73.02008181810379 276480
1783697862081 40.61608221381903 278528
1783697870707 48.33058903366327 280576
1783697879023 67.88228325545788 282624
1783697887292 99.55757185816765 284672
1783697895886 73.777120500803 286720
1783697903013 59.97569190710783 288768
1783697908225 28.334029339253902 290816
1783697916035 35.79904051683843 292864
1783697922827 63.20593500882387 294912
1783697923875 82.03867530822754 296960
1783697929407 71.99512907117605 299008
1783697937599 81.58465929329395 301056
1783697945946 55.88998407870531 303104
1783697953440 77.04087821394205 305152
1783697961661 81.8801476508379 307200
1783697969007 62.014079727232456 309248
1783697976610 74.19545086473227 311296
1783697985294 64.91248539835215 313344
1783697992982 45.142960868775845 315392
1783697999812 67.00289433449507 317440
1783698006208 84.8834988027811 319488
1783698014285 70.51483401656151 321536
1783698022520 91.77988328039646 323584
1783698030446 69.50285520404577 325632
1783698038672 58.95086149871349 327680
1783698047303 67.54338376224041 329728
1783698055032 71.17018963396549 331776
1783698062631 54.88326795399189 333824
1783698070694 80.97727958112955 335872
1783698078837 71.35599464178085 337920
1783698085429 89.88384146988392 339968
1783698093647 83.37119668722153 342016
1783698101605 59.39025878161192 344064
1783698109847 71.95902168750763 346112
1783698117991 32.439099576324224 348160
1783698126102 71.26643767207861 350208
1783698134149 61.00245065242052 352256
1783698142089 47.68025179579854 354304
1783698145856 69.21762523800135 356352
1783698149464 54.441152676939964 358400
1783698155959 56.04905196279287 360448
1783698164132 55.70501637458801 362496
1783698172229 48.64239192381501 364544
1783698180461 40.99886017665267 366592
1783698189131 51.02740702033043 368640
1783698197406 67.33652140200138 370688
1783698205816 58.391170017421246 372736
1783698214021 53.85319394990802 374784
1783698222494 27.529411487281322 376832
1783698230737 35.03626345098019 378880
1783698239323 40.42600629478693 380928
1783698247271 41.79307384043932 382976
1783698255733 62.77201694250107 385024
1783698264113 56.54842585325241 387072
1783698272634 36.46201027557254 389120
1783698281071 44.73107637465 391168
1783698289377 15.15595018491149 393216
1783698297839 42.48087804019451 395264
1783698305945 40.55019160360098 397312
1783698314374 61.267813857644796 399360
1783698322560 32.9359867349267 401408
1783698330888 36.79705933853984 403456
1783698339168 43.213399950414896 405504
1783698347561 49.01839213445783 407552
1783698355458 53.93087214976549 409600
1783698363825 47.23743971809745 411648
1783698371991 65.70341964252293 413696
1783698380534 22.89020575210452 415744
1783698388676 23.019277051091194 417792
1783698396493 59.36791265383363 419840
1783698404802 25.00606352649629 421888
1783698413161 21.36791401170194 423936
1783698421676 39.43941369652748 425984
1783698429157 72.66946157068014 428032
1783698436926 35.933896109461784 430080
1783698444902 42.981948886066675 432128
1783698452611 37.258839286863804 434176
1783698460434 36.91844207793474 436224
1783698467729 30.28309207968414 438272
1783698475912 20.337452981621027 440320
1783698483518 47.79699740931392 442368
1783698490454 78.55897378176451 444416
1783698498311 28.88021558895707 446464
1783698504645 27.590048134326935 448512
1783698511941 56.64368426427245 450560
1783698519576 37.62610002234578 452608
1783698527487 60.15389534085989 454656
1783698535416 42.05817025527358 456704
1783698543335 45.089480102062225 458752
1783698551639 35.97950720414519 460800
1783698559461 72.31304792314768 462848
1783698567716 48.63426019996405 464896
1783698575589 68.09810750558972 466944
1783698582360 40.50350248068571 468992
1783698590468 60.08033533394337 471040
1783698595869 53.1305913515389 473088
1783698599357 46.33063906431198 475136
1783698607723 34.2042835932225 477184
1783698615920 18.14803908020258 479232
1783698624261 54.65436987578869 481280
1783698630288 62.3655901029706 483328
1783698638603 50.56637670844793 485376
1783698646679 38.92063225246966 487424
1783698654945 56.61691629886627 489472
1783698663097 66.02737280726433 491520
1783698671646 43.45982342585921 493568
1783698680395 36.40855675190687 495616
1783698688672 60.506266102194786 497664
1783698697082 60.90831062570214 499712
1783698705246 47.049818489700556 501760
1783698713892 62.510624304413795 503808
1783698722129 59.644056387245655 505856
1783698730790 43.28677775710821 507904
1783698738927 51.06077626347542 509952
1783698747465 51.37265460565686 512000
1783698755982 42.99701426550746 514048
1783698764667 39.41380849480629 516096
1783698773501 12.020824649371207 518144
1783698781703 69.58186836540699 520192
1783698790199 79.8287305701524 522240
1783698798656 54.56651296466589 524288
1783698807254 71.22810984030366 526336
1783698815611 35.89631286263466 528384
1783698824161 62.3365910500288 530432
1783698832192 42.29987836629152 532480
1783698838833 39.853342823684216 534528
1783698846506 68.78857859224081 536576
1783698854707 56.12998463958502 538624
1783698863404 34.26838368922472 540672
1783698871678 65.23529852926731 542720
1783698880248 33.080041974782944 544768
1783698888519 67.23173596709967 546816
1783698897306 70.40154699236155 548864
1783698905285 92.81826623156667 550912
1783698913537 68.03182223066688 552960
1783698921406 78.34049602597952 555008
1783698929521 28.579261906445026 557056
1783698937458 59.27809077501297 559104
1783698942341 42.638768047094345 561152
1783698943298 52.02862323075533 563200
1783698944266 77.66966972872615 565248
1783698945295 50.88678404688835 567296
1783698946339 46.022894483059645 569344
1783698947382 49.80400985479355 571392
1783698948551 67.91619343310595 573440
1783698949660 44.70997974276543 575488
1783698952911 64.92681105062366 577536
1783698960278 64.65497988462448 579584
1783698966890 76.56856862455606 581632
1783698974410 50.0938670784235 583680
1783698981609 67.34379104152322 585728
1783698989852 81.56540337949991 587776
1783698997828 42.999695375561714 589824
1783699005893 77.48837687075138 591872
1783699013615 31.0375126414001 593920
1783699021766 55.951621022075415 595968
1783699029884 58.00814001262188 598016
1783699038108 99.79583059251308 600064
1783699046450 61.57605962827802 602112
1783699054654 80.49567743390799 604160
1783699063888 104.69014318287373 606208
1783699070907 55.67437894269824 608256
1783699079382 40.33002955839038 610304
1783699087691 53.16894901543856 612352
1783699096159 62.522520411759615 614400
1783699104283 88.98985342681408 616448
1783699112745 65.65807750821114 618496
1783699120779 87.3943522349 620544
1783699129013 102.26827013492584 622592
1783699137425 67.1821621954441 624640
1783699145465 65.56828123703599 626688
1783699153915 41.966212689876556 628736
1783699162118 56.25808019191027 630784
1783699170659 53.54425002634525 632832
1783699178802 58.13354300707579 634880
1783699187245 74.31144419312477 636928
1783699195528 93.92966617643833 638976
1783699204020 59.08112929016352 641024
1783699212447 68.10778615623713 643072
1783699220658 37.59615386277437 645120
1783699229007 35.080921709537506 647168
1783699237298 66.13667450845242 649216
1783699245793 31.833112124353647 651264
1783699253819 49.16186797618866 653312
1783699262434 53.837651923298836 655360
1783699270667 16.355471106246114 657408
1783699279220 48.50874141231179 659456
1783699287461 54.945032458752394 661504
1783699296014 47.460961520671844 663552
1783699304345 59.592296831309795 665600
1783699312735 53.56164653971791 667648
1783699321289 65.6046432852745 669696
1783699329407 89.26105061173439 671744
1783699337718 82.84035311639309 673792
1783699346002 44.172157011926174 675840
1783699354640 28.757544495165348 677888
1783699362712 48.93427883274853 679936
1783699371209 40.9807665348053 681984
1783699379572 53.5013804808259 684032
1783699387912 21.48519746772945 686080
1783699396009 65.46111869066954 688128
1783699404132 96.12715872377157 690176
1783699412194 69.05574371293187 692224
1783699420007 57.07765110582113 694272
1783699427488 76.49354422092438 696320
1783699435183 75.76014326512814 698368
1783699443472 37.331049621105194 700416
1783699451523 84.32580146193504 702464
1783699459659 55.08253303915262 704512
1783699467851 93.45513600111008 706560
1783699475599 24.39508008211851 708608
1783699483769 97.07153686881065 710656
1783699491559 49.76581773906946 712704
1783699499702 40.956782318651676 714752
1783699507677 95.55307886749506 716800
1783699515984 56.20267704129219 718848
1783699524465 70.69213080406189 720896
1783699532584 46.39362896606326 722944
1783699540719 61.8490890301764 724992
1783699548914 78.3993144929409 727040
1783699557245 101.35541699826717 729088
1783699565314 105.69058334454894 731136
1783699573771 37.02728928998113 733184
1783699581799 71.67245832830667 735232
1783699590219 55.22026913613081 737280
1783699598370 55.87306612730026 739328
1783699606758 71.14136432856321 741376
1783699614751 53.278680086135864 743424
1783699623156 84.99309162795544 745472
1783699631771 45.36070862412453 747520
1783699639865 103.72140334546566 749568
1783699648323 59.25166720151901 751616
1783699656611 61.856223434209824 753664
1783699665126 89.06949773430824 755712
1783699673400 84.45465206354856 757760
1783699682097 83.3449667096138 759808
1783699689521 68.30460273846984 761856
1783699690507 24.722057478502393 763904
1783699691479 40.60373226925731 765952
1783699692545 27.393445130437613 768000
1783699693521 45.19580467417836 770048
1783699694544 47.49922523647547 772096
1783699695639 47.39551142975688 774144
1783699696759 90.67745052650571 776192
1783699697953 46.40086941048503 778240
1783699699081 68.18247560411692 780288
1783699700241 49.866396494209766 782336
1783699701415 46.250172562897205 784384
1783699702594 85.80842868238688 786432
1783699703648 115.15978322550654 788480
1783699704600 63.38009401783347 790528
1783699705615 27.80139305628836 792576
1783699706582 57.54041136801243 794624
1783699707701 84.637989602983 796672
1783699708738 35.72530911117792 798720
1783699709833 61.58649194985628 800768
1783699710789 53.62102421373129 802816
1783699711923 60.31055165827274 804864
1783699713061 38.92065713554621 806912
1783699714197 22.362776190042496 808960
1783699715327 31.656231686472893 811008
1783699716448 30.287943691015244 813056
1783699717423 92.64827448129654 815104
1783699718512 47.406051222234964 817152
1783699719526 89.75203012675047 819200
1783699720372 63.83152934163809 821248
1783699721420 63.80535672232509 823296
1783699722563 91.94760955870152 825344
1783699724061 60.54995457082987 827392
1783699731424 89.95311480015516 829440
1783699735979 46.96522826701403 831488
1783699743957 57.435104720294476 833536
1783699752473 32.60552291572094 835584
1783699760261 69.14015904068947 837632
1783699768634 52.99569188058376 839680
1783699776701 21.40872468240559 841728
1783699785370 24.26888832449913 843776
1783699793642 28.260104950517416 845824
1783699802141 76.36531583219767 847872
1783699810717 35.73471409454942 849920
1783699818688 33.95234679803252 851968
1783699827379 10.029407355934381 854016
1783699835913 66.49755140766501 856064
1783699844417 49.1495613027364 858112
1783699852575 14.83674430474639 860160
1783699861225 24.1154553219676 862208
1783699869136 37.35634161159396 864256
1783699877358 47.03994246572256 866304
1783699884762 85.53077141195536 868352
1783699892730 87.87430750578642 870400
1783699900634 21.382837414741516 872448
1783699908418 47.97344250231981 874496
1783699916544 78.13699165731668 876544
1783699924401 20.13538891263306 878592
1783699932780 62.97908602654934 880640
1783699940430 88.94513180851936 882688
1783699948517 41.1571496501565 884736
1783699956471 43.603754909709096 886784
1783699964702 52.91765732690692 888832
1783699972628 30.79387293756008 890880
1783699975400 47.08339972048998 892928
1783699976379 28.46337353810668 894976
1783699977358 38.7050646468997 897024
1783699979505 84.63116069883108 899072
1783699980523 51.24571419879794 901120
1783699981574 72.56640343368053 903168
1783699983875 37.68657793849707 905216
1783699986553 81.1168980896473 907264
1783699993899 53.15372062847018 909312
1783700002161 55.15808792412281 911360
1783700010676 16.460589302703738 913408
1783700018840 46.4929729513824 915456
1783700027384 76.21373151987791 917504
1783700035614 26.58650102466345 919552
1783700044175 67.21992983296514 921600
1783700052644 44.98631718382239 923648
1783700061377 49.79914401099086 925696
1783700069488 55.98439171910286 927744
1783700077872 90.26122124865651 929792
1783700086419 63.695794619619846 931840
1783700094612 50.16023752093315 933888
1783700103362 61.895313896238804 935936
1783700109709 56.126982022076845 937984
1783700110676 93.18216384574771 940032
1783700116655 34.076989158988 942080
1783700125065 43.260704547166824 944128
1783700133300 48.8221650198102 946176
1783700141661 69.0896961055696 948224
1783700149817 48.21942625194788 950272
1783700158341 58.91008987277746 952320
1783700166584 20.494295058771968 954368
1783700174864 15.771315392106771 956416
1783700182728 66.38160727918148 958464
1783700191216 77.08537831529975 960512
1783700199358 66.4316293746233 962560
1783700207943 12.53146355971694 964608
1783700216131 67.16536159068346 966656
1783700224764 40.77843445725739 968704
1783700233409 45.19590009376407 970752
1783700241668 54.79783994704485 972800
1783700250040 25.59373079240322 974848
1783700258238 82.08686953037977 976896
1783700267023 47.19649362564087 978944
1783700275437 42.93405017070472 980992
1783700283746 39.983828745782375 983040
1783700291943 50.29990738630295 985088
1783700300548 50.79371579363942 987136
1783700309195 64.12459237128496 989184
1783700317470 23.963036350905895 991232
1783700326211 63.261414881795645 993280
1783700334495 50.82719433680177 995328
1783700342998 49.751768715679646 997376
1783700350929 13.291663404554129 999424
1783700353059 31.392295572492813 1000000
