1783697481491 867.1954083442688 2048
1783697489519 566.9262939691544 4096
1783697497596 851.4307103157043 6144
1783697505891 679.3112812042236 8192
1783697513863 420.03239822387695 10240
1783697522280 647.6989297866821 12288
1783697530272 527.4437212944031 14336
1783697538347 511.393944978714 16384
1783697546127 245.27149951457977 18432
1783697554256 557.655840754509 20480
1783697562191 264.03348088264465 22528
1783697565995 284.21746814250946 24576
1783697567048 318.8235493898392 26624
1783697568070 299.71478754282 28672
1783697569184 330.9565649628639 30720
1783697570258 160.29335191845894 32768
1783697571431 264.5625469684601 34816
1783697572590 320.4819023013115 36864
1783697573850 204.43759447336197 38912
1783697575129 521.214786529541 40960
1783697576309 193.417479544878 43008
1783697577597 325.1128599643707 45056
1783697578733 234.89724200963974 47104
1783697579890 108.5767474770546 49152
1783697581028 267.77120065689087 51200
1783697582182 176.99016791582108 53248
1783697583359 201.10547098517418 55296
1783697584639 67.38024404644966 57344
1783697585803 153.57337847352028 59392
1783697586989 96.88740520179272 61440
1783697592878 132.2519343495369 63488
1783697598840 132.30350410938263 65536
1783697601003 107.09994840621948 67584
1783697601914 140.3690526485443 69632
1783697602864 38.597051203250885 71680
1783697604028 43.21237440407276 73728
1783697605238 80.3587146550417 75776
1783697606421 57.40943165123463 77824
1783697607678 23.8500948920846 79872
1783697608968 46.858479365706444 81920
1783697610256 54.5962131023407 83968
1783697611457 28.242413759231567 86016
1783697612678 23.4242555052042 88064
1783697613876 37.385060749948025 90112
1783697615109 13.507845990359783 92160
1783697616371 65.12011028826237 94208
1783697617575 23.757309287786484 96256
1783697618867 23.895049273967743 98304
1783697620140 9.81651071086526 100352
1783697621363 13.955920293927193 102400
1783697622708 29.065181590616703 104448
1783697623952 42.260001357644796 106496
1783697625199 51.721460275352 108544
1783697626426 9.81216760352254 110592
1783697627635 33.191783513873816 112640
1783697628801 8.725540824234486 114688
1783697629928 10.367832731455564 116736
1783697631098 14.477140851318836 118784
1783697632369 23.439162887632847 120832
1783697633580 39.942221730947495 122880
1783697634828 39.08539020642638 124928
1783697636066 8.122870586812496 126976
1783697637316 62.94174678251147 129024
1783697638635 36.544800125062466 131072
1783697639862 33.210411943495274 133120
1783697641116 8.95443794876337 135168
1783697642720 8.554348737001419 137216
1783697644325 53.32935055345297 139264
1783697650863 65.81291774660349 141312
1783697653933 103.60284995287657 143360
1783697654891 35.129283241927624 145408
1783697655840 96.027210123837 147456
1783697657127 10.09830002579838 149504
1783697660082 80.85319831222296 151552
1783697666077 57.90565050765872 153600
1783697671039 86.49515724182129 155648
1783697679165 88.12419944256544 157696
1783697686569 38.0308398604393 159744
1783697687630 84.55274957418442 161792
1783697688587 145.84777876734734 163840
1783697689746 87.00669652968645 165888
1783697690960 117.03680319339037 167936
1783697692228 80.41200294345617 169984
1783697693471 112.55889773368835 172032
1783697694688 95.61754477024078 174080
1783697695958 96.6506144925952 176128
1783697697155 113.99679636955261 178176
1783697698377 111.62412793934345 180224
1783697699593 111.03199271857738 182272
1783697700725 81.2116886228323 184320
1783697701870 82.53786012530327 186368
1783697703057 145.4246163368225 188416
1783697704285 144.9845085144043 190464
1783697705493 142.2363626509905 192512
1783697706683 109.70792391896248 194560
1783697707880 149.27828696370125 196608
1783697708808 133.85623663663864 198656
1783697709828 154.05940555036068 200704
1783697710811 151.92582577466965 202752
1783697711841 145.16132789850235 204800
1783697712862 133.65508951246738 206848
1783697713999 155.79324945807457 208896
1783697715099 112.38867144286633 210944
1783697716238 137.21077638864517 212992
1783697717314 184.06347635388374 215040
1783697718437 143.72901153564453 217088
1783697719639 129.25489647686481 219136
1783697720801 144.6605379730463 221184
1783697721937 139.36077299714088 223232
1783697723172 128.86916971206665 225280
1783697724387 183.36440709233284 227328
1783697725539 163.98126862943172 229376
1783697726621 162.15486381947994 231424
1783697727866 196.36775946617126 233472
1783697728941 160.22902919352055 235520
1783697729965 140.03114421665668 237568
1783697731033 131.76377588510513 239616
1783697732043 148.58607831597328 241664
1783697733160 135.34152223169804 243712
1783697734190 74.6496914178133 245760
1783697736627 121.76790599524975 247808
1783697744374 167.57857617735863 249856
1783697751876 154.8061843663454 251904
1783697760149 142.19740918278694 253952
1783697768690 180.63536247611046 256000
1783697777119 157.57485154271126 258048
1783697785434 156.75493296980858 260096
1783697794147 126.44076180458069 262144
1783697802602 165.72540014982224 264192
1783697811307 228.6016004383564 266240
1783697819997 176.61642640829086 268288
1783697828324 160.45274928212166 270336
1783697837021 175.1901022195816 272384
1783697845298 196.07836124300957 274432
1783697853847 146.05716079473495 276480
1783697862081 81.24860455840826 278528
1783697870707 96.68011927604675 280576
1783697879023 135.78323800861835 282624
1783697887292 199.13454449176788 284672
1783697895886 147.5717804133892 286720
1783697903013 119.96989150345325 288768
1783697908225 56.68394497036934 290816
1783697916035 71.61681974679232 292864
1783697922827 126.42888323962688 294912
1783697923875 164.09515750408173 296960
1783697929407 144.01237712800503 299008
1783697937599 163.194957613945 301056
1783697945946 111.79385749995708 303104
1783697953440 154.09962767362595 305152
1783697961661 163.78022882342339 307200
1783697969007 124.04460523277521 309248
1783697976610 148.41121119260788 311296
1783697985294 129.8447272181511 313344
1783697992982 90.30691189318895 315392
1783697999812 134.02280466258526 317440
1783698006208 169.7860355824232 319488
1783698014285 141.0538413822651 321536
1783698022520 183.5772820711136 323584
1783698030446 139.02241618931293 325632
1783698038672 117.91936556994915 327680
1783698047303 135.10400119423866 329728
1783698055032 142.357939183712 331776
1783698062631 109.7854787260294 333824
1783698070694 161.9771127998829 335872
1783698078837 142.72962254285812 337920
1783698085429 179.78108118474483 339968
1783698093647 166.76085063815117 342016
1783698101605 118.7999075204134 344064
1783698109847 143.93678987026215 346112
1783698117991 64.89326673001051 348160
1783698126102 142.55316345393658 350208
1783698134149 122.02294264733791 352256
1783698142089 95.37998963147402 354304
1783698145856 138.45760841667652 356352
1783698149464 108.90227843821049 358400
1783698155959 112.11787774413824 360448
1783698164132 111.43133214116096 362496
1783698172229 97.30279482156038 364544
1783698180461 82.01582241803408 366592
1783698189131 102.0767178684473 368640
1783698197406 134.69456180930138 370688
1783698205816 116.8014495074749 372736
1783698214021 107.73902077972889 374784
1783698222494 55.074673626571894 376832
1783698230737 70.08852826803923 378880
1783698239323 80.86750827729702 380928
1783698247271 83.60821378976107 382976
1783698255733 125.56199994683266 385024
1783698264113 113.12271744012833 387072
1783698272634 72.94147144258022 389120
1783698281071 89.4832378923893 391168
1783698289377 30.330167554318905 393216
1783698297839 84.98026094585657 395264
1783698305945 81.11932902038097 397312
1783698314374 122.56241772323847 399360
1783698322560 65.8871475532651 401408
1783698330888 73.61073572933674 403456
1783698339168 86.44564948230982 405504
1783698347561 98.05961734801531 407552
1783698355458 107.88143108785152 409600
1783698363825 94.49421866983175 411648
1783698371991 131.42914982140064 413696
1783698380534 45.80383474379778 415744
1783698388676 46.05634668469429 417792
1783698396493 118.7521356716752 419840
1783698404802 50.03121314942837 421888
1783698413161 42.75400482490659 423936
1783698421676 78.89755734056234 425984
1783698429157 145.35725991427898 428032
1783698436926 71.88535512983799 430080
1783698444902 85.98367159068584 432128
1783698452611 74.53504949063063 434176
1783698460434 73.85710680484772 436224
1783698467729 60.58206519857049 438272
1783698475912 40.692310839891434 440320
1783698483518 95.61136599630117 442368
1783698490454 157.1396247819066 444416
1783698498311 57.77934796363115 446464
1783698504645 55.201657585799694 448512
1783698511941 113.30883261561394 450560
1783698519576 75.27023021876812 452608
1783698527487 120.32602332532406 454656
1783698535416 84.13328411057591 456704
1783698543335 90.19911548495293 458752
1783698551639 71.97563920170069 460800
1783698559461 144.64429514110088 462848
1783698567716 97.28622016310692 464896
1783698575589 136.21623680740595 466944
1783698582360 81.02735838294029 468992
1783698590468 120.17766734957695 471040
1783698595869 106.28522238135338 473088
1783698599357 92.68048629164696 475136
1783698607723 68.42326085269451 477184
1783698615920 36.31250969879329 479232
1783698624261 109.32399246096611 481280
1783698630288 124.74858197569847 483328
1783698638603 101.15080294758081 485376
1783698646679 77.85897444188595 487424
1783698654945 113.25248308479786 489472
1783698663097 132.0789700895548 491520
1783698671646 86.93682862073183 493568
1783698680395 72.83194935321808 495616
1783698688672 121.0294633358717 497664
1783698697082 121.83440715074539 499712
1783698705246 94.11555284261703 501760
1783698713892 125.03553055226803 503808
1783698722129 119.3073061555624 505856
1783698730790 86.59031540155411 507904
1783698738927 102.1384074985981 509952
1783698747465 102.76210505515337 512000
1783698755982 86.01485724002123 514048
1783698764667 78.84379142522812 516096
1783698773501 24.059973884373903 518144
1783698781703 139.18122544139624 520192
1783698790199 159.67514110729098 522240
1783698798656 109.15113417804241 524288
1783698807254 142.47342316806316 526336
1783698815611 71.81046848744154 528384
1783698824161 124.69763243943453 530432
1783698832192 84.62070101872087 532480
1783698838833 79.72887417674065 534528
1783698846506 137.59361919760704 536576
1783698854707 112.27969115972519 538624
1783698863404 68.55456315726042 540672
1783698871678 130.48824992403388 542720
1783698880248 66.17811100184917 544768
1783698888519 134.48224195837975 546816
1783698897306 140.8221622556448 548864
1783698905285 185.6531080007553 550912
1783698913537 136.08110265433788 552960
1783698921406 156.69897900521755 555008
1783698929521 57.17495372146368 557056
1783698937458 118.57444836199284 559104
1783698942341 85.29455754160881 561152
1783698943298 104.0758596509695 563200
1783698944266 155.35833501815796 565248
1783698945295 101.79423014819622 567296
1783698946339 92.06361712515354 569344
1783698947382 99.62168426811695 571392
1783698948551 135.84987716376781 573440
1783698949660 89.43519516289234 575488
1783698952911 129.87339130043983 577536
1783698960278 129.3267004340887 579584
1783698966890 153.1553007364273 581632
1783698974410 100.20352166891098 583680
1783698981609 134.70272975042462 585728
1783698989852 163.1471327841282 587776
1783698997828 86.01849599927664 589824
1783699005893 154.99215480685234 591872
1783699013615 62.09805980324745 593920
1783699021766 111.92198244482279 595968
1783699029884 116.03405842930079 598016
1783699038108 199.60774740576744 600064
1783699046450 123.16998887807131 602112
1783699054654 161.00967346131802 604160
1783699063888 209.39560344815254 606208
1783699070907 111.36495847254992 608256
1783699079382 80.6753503754735 610304
1783699087691 106.35947918891907 612352
1783699096159 125.06366290152073 614400
1783699104283 177.99705728888512 616448
1783699112745 131.33359044790268 618496
1783699120779 174.804308578372 620544
1783699129013 204.55280977487564 622592
1783699137425 134.38274145126343 624640
1783699145465 131.15385541319847 626688
1783699153915 83.94739335030317 628736
1783699162118 112.53277842700481 630784
1783699170659 107.10736728459597 632832
1783699178802 116.28310459852219 634880
1783699187245 148.63872328400612 636928
1783699195528 187.87695249915123 638976
1783699204020 118.1835071593523 641024
1783699212447 136.23097574710846 643072
1783699220658 75.2074511796236 645120
1783699229007 70.17996540665627 647168
1783699237298 132.29010047018528 649216
1783699245793 63.67997208982706 651264
1783699253819 98.33754508197308 653312
1783699262434 107.692173615098 655360
1783699270667 32.722818579524755 657408
1783699279220 97.03424967825413 659456
1783699287461 109.90511769801378 661504
1783699296014 94.93949981033802 663552
1783699304345 119.20151206851006 665600
1783699312735 107.1422842592001 667648
1783699321289 131.22568859159946 669696
1783699329407 178.53918385505676 671744
1783699337718 165.6972022652626 673792
1783699346002 88.35995496064425 675840
1783699354640 57.532046757638454 677888
1783699362712 97.88422906398773 679936
1783699371209 81.97624798119068 681984
1783699379572 107.02150298655033 684032
1783699387912 42.98849278688431 686080
1783699396009 130.93928468227386 688128
1783699404132 192.273856818676 690176
1783699412194 138.12898056209087 692224
1783699420007 114.17071069777012 694272
1783699427488 153.00191283226013 696320
1783699435183 151.5362215191126 698368
1783699443472 74.67803071439266 700416
1783699451523 168.66840575635433 702464
1783699459659 110.1793659478426 704512
1783699467851 186.92562741041183 706560
1783699475599 48.80518853664398 708608
1783699483769 194.16047790646553 710656
1783699491559 99.54934119433165 712704
1783699499702 81.9303981512785 714752
1783699507677 191.12365628778934 716800
1783699515984 112.42104072868824 718848
1783699524465 141.39897878468037 720896
1783699532584 92.80274733155966 722944
1783699540719 123.7153181321919 724992
1783699548914 156.8129113316536 727040
1783699557245 202.72937539219856 729088
1783699565314 211.40084102749825 731136
1783699573771 74.06843089312315 733184
1783699581799 143.36109767854214 735232
1783699590219 110.45526514947414 737280
1783699598370 111.7637765109539 739328
1783699606758 142.29882277548313 741376
1783699614751 106.57182142138481 743424
1783699623156 170.00457787513733 745472
1783699631771 90.73872436583042 747520
1783699639865 207.45935732126236 749568
1783699648323 118.5206852927804 751616
1783699656611 123.72829665243626 753664
1783699665126 178.15491622686386 755712
1783699673400 168.9262466430664 757760
1783699682097 166.70671790838242 759808
1783699689521 136.62525416910648 761856
1783699690507 49.46113374084234 763904
1783699691479 81.22278781235218 765952
1783699692545 54.804779917001724 768000
1783699693521 90.40858142077923 770048
1783699694544 95.01335280388594 772096
1783699695639 94.80739446729422 774144
1783699696759 181.3722274750471 776192
1783699697953 92.8153785020113 778240
1783699699081 136.38149075955153 780288
1783699700241 99.74767277389765 782336
1783699701415 92.51467341184616 784384
1783699702594 171.6339529156685 786432
1783699703648 230.338911190629 788480
1783699704600 126.77526539564133 790528
1783699705615 55.616845190525055 792576
1783699706582 115.09701109677553 794624
1783699707701 169.2925737798214 796672
1783699708738 71.46538878977299 798720
1783699709833 123.18835773319006 800768
1783699710789 107.25754129886627 802816
1783699711923 120.63581955432892 804864
1783699713061 77.85606037825346 806912
1783699714197 44.73708813637495 808960
1783699715327 63.32912712544203 811008
1783699716448 60.590658351778984 813056
1783699717423 185.3109860420227 815104
1783699718512 94.82687774300575 817152
1783699719526 179.5223315358162 819200
1783699720372 127.68113374710083 821248
1783699721420 127.62636660039425 823296
1783699722563 183.9123118519783 825344
1783699724061 121.11718100309372 827392
1783699731424 179.92315505445004 829440
1783699735979 93.94698981195688 831488
1783699743957 114.88571162521839 833536
1783699752473 65.22684419900179 835584
1783699760261 138.2963940948248 837632
1783699768634 106.00883457064629 839680
1783699776701 42.83615515381098 841728
1783699785370 48.556869365274906 843776
1783699793642 56.534822054207325 845824
1783699802141 152.74604666233063 847872
1783699810717 71.48555535078049 849920
1783699818688 67.91984932124615 851968
1783699827379 20.07710061967373 854016
1783699835913 133.01118813455105 856064
1783699844417 98.31595942005515 858112
1783699852575 29.68768200278282 860160
1783699861225 48.24607469141483 862208
1783699869136 74.72938093543053 864256
1783699877358 94.09477262198925 866304
1783699884762 171.07905408740044 868352
1783699892730 175.76484489440918 870400
1783699900634 42.77918020635843 872448
1783699908418 95.96322631835938 874496
1783699916544 156.29079854488373 876544
1783699924401 40.28652112558484 878592
1783699932780 125.97232499718666 880640
1783699940430 177.90630127489567 882688
1783699948517 82.32860197871923 884736
1783699956471 87.2231986746192 886784
1783699964702 105.849405631423 888832
1783699972628 61.60300722718239 890880
1783699975400 94.1829295605421 892928
1783699976379 56.94152107834816 894976
1783699977358 77.42516941577196 897024
1783699979505 169.27945767343044 899072
1783699980523 102.50691021233797 901120
1783699981574 145.14936232566833 903168
1783699983875 75.38804484158754 905216
1783699986553 162.2505103647709 907264
1783699993899 106.32512773573399 909312
1783700002161 110.33404735475779 911360
1783700010676 32.93562205508351 913408
1783700018840 93.0027121976018 915456
1783700027384 152.4444099366665 917504
1783700035614 53.186237674206495 919552
1783700044175 134.45727709680796 921600
1783700052644 89.99111165851355 923648
1783700061377 99.61373150348663 925696
1783700069488 111.9837335050106 927744
1783700077872 180.5399253219366 929792
1783700086419 127.40673591196537 931840
1783700094612 100.33585305511951 933888
1783700103362 123.80535713583231 935936
1783700109709 112.27043431997299 937984
1783700110676 186.38135132193565 940032
1783700116655 68.16968058794737 942080
1783700125065 86.53765007853508 944128
1783700133300 97.66050630807877 946176
1783700141661 138.1957113072276 948224
1783700149817 96.45430007576942 950272
1783700158341 117.83563195168972 952320
1783700166584 41.0043735280633 954368
1783700174864 31.55346169322729 956416
1783700182728 132.7801138535142 958464
1783700191216 154.18696124851704 960512
1783700199358 132.8792301118374 962560
1783700207943 25.077922485768795 964608
1783700216131 134.34691266715527 966656
1783700224764 81.57239512354136 968704
1783700233409 90.40864861756563 970752
1783700241668 109.60927838087082 972800
1783700250040 51.20093746855855 974848
1783700258238 164.189944550395 976896
1783700267023 94.40808799117804 978944
1783700275437 85.88402330875397 980992
1783700283746 79.98299587890506 983040
1783700291943 100.6163345426321 985088
1783700300548 101.60198270902038 987136
1783700309195 128.26458168029785 989184
1783700317470 47.94184251874685 991232
1783700326211 126.53694108128548 993280
1783700334495 101.66956162452698 995328
1783700342998 99.51927639916539 997376
1783700350929 26.59660142660141 999424
1783700353059 62.79902304543389 1000000
