1783694682082 22.0 2048
1783694683310 43.0 4096
1783694684477 66.0 6144
1783694685587 86.0 8192
1783694686714 107.0 10240
1783694687824 126.0 12288
1783694689129 144.0 14336
1783694690446 156.0 16384
1783694691653 170.0 18432
1783694692739 187.0 20480
1783694693889 202.0 22528
1783694694983 216.0 24576
1783694696098 230.0 26624
1783694697227 243.0 28672
1783694698360 256.0 30720
1783694699593 265.0 32768
1783694700789 275.0 34816
1783694702006 282.0 36864
1783694703167 289.0 38912
1783694704371 301.0 40960
1783694705598 307.0 43008
1783694706750 323.0 45056
1783694708042 336.0 47104
1783694709316 343.0 49152
1783694710514 352.0 51200
1783694711751 363.0 53248
1783694712951 372.0 55296
1783694714071 376.0 57344
1783694715340 382.0 59392
1783694716500 389.0 61440
1783694717716 397.0 63488
1783694718829 402.0 65536
1783694720066 408.0 67584
1783694721270 415.0 69632
1783694722450 417.0 71680
1783694723674 419.0 73728
1783694724756 423.0 75776
1783694726123 426.0 77824
1783694727560 428.0 79872
1783694728702 431.0 81920
1783694730043 435.0 83968
1783694731314 437.0 86016
1783694733214 439.0 88064
1783694740584 442.0 90112
1783694742649 444.0 92160
1783694743637 447.0 94208
1783694744649 449.0 96256
1783694745779 451.0 98304
1783694746988 453.0 100352
1783694748211 455.0 102400
1783694749421 457.0 104448
1783694750642 460.0 106496
1783694751771 462.0 108544
1783694752958 464.0 110592
1783694754213 467.0 112640
1783694755394 469.0 114688
1783694756600 471.0 116736
1783694757831 473.0 118784
1783694759040 475.0 120832
1783694760329 477.0 122880
1783694761605 480.0 124928
1783694762926 482.0 126976
1783694764084 485.0 129024
1783694765333 487.0 131072
1783694766658 489.0 133120
1783694768043 491.0 135168
1783694769343 493.0 137216
1783694770567 496.0 139264
1783694771827 499.0 141312
1783694773034 502.0 143360
1783694774128 504.0 145408
1783694775344 507.0 147456
1783694776666 509.0 149504
1783694777955 512.0 151552
1783694779216 515.0 153600
1783694780493 518.0 155648
1783694781627 521.0 157696
1783694782878 523.0 159744
1783694785364 526.0 161792
1783694790606 531.0 163840
1783694797047 534.0 165888
1783694805229 538.0 167936
1783694812861 541.0 169984
1783694821126 545.0 172032
1783694829402 549.0 174080
1783694837872 552.0 176128
1783694846374 556.0 178176
1783694854556 560.0 180224
1783694863084 564.0 182272
1783694871385 567.0 184320
1783694879969 571.0 186368
1783694888238 576.0 188416
1783694896866 580.0 190464
1783694905262 585.0 192512
1783694913826 589.0 194560
1783694922062 594.0 196608
1783694930632 599.0 198656
1783694938974 604.0 200704
1783694947471 609.0 202752
1783694955901 614.0 204800
1783694963971 619.0 206848
1783694972605 625.0 208896
1783694980557 629.0 210944
1783694989249 634.0 212992
1783694997389 640.0 215040
1783695005864 645.0 217088
1783695013919 650.0 219136
1783695022376 655.0 221184
1783695030540 660.0 223232
1783695038502 665.0 225280
1783695046981 671.0 227328
1783695053360 677.0 229376
1783695054987 683.0 231424
1783695062999 689.0 233472
1783695070659 695.0 235520
1783695078677 700.0 237568
1783695086484 705.0 239616
1783695094511 711.0 241664
1783695102294 716.0 243712
1783695110014 719.0 245760
1783695117974 724.0 247808
1783695125419 730.0 249856
1783695133383 735.0 251904
1783695141454 740.0 253952
1783695149388 746.0 256000
1783695157433 752.0 258048
1783695165046 757.0 260096
1783695173070 762.0 262144
1783695180908 768.0 264192
1783695189113 775.0 266240
1783695197033 781.0 268288
1783695205430 787.0 270336
1783695213395 793.0 272384
1783695221377 800.0 274432
1783695229569 806.0 276480
1783695237487 810.0 278528
1783695245665 814.0 280576
1783695253608 820.0 282624
1783695261810 827.0 284672
1783695269558 833.0 286720
1783695277656 838.0 288768
1783695285901 842.0 290816
1783695293969 846.0 292864
1783695302164 852.0 294912
1783695310529 858.0 296960
1783695319044 864.0 299008
1783695327196 871.0 301056
1783695335438 876.0 303104
1783695343683 882.0 305152
1783695351771 888.0 307200
1783695359971 894.0 309248
1783695368448 900.0 311296
1783695376812 906.0 313344
1783695385160 910.0 315392
1783695393743 915.0 317440
1783695401786 921.0 319488
1783695410386 927.0 321536
1783695418731 933.0 323584
1783695426713 939.0 325632
1783695434917 944.0 327680
1783695443624 950.0 329728
1783695451866 956.0 331776
1783695459935 961.0 333824
1783695468266 967.0 335872
1783695476313 973.0 337920
1783695484719 980.0 339968
1783695492822 986.0 342016
1783695501334 991.0 344064
1783695509354 996.0 346112
1783695517968 1000.0 348160
1783695526326 1006.0 350208
1783695534769 1011.0 352256
1783695543103 1015.0 354304
1783695550767 1020.0 356352
1783695558579 1025.0 358400
1783695566142 1030.0 360448
1783695574080 1035.0 362496
1783695581797 1039.0 364544
1783695589793 1043.0 366592
1783695597798 1047.0 368640
1783695605334 1052.0 370688
1783695613413 1056.0 372736
1783695621242 1060.0 374784
1783695629226 1064.0 376832
1783695637091 1067.0 378880
1783695645104 1071.0 380928
1783695653112 1074.0 382976
1783695660772 1078.0 385024
1783695669010 1082.0 387072
1783695676882 1086.0 389120
1783695685122 1090.0 391168
1783695693091 1092.0 393216
1783695701159 1096.0 395264
1783695709414 1099.0 397312
1783695717303 1104.0 399360
1783695725596 1107.0 401408
1783695733334 1111.0 403456
1783695741625 1115.0 405504
1783695749663 1119.0 407552
1783695757772 1122.0 409600
1783695765911 1126.0 411648
1783695773888 1130.0 413696
1783695782024 1133.0 415744
1783695790185 1136.0 417792
1783695798496 1140.0 419840
1783695806704 1143.0 421888
1783695815356 1146.0 423936
1783695823564 1150.0 425984
1783695831902 1155.0 428032
1783695840543 1159.0 430080
1783695848649 1163.0 432128
1783695857191 1167.0 434176
1783695865310 1171.0 436224
1783695873741 1174.0 438272
1783695882121 1177.0 440320
1783695890576 1181.0 442368
1783695899049 1185.0 444416
1783695907228 1188.0 446464
1783695915751 1191.0 448512
1783695923726 1196.0 450560
1783695932094 1200.0 452608
1783695940203 1205.0 454656
1783695948580 1208.0 456704
1783695956995 1212.0 458752
1783695965608 1216.0 460800
1783695973670 1221.0 462848
1783695982013 1225.0 464896
1783695990201 1230.0 466944
1783695997841 1234.0 468992
1783695998852 1239.0 471040
1783695999866 1244.0 473088
1783696000848 1247.0 475136
1783696001867 1251.0 477184
1783696002903 1254.0 479232
1783696003988 1259.0 481280
1783696005318 1264.0 483328
1783696012060 1269.0 485376
1783696017209 1273.0 487424
1783696025220 1278.0 489472
1783696032829 1283.0 491520
