1783694682082 -190.3197649125647 2048
1783694683310 -145.0091437378399 4096
1783694684477 -161.68638008402726 6144
1783694685587 -151.0268105795979 8192
1783694686714 -104.19877553288116 10240
1783694687824 -158.82916091776136 12288
1783694689129 -141.86640960050119 14336
1783694690446 -144.21140671275538 16384
1783694691653 -111.48722758558638 18432
1783694692739 -144.55570061863426 20480
1783694693889 -102.97712245122727 22528
1783694694983 -98.07209153820432 24576
1783694696098 -109.27865613362621 26624
1783694697227 -90.53524516445867 28672
1783694698360 -84.44721900661996 30720
1783694699593 -80.77156629246129 32768
1783694700789 -86.63279099523086 34816
1783694702006 -133.11672168947172 36864
1783694703167 -114.87211444366025 38912
1783694704371 -132.38997852310746 40960
1783694705598 -105.70288214008356 43008
1783694706750 -57.665185344738845 45056
1783694708042 -52.094082974240834 47104
1783694709316 -39.40229618678999 49152
1783694710514 -49.722411477003945 51200
1783694711751 -64.12628104101428 53248
1783694712951 -47.40125748657723 55296
1783694714071 -51.291248464930916 57344
1783694715340 -53.09722375429783 59392
1783694716500 -47.44116647321556 61440
1783694717716 -30.758977121604083 63488
1783694718829 -29.07279091848895 65536
1783694720066 -32.09161789865144 67584
1783694721270 -39.0996883060635 69632
1783694722450 -39.944006881097884 71680
1783694723674 -36.40115615360233 73728
1783694724756 -25.55660953006886 75776
1783694726123 -27.55162262395233 77824
1783694727560 -19.12251107578295 79872
1783694728702 -1.8931330788767782 81920
1783694730043 15.603983633810966 83968
1783694731314 28.46591696840296 86016
1783694733214 33.175793988628534 88064
1783694740584 42.32594272484949 90112
1783694742649 50.51405133452816 92160
1783694743637 50.23626556480754 94208
1783694744649 58.09811922000888 96256
1783694745779 57.17743848094477 98304
1783694746988 60.693852872469805 100352
1783694748211 63.87025816597596 102400
1783694749421 50.36392612148428 104448
1783694750642 39.01314384415532 106496
1783694751771 28.433004822366986 108544
1783694752958 27.920179135395262 110592
1783694754213 21.75269157453271 112640
1783694755394 12.782090565372775 114688
1783694756600 11.983783635673717 116736
1783694757831 2.5750081655716572 118784
1783694759040 -1.9958246966063968 120832
1783694760329 9.223700298411886 122880
1783694761605 28.60927251165674 124928
1783694762926 36.66845026309992 126976
1783694764084 24.153340762927748 129024
1783694765333 49.33783256825356 131072
1783694766658 62.52475017326044 133120
1783694768043 62.829963523939384 135168
1783694769343 65.60670130436003 137216
1783694770567 50.75794264050036 139264
1783694771827 53.99121891830589 141312
1783694773034 45.46523954636068 143360
1783694774128 62.48931963417671 145408
1783694775344 62.53153393138066 147456
1783694776666 52.87849940781496 149504
1783694777955 60.74260362288288 151552
1783694779216 68.31748999034855 153600
1783694780493 84.01727469596025 155648
1783694781627 120.489679943331 157696
1783694782878 111.8673170973592 159744
1783694785364 135.02625737677303 161792
1783694790606 153.8686764239 163840
1783694797047 168.30409785304215 165888
1783694805229 176.28851449381574 167936
1783694812861 167.61955140138681 169984
1783694821126 164.25551249008785 172032
1783694829402 158.76268236615354 174080
1783694837872 141.44887897154132 176128
1783694846374 121.96784583146112 178176
1783694854556 97.00420898093483 180224
1783694863084 122.18505351862545 182272
1783694871385 93.98860020227278 184320
1783694879969 114.6672148917331 186368
1783694888238 123.33514626635767 188416
1783694896866 106.2838059505074 190464
1783694905262 91.19531408058617 192512
1783694913826 112.38997487500365 194560
1783694922062 101.66252408086561 196608
1783694930632 127.89244626172982 198656
1783694938974 162.2265957661029 200704
1783694947471 150.4347116279579 202752
1783694955901 140.03975570846686 204800
1783694963971 111.18043704257828 206848
1783694972605 120.02140355130726 208896
1783694980557 131.83915965490507 210944
1783694989249 156.18876747931768 212992
1783694997389 139.83255954044003 215040
1783695005864 121.61222970887881 217088
1783695013919 124.34489839890648 219136
1783695022376 131.9978261966324 221184
1783695030540 171.67600533446605 223232
1783695038502 194.0695025256592 225280
1783695046981 171.07970581037162 227328
1783695053360 176.54711577089614 229376
1783695054987 152.62323429925215 231424
1783695062999 126.40356733764244 233472
1783695070659 83.39561401235437 235520
1783695078677 56.072285163051866 237568
1783695086484 53.78609411354476 239616
1783695094511 75.75435328108996 241664
1783695102294 104.36292096327176 243712
1783695110014 123.4688188304577 245760
1783695117974 154.00738751412862 247808
1783695125419 170.85672142397817 249856
1783695133383 157.75141845709283 251904
1783695141454 126.4021010161462 253952
1783695149388 76.6826367969624 256000
1783695157433 96.813341319388 258048
1783695165046 106.98976453961181 260096
1783695173070 125.64248275361481 262144
1783695180908 141.09540266126558 264192
1783695189113 101.8692826831684 266240
1783695197033 64.78638898193189 268288
1783695205430 63.887944033646704 270336
1783695213395 85.53314972286941 272384
1783695221377 64.11317092108527 274432
1783695229569 92.60395818601756 276480
1783695237487 102.5757183656331 278528
1783695245665 144.11274504573333 280576
1783695253608 181.2530336376521 282624
1783695261810 135.3988784928619 284672
1783695269558 116.25360181651494 286720
1783695277656 105.02712806530607 288768
1783695285901 124.96670337644585 290816
1783695293969 164.48043297917857 292864
1783695302164 177.178382511359 294912
1783695310529 175.4695206759955 296960
1783695319044 126.47943130497865 299008
1783695327196 91.68723928270836 301056
1783695335438 88.04408687229535 303104
1783695343683 82.44641685970625 305152
1783695351771 98.5387046270818 307200
1783695359971 101.40373604837285 309248
1783695368448 100.57715837818014 311296
1783695376812 94.24379603941148 313344
1783695385160 102.3549229280795 315392
1783695393743 86.48997575596555 317440
1783695401786 65.2204209185167 319488
1783695410386 99.56823366458963 321536
1783695418731 54.53597474024311 323584
1783695426713 97.63036821137842 325632
1783695434917 86.60132554962459 327680
1783695443624 112.49325228156047 329728
1783695451866 120.67210767211768 331776
1783695459935 118.05122829378263 333824
1783695468266 76.00958744073218 335872
1783695476313 65.51147158498785 337920
1783695484719 27.91232626046201 339968
1783695492822 37.29209089590197 342016
1783695501334 63.213808878992154 344064
1783695509354 57.9048346726823 346112
1783695517968 102.16187193390545 348160
1783695526326 113.97743353810162 350208
1783695534769 101.89002699884823 352256
1783695543103 114.785209626993 354304
1783695550767 85.31221636118539 356352
1783695558579 78.70118251567717 358400
1783695566142 95.54925161273988 360448
1783695574080 97.40232047775159 362496
1783695581797 107.6549423641737 364544
1783695589793 132.6604377255774 366592
1783695597798 140.73013346465305 368640
1783695605334 111.05165732200093 370688
1783695613413 105.1639104812017 372736
1783695621242 92.58742051842685 374784
1783695629226 69.03800351005579 376832
1783695637091 87.71146026667854 378880
1783695645104 116.13638567889714 380928
1783695653112 84.1152871783484 382976
1783695660772 73.19141741279144 385024
1783695669010 79.77594765643008 387072
1783695676882 85.4944986053832 389120
1783695685122 62.75869540212144 391168
1783695693091 76.52232099301399 393216
1783695701159 95.9106856996375 395264
1783695709414 97.62031663037442 397312
1783695717303 69.396688097282 399360
1783695725596 65.56732384757534 401408
1783695733334 87.07616180708514 403456
1783695741625 89.12016637410348 405504
1783695749663 94.13552257058878 407552
1783695757772 107.44983636343007 409600
1783695765911 87.77386873695968 411648
1783695773888 45.049885774842075 413696
1783695782024 34.957361085846856 415744
1783695790185 54.67886474790161 417792
1783695798496 59.24304907934752 419840
1783695806704 71.35826800456265 421888
1783695815356 92.49816173584327 423936
1783695823564 109.64787275166702 425984
1783695831902 104.75576102847704 428032
1783695840543 128.73741263351613 430080
1783695848649 113.129620900322 432128
1783695857191 134.2071337020175 434176
1783695865310 145.8484437451392 436224
1783695873741 157.01784177626269 438272
1783695882121 165.25038377936363 440320
1783695890576 160.99888601936595 442368
1783695899049 119.06709952058699 444416
1783695907228 114.33895000131209 446464
1783695915751 115.06523688297409 448512
1783695923726 102.22746160568352 450560
1783695932094 116.59012482269779 452608
1783695940203 136.16989834568375 454656
1783695948580 123.07449476866331 456704
1783695956995 114.15747638143498 458752
1783695965608 133.44261913636848 460800
1783695973670 114.66524039127066 462848
1783695982013 115.20044764291906 464896
1783695990201 111.83518650462516 466944
1783695997841 95.24903161215641 468992
1783695998852 97.54540231427646 471040
1783695999866 88.89064318808859 473088
1783696000848 69.92319713363199 475136
1783696001867 100.34839798532708 477184
1783696002903 108.25169045425089 479232
1783696003988 101.98779571785187 481280
1783696005318 117.1865787030259 483328
1783696012060 113.9167672387731 485376
1783696017209 102.37411983500934 487424
1783696025220 105.98031557445904 489472
1783696032829 93.7375266957005 491520
