1783655298376 19.9 2048
1783655299483 27.4 4096
1783655300431 36.5 6144
1783655301375 39.85 8192
1783655302348 46.15 10240
1783655303305 64.6 12288
1783655304217 118.4 14336
1783655305179 124.6 16384
1783655306167 150.2 18432
1783655307204 189.4 20480
1783655308278 179.45 22528
1783655309373 170.7 24576
1783655310497 180.9 26624
1783655311496 232.8 28672
1783655312428 263.55 30720
1783655313454 249.95 32768
1783655314351 235.95 34816
1783655315339 276.0 36864
1783655316333 317.05 38912
1783655317404 372.1 40960
1783655318370 415.6 43008
1783655319438 415.65 45056
1783655320459 423.05 47104
1783655321490 400.75 49152
1783655322429 386.6 51200
1783655323408 392.85 53248
1783655324411 400.8 55296
1783655325348 409.0 57344
1783655326375 396.8 59392
1783655327393 383.25 61440
1783655328385 390.25 63488
1783655329305 390.95 65536
1783655330333 386.4 67584
1783655331308 399.9 69632
1783655332412 411.45 71680
1783655333434 410.95 73728
1783655334420 448.95 75776
1783655335514 464.7 77824
1783655336445 465.35 79872
1783655337498 488.5 81920
1783655338555 496.35 83968
1783655339680 496.35 86016
1783655340670 496.35 88064
1783655341686 478.4 90112
1783655342516 457.4 92160
1783655343547 456.25 94208
1783655344566 447.5 96256
1783655345543 451.35 98304
1783655346372 471.8 100352
1783655347164 486.45 102400
1783655348162 491.25 104448
1783655349170 500.0 106496
1783655350147 500.0 108544
1783655351043 498.6 110592
1783655351856 498.6 112640
1783655352635 498.6 114688
1783655353594 498.6 116736
1783655354446 498.6 118784
1783655355247 500.0 120832
1783655356290 500.0 122880
1783655357245 500.0 124928
1783655358101 500.0 126976
1783655358909 500.0 129024
1783655359758 500.0 131072
1783655360706 500.0 133120
1783655361548 500.0 135168
1783655362352 500.0 137216
1783655363354 500.0 139264
1783655364357 500.0 141312
1783655365193 500.0 143360
1783655366013 500.0 145408
1783655366815 500.0 147456
1783655367864 500.0 149504
1783655368771 500.0 151552
1783655369609 500.0 153600
1783655370414 500.0 155648
1783655371413 500.0 157696
1783655372377 500.0 159744
1783655373279 500.0 161792
1783655374098 500.0 163840
1783655374930 500.0 165888
1783655375890 500.0 167936
1783655376703 500.0 169984
1783655377495 500.0 172032
1783655378493 500.0 174080
1783655379443 500.0 176128
1783655380327 500.0 178176
1783655381139 500.0 180224
1783655381941 500.0 182272
1783655382921 500.0 184320
1783655383808 500.0 186368
1783655384604 500.0 188416
1783655385407 500.0 190464
1783655386422 500.0 192512
1783655387276 500.0 194560
1783655388079 500.0 196608
1783655389090 500.0 198656
1783655389939 500.0 200704
1783655390725 500.0 202752
1783655391580 500.0 204800
1783655392518 500.0 206848
1783655393356 500.0 208896
1783655394140 500.0 210944
1783655395114 500.0 212992
1783655395956 500.0 215040
1783655396794 500.0 217088
1783655397599 500.0 219136
1783655398560 500.0 221184
1783655399424 500.0 223232
1783655400192 500.0 225280
1783655401180 500.0 227328
1783655402131 500.0 229376
1783655403102 500.0 231424
1783655403934 500.0 233472
1783655404738 500.0 235520
1783655405751 500.0 237568
1783655406740 500.0 239616
1783655407608 500.0 241664
1783655408454 500.0 243712
1783655409327 500.0 245760
1783655410269 500.0 247808
1783655411121 500.0 249856
1783655411924 500.0 251904
1783655412726 500.0 253952
1783655413621 500.0 256000
1783655414379 500.0 258048
1783655415189 500.0 260096
1783655416125 500.0 262144
1783655417065 500.0 264192
1783655417895 500.0 266240
1783655418685 500.0 268288
1783655419647 500.0 270336
1783655420451 500.0 272384
1783655421219 500.0 274432
1783655422176 500.0 276480
1783655423163 500.0 278528
1783655423944 500.0 280576
1783655424744 500.0 282624
1783655425723 500.0 284672
1783655426693 500.0 286720
1783655427591 500.0 288768
1783655428393 500.0 290816
1783655429181 500.0 292864
1783655430136 500.0 294912
1783655431007 500.0 296960
1783655431783 500.0 299008
1783655432591 500.0 301056
1783655433559 500.0 303104
1783655434417 500.0 305152
1783655435191 500.0 307200
1783655435985 500.0 309248
1783655436944 500.0 311296
1783655437784 500.0 313344
1783655438574 500.0 315392
1783655439546 500.0 317440
1783655440526 500.0 319488
1783655441462 500.0 321536
1783655442292 500.0 323584
1783655443083 500.0 325632
1783655444031 500.0 327680
1783655444832 500.0 329728
1783655445624 500.0 331776
1783655446607 500.0 333824
1783655447547 500.0 335872
1783655448353 500.0 337920
1783655449172 500.0 339968
1783655449998 500.0 342016
1783655450950 500.0 344064
1783655451761 500.0 346112
1783655452546 500.0 348160
1783655453557 500.0 350208
1783655454473 500.0 352256
1783655455319 500.0 354304
1783655456101 500.0 356352
1783655456911 500.0 358400
1783655457860 500.0 360448
1783655458662 500.0 362496
1783655459451 500.0 364544
1783655460445 500.0 366592
1783655461334 500.0 368640
1783655462166 500.0 370688
1783655462944 500.0 372736
1783655463849 500.0 374784
1783655464818 500.0 376832
1783655465593 500.0 378880
1783655466412 500.0 380928
1783655467370 500.0 382976
1783655468312 500.0 385024
1783655469148 500.0 387072
1783655469949 500.0 389120
1783655470708 500.0 391168
1783655471639 500.0 393216
1783655472489 500.0 395264
1783655473266 500.0 397312
1783655474038 500.0 399360
1783655474941 500.0 401408
1783655475826 500.0 403456
1783655476616 500.0 405504
1783655477397 500.0 407552
1783655478339 500.0 409600
1783655479094 500.0 411648
1783655479901 500.0 413696
1783655480806 500.0 415744
1783655481555 500.0 417792
1783655482316 500.0 419840
1783655483178 500.0 421888
1783655484036 500.0 423936
1783655484809 500.0 425984
1783655485819 500.0 428032
1783655486724 500.0 430080
1783655487600 500.0 432128
1783655488360 500.0 434176
1783655489206 500.0 436224
1783655490176 500.0 438272
1783655491002 500.0 440320
1783655491768 500.0 442368
1783655492541 500.0 444416
1783655493491 500.0 446464
1783655494314 500.0 448512
1783655495126 500.0 450560
1783655496026 500.0 452608
1783655496823 500.0 454656
1783655497634 500.0 456704
1783655498629 500.0 458752
1783655499556 500.0 460800
1783655500371 500.0 462848
1783655501149 500.0 464896
1783655502084 500.0 466944
1783655502931 500.0 468992
1783655503780 500.0 471040
1783655504620 500.0 473088
1783655505555 500.0 475136
1783655506420 500.0 477184
1783655507186 500.0 479232
1783655507956 500.0 481280
1783655508821 500.0 483328
1783655509604 500.0 485376
1783655510374 500.0 487424
1783655511264 500.0 489472
1783655512042 500.0 491520
1783655512873 500.0 493568
1783655513757 500.0 495616
1783655514553 500.0 497664
1783655515365 500.0 499712
1783655516373 500.0 501760
1783655517281 500.0 503808
1783655518110 500.0 505856
1783655518960 500.0 507904
1783655519947 500.0 509952
1783655520925 500.0 512000
1783655521807 500.0 514048
1783655522572 500.0 516096
1783655523448 500.0 518144
1783655524406 500.0 520192
1783655525184 500.0 522240
1783655525976 500.0 524288
1783655526875 500.0 526336
1783655527653 500.0 528384
1783655528417 500.0 530432
1783655529341 500.0 532480
1783655530101 500.0 534528
1783655530922 500.0 536576
1783655531801 500.0 538624
1783655532603 500.0 540672
1783655533376 500.0 542720
1783655534362 500.0 544768
1783655535317 500.0 546816
1783655536180 500.0 548864
1783655536975 500.0 550912
1783655537811 500.0 552960
1783655538741 500.0 555008
1783655539559 500.0 557056
1783655540389 500.0 559104
1783655541145 500.0 561152
1783655542084 500.0 563200
1783655542892 500.0 565248
1783655543666 500.0 567296
1783655544528 500.0 569344
1783655545395 500.0 571392
1783655546192 500.0 573440
1783655547048 500.0 575488
1783655547818 500.0 577536
1783655548646 500.0 579584
1783655549548 500.0 581632
1783655550330 500.0 583680
1783655551105 500.0 585728
1783655552044 500.0 587776
1783655552897 500.0 589824
1783655553698 500.0 591872
1783655554499 500.0 593920
1783655555405 500.0 595968
1783655556259 500.0 598016
1783655557026 500.0 600064
1783655558018 500.0 602112
1783655558940 500.0 604160
1783655559702 500.0 606208
1783655560534 500.0 608256
1783655561450 500.0 610304
1783655562337 500.0 612352
1783655563137 500.0 614400
1783655564102 500.0 616448
1783655565003 500.0 618496
1783655565843 500.0 620544
1783655566617 500.0 622592
1783655567610 500.0 624640
1783655568443 500.0 626688
1783655569309 500.0 628736
1783655570102 500.0 630784
1783655570988 500.0 632832
1783655571808 500.0 634880
1783655572646 500.0 636928
1783655573539 500.0 638976
1783655574364 500.0 641024
1783655575167 500.0 643072
1783655576026 500.0 645120
1783655576839 500.0 647168
1783655577609 500.0 649216
1783655578581 500.0 651264
1783655579481 500.0 653312
1783655580287 500.0 655360
1783655581088 500.0 657408
1783655581987 500.0 659456
1783655582756 500.0 661504
1783655583757 500.0 663552
1783655584526 500.0 665600
1783655585551 500.0 667648
1783655586391 500.0 669696
1783655587250 500.0 671744
1783655588051 500.0 673792
1783655588971 500.0 675840
1783655589765 500.0 677888
1783655590524 500.0 679936
1783655591419 500.0 681984
1783655592233 500.0 684032
1783655593062 500.0 686080
1783655594040 500.0 688128
1783655594955 500.0 690176
1783655595759 500.0 692224
1783655596527 500.0 694272
1783655597434 500.0 696320
1783655598212 500.0 698368
1783655598994 500.0 700416
1783655599946 500.0 702464
1783655600813 500.0 704512
1783655601575 500.0 706560
1783655602569 500.0 708608
1783655603414 500.0 710656
1783655604197 500.0 712704
1783655605138 500.0 714752
1783655606043 500.0 716800
1783655606877 500.0 718848
1783655607673 500.0 720896
1783655608644 500.0 722944
1783655609493 500.0 724992
1783655610371 500.0 727040
1783655611326 500.0 729088
1783655612234 500.0 731136
1783655613018 500.0 733184
1783655613855 500.0 735232
1783655614855 500.0 737280
1783655615666 500.0 739328
1783655616464 500.0 741376
1783655617266 500.0 743424
1783655618223 500.0 745472
1783655619117 500.0 747520
1783655620128 500.0 749568
1783655621102 500.0 751616
1783655622089 500.0 753664
1783655622875 500.0 755712
1783655623717 500.0 757760
1783655624487 500.0 759808
1783655625330 500.0 761856
1783655626133 500.0 763904
1783655627129 500.0 765952
1783655627996 500.0 768000
1783655628841 500.0 770048
1783655629617 500.0 772096
1783655630480 500.0 774144
1783655631278 500.0 776192
1783655632121 500.0 778240
1783655633010 500.0 780288
1783655633778 500.0 782336
1783655634610 500.0 784384
1783655635439 500.0 786432
1783655636222 500.0 788480
1783655636977 500.0 790528
1783655637876 500.0 792576
1783655638741 500.0 794624
1783655639576 500.0 796672
1783655640523 500.0 798720
1783655641372 500.0 800768
1783655642269 500.0 802816
1783655643039 500.0 804864
1783655644114 500.0 806912
1783655644984 500.0 808960
1783655645782 500.0 811008
1783655646644 500.0 813056
1783655647542 500.0 815104
1783655648458 500.0 817152
1783655649377 500.0 819200
1783655650312 500.0 821248
1783655651254 500.0 823296
1783655652074 500.0 825344
1783655652970 500.0 827392
1783655653978 500.0 829440
1783655654852 500.0 831488
1783655655652 500.0 833536
1783655656479 500.0 835584
1783655657388 500.0 837632
1783655658246 500.0 839680
1783655659198 500.0 841728
1783655660142 500.0 843776
1783655660995 500.0 845824
1783655661981 500.0 847872
1783655662979 500.0 849920
1783655663896 500.0 851968
1783655664822 500.0 854016
1783655665613 500.0 856064
1783655666494 500.0 858112
1783655667346 500.0 860160
1783655668167 500.0 862208
1783655669157 500.0 864256
1783655670144 500.0 866304
1783655671014 500.0 868352
1783655671808 500.0 870400
1783655672601 500.0 872448
1783655673517 500.0 874496
1783655674324 500.0 876544
1783655675356 500.0 878592
1783655676307 500.0 880640
1783655677119 500.0 882688
1783655678074 500.0 884736
1783655678899 500.0 886784
1783655679704 500.0 888832
1783655680667 500.0 890880
1783655681589 500.0 892928
1783655682381 500.0 894976
1783655683251 500.0 897024
1783655684200 500.0 899072
1783655685058 500.0 901120
1783655686008 500.0 903168
1783655686767 500.0 905216
1783655687629 500.0 907264
1783655688426 500.0 909312
1783655689491 500.0 911360
1783655690438 500.0 913408
1783655691340 500.0 915456
1783655692258 500.0 917504
1783655693235 500.0 919552
1783655694211 500.0 921600
1783655695068 500.0 923648
1783655695838 500.0 925696
1783655696831 500.0 927744
1783655697762 500.0 929792
1783655698670 500.0 931840
1783655699506 500.0 933888
1783655700457 500.0 935936
1783655701424 500.0 937984
1783655702334 500.0 940032
1783655703142 500.0 942080
1783655704155 500.0 944128
1783655705083 500.0 946176
1783655705993 500.0 948224
1783655707047 500.0 950272
1783655707964 500.0 952320
1783655708812 500.0 954368
1783655709649 500.0 956416
1783655710619 500.0 958464
1783655711599 500.0 960512
1783655712376 500.0 962560
1783655713336 500.0 964608
1783655714291 500.0 966656
1783655715201 500.0 968704
1783655716058 500.0 970752
1783655717079 500.0 972800
1783655718064 500.0 974848
1783655718877 500.0 976896
1783655719840 500.0 978944
1783655720784 500.0 980992
1783655721620 500.0 983040
1783655722688 500.0 985088
1783655723713 500.0 987136
1783655724656 500.0 989184
1783655725581 500.0 991232
1783655726530 500.0 993280
1783655727497 500.0 995328
1783655728326 500.0 997376
1783655729231 500.0 999424
1783655730013 500.0 1001472
