1783627952410 1.3852748610079288 2048
1783627953317 1.3822273323312402 4096
1783627954202 1.3737327232956886 6144
1783627955064 1.3588957358151674 8192
1783627956044 1.359156739898026 10240
1783627957072 1.3385672233998775 12288
1783627958044 1.329953252337873 14336
1783627959014 1.3207146702334285 16384
1783627959863 1.307555502280593 18432
1783627960863 1.2906940169632435 20480
1783627961764 1.2899274323135614 22528
1783627962683 1.2732084868475795 24576
1783627963650 1.225108303129673 26624
1783627964573 1.184940797276795 28672
1783627965480 1.1988088358193636 30720
1783627966401 1.1914376989006996 32768
1783627967336 1.1744977096095681 34816
1783627968330 1.1395097095519304 36864
1783627969243 1.2511944258585572 38912
1783627970238 1.13319724611938 40960
1783627971240 1.0939651764929295 43008
1783627972149 1.1493789702653885 45056
1783627973151 1.185617195442319 47104
1783627974049 1.1175505639985204 49152
1783627975070 1.0855460669845343 51200
1783627976045 1.038408215623349 53248
1783627977000 1.0699351239018142 55296
1783627977977 0.969775294419378 57344
1783627978907 0.9778028950095177 59392
1783627979836 0.9599389298819005 61440
1783627980825 0.9139947490766644 63488
1783627981806 0.9894573562778533 65536
1783627982628 1.02916088886559 67584
1783627983440 0.9224886880256236 69632
1783627984297 1.0096035962924361 71680
1783627985096 1.007312583271414 73728
1783627985971 0.9632965461350977 75776
1783627986834 0.9313717097975314 77824
1783627987666 1.0259853932075202 79872
1783627988413 0.9581683529540896 81920
1783627989251 0.9223147230222821 83968
1783627990149 0.9774216804653406 86016
1783627991020 0.9801842411980033 88064
1783627991773 0.8886959869414568 90112
1783627992603 0.9294200395233929 92160
1783627993460 0.9349838336929679 94208
1783627994273 0.8762983004562557 96256
1783627995139 0.8891628733836114 98304
1783627995998 0.8388748625293374 100352
1783627996774 1.0355033040978014 102400
1783627997587 0.8126316578127444 104448
1783627998433 0.8115221816115081 106496
1783627999219 0.9204071490094066 108544
1783628000105 0.839616066776216 110592
1783628000949 0.7975862203165889 112640
1783628001741 0.8280692580156028 114688
1783628002629 0.8753182580694556 116736
1783628003497 0.852291330229491 118784
1783628004294 0.8420912069268525 120832
1783628005154 0.7798369228839874 122880
1783628006072 0.8037836737930775 124928
1783628006984 0.8983997069299221 126976
1783628007817 0.8360747490078211 129024
1783628008704 0.8552465909160674 131072
1783628009649 0.8082421221770346 133120
1783628010578 0.9209813717752695 135168
1783628011396 0.863559627905488 137216
1783628012145 0.7871011239476502 139264
1783628012945 0.7653595427982509 141312
1783628013841 0.8253138377331197 143360
1783628014642 0.9264809200540185 145408
1783628015497 0.7974823685362935 147456
1783628016529 0.8401816673576832 149504
1783628017401 0.7731516007333994 151552
1783628018358 0.7884743702597916 153600
1783628019268 0.7179113728925586 155648
1783628020129 0.7988888542167842 157696
1783628021070 0.7611089032143354 159744
1783628021984 0.8975645145401359 161792
1783628022858 0.85496472613886 163840
1783628023612 0.7978138034231961 165888
1783628024469 0.7324879472143948 167936
1783628025309 0.8857663944363594 169984
1783628026152 0.6469021067023277 172032
1783628027018 0.8125296751968563 174080
1783628027985 0.8347989362664521 176128
1783628028895 0.7285418291576207 178176
1783628029745 0.8124253335408866 180224
1783628030593 0.8000387344509363 182272
1783628031444 0.8397571607492864 184320
1783628032327 0.8156798933632672 186368
1783628033172 0.8296508826315403 188416
1783628033970 0.8410137398168445 190464
1783628034895 0.8055031266994774 192512
1783628035787 0.7521140403114259 194560
1783628036651 0.8081081928685308 196608
1783628037452 0.8041961467824876 198656
1783628038244 0.7747720461338758 200704
1783628039162 0.8712307838723063 202752
1783628040010 0.7489628586918116 204800
1783628040939 0.8254990270361304 206848
1783628041906 0.7599812471307814 208896
1783628042776 0.8435289380140603 210944
1783628043607 0.8185425363481045 212992
1783628044406 0.7272403747774661 215040
1783628045263 0.7760975924320519 217088
1783628046133 0.7714544325135648 219136
1783628046915 0.7599859060719609 221184
1783628047727 0.7717480417340994 223232
1783628048656 0.7743224520236254 225280
1783628049551 0.751608572434634 227328
1783628050350 0.787833915092051 229376
1783628051207 0.7203156598843634 231424
1783628052075 0.7141868942417204 233472
1783628052888 0.7057177457027137 235520
1783628053732 0.6920160548761487 237568
1783628054666 0.6721631246618927 239616
1783628055582 0.7743106344714761 241664
1783628056442 0.6546264570206404 243712
1783628057254 0.7047645878046751 245760
1783628058121 0.7188219833187759 247808
1783628059002 0.7482964647933841 249856
1783628059858 0.7506543602794409 251904
1783628060704 0.6473859408870339 253952
1783628061594 0.7902323305606842 256000
1783628062500 0.7683170256204903 258048
1783628063281 0.8208218892104924 260096
1783628064137 0.7682926203124225 262144
1783628065061 0.834944736212492 264192
1783628066007 0.7439171280711889 266240
1783628066978 0.6837194785475731 268288
1783628067908 0.7302585304714739 270336
1783628068792 0.8472645375877619 272384
1783628069666 0.7674391507171094 274432
1783628070425 0.7826750399544835 276480
1783628071343 0.6743433251976967 278528
1783628072204 0.7059654956683517 280576
1783628073041 0.7914152080193162 282624
1783628073918 0.7778932834044099 284672
1783628074886 0.7172262072563171 286720
1783628075788 0.7680128891952336 288768
1783628076642 0.7377134980633855 290816
1783628077423 0.7870263843797147 292864
1783628078214 0.8131184172816575 294912
1783628079066 0.7445145901292562 296960
1783628079868 0.7091843197122216 299008
1783628080781 0.770711415912956 301056
1783628081727 0.8322059297934175 303104
1783628082623 0.7581173982471228 305152
1783628083495 0.7918863235972822 307200
1783628084377 0.8009089650586247 309248
1783628085305 0.8312776307575405 311296
1783628086211 0.7686314964666963 313344
1783628087075 0.8230601819232106 315392
1783628087953 0.7636760477907956 317440
1783628088901 0.7152360193431377 319488
1783628089753 0.6725216922350228 321536
1783628090510 0.7493301630020142 323584
1783628091335 0.7578982799313962 325632
1783628092187 0.7304533226415515 327680
1783628093016 0.8024534010328352 329728
1783628093903 0.690310696605593 331776
1783628094763 0.7569557465612888 333824
1783628095673 0.740168568212539 335872
1783628096566 0.6770030930638313 337920
1783628097380 0.7027206220664084 339968
1783628098208 0.74319639056921 342016
1783628099127 0.7245322628878057 344064
1783628099959 0.7496024584397674 346112
1783628100831 0.667348075658083 348160
1783628101752 0.6876959167420864 350208
1783628102728 0.7361803562380373 352256
1783628103594 0.7088207700289786 354304
1783628104440 0.7347183851525187 356352
1783628105225 0.5969344065524638 358400
1783628106122 0.6929884254932404 360448
1783628106899 0.7771465959958732 362496
1783628107695 0.7072955211624503 364544
1783628108554 0.6877551362849772 366592
1783628109312 0.7906056130304933 368640
1783628110191 0.6508456342853606 370688
1783628111097 0.716339685022831 372736
1783628112096 0.6972403898835182 374784
1783628112987 0.6901138913817704 376832
1783628113875 0.5843788289930671 378880
1783628114877 0.6793321156874299 380928
1783628115749 0.6694136462174356 382976
1783628116548 0.7611648789606988 385024
1783628117466 0.7836134331300855 387072
1783628118381 0.6419226112775505 389120
1783628119288 0.7977918866090477 391168
1783628120097 0.7791700894013047 393216
1783628120960 0.721566122956574 395264
1783628121807 0.7128238212317228 397312
1783628122629 0.6404001419432461 399360
1783628123382 0.6352385701611638 401408
1783628124266 0.7164323092438281 403456
1783628125096 0.6991081568412483 405504
1783628125951 0.7171408850699663 407552
1783628126786 0.7212795959785581 409600
1783628127643 0.7258503227494657 411648
1783628128452 0.6507864063605666 413696
1783628129407 0.6976047023199499 415744
1783628130374 0.7979611866176128 417792
1783628131227 0.7381813055835664 419840
1783628132059 0.7451499672606587 421888
1783628132871 0.7504420205950737 423936
1783628133854 0.7117299907840788 425984
1783628134736 0.7629421520978212 428032
1783628135527 0.6328691788949072 430080
1783628136321 0.6442864858545363 432128
1783628137194 0.7471184185706079 434176
1783628137955 0.7015060051344335 436224
1783628138753 0.7323287762701511 438272
1783628139636 0.6910284552723169 440320
1783628140463 0.7229471788741648 442368
1783628141349 0.7403953080065548 444416
1783628142227 0.6909106955863535 446464
1783628143105 0.7480343542993069 448512
1783628143975 0.620493836235255 450560
1783628144944 0.6474970341660082 452608
1783628145917 0.7873403942212462 454656
1783628146940 0.7217388362623751 456704
1783628148117 0.7057696161791682 458752
1783628149147 0.7175271194428205 460800
1783628150208 0.7268440485931933 462848
1783628151150 0.7375451326370239 464896
1783628152007 0.7199938502162695 466944
1783628152944 0.7231127959676087 468992
1783628153847 0.6999549027532339 471040
1783628154757 0.7083392087370157 473088
1783628155757 0.8086336138658226 475136
1783628156648 0.7285261005163193 477184
1783628157577 0.6535001019947231 479232
1783628158416 0.6921450300142169 481280
1783628159276 0.6519025131128728 483328
1783628160170 0.7118227751925588 485376
1783628161047 0.7393895271234214 487424
1783628161865 0.6853066543117166 489472
1783628162751 0.6551246820017695 491520
1783628163609 0.7138250297866762 493568
1783628164400 0.7872634218074381 495616
1783628165286 0.7005505794659257 497664
1783628166116 0.7226470783352852 499712
