1783627952410 -211.44414692834553 2048
1783627953317 -145.23514034562027 4096
1783627954202 -134.0325501616752 6144
1783627955064 -119.50614780067488 8192
1783627956044 -138.49920520516997 10240
1783627957072 -116.87446017893053 12288
1783627958044 -142.33074274878658 14336
1783627959014 -119.6353184351163 16384
1783627959863 -107.12945910509526 18432
1783627960863 -98.57139303454267 20480
1783627961764 -74.18145735753066 22528
1783627962683 -61.44108521595284 24576
1783627963650 -66.19231447874265 26624
1783627964573 -77.39506365219292 28672
1783627965480 -50.7922645779401 30720
1783627966401 -50.73250999386492 32768
1783627967336 -37.18671153589973 34816
1783627968330 -13.316046128437094 36864
1783627969243 -23.519564726203992 38912
1783627970238 -12.241555020771447 40960
1783627971240 -4.462420612832331 43008
1783627972149 -12.043288399214253 45056
1783627973151 -5.049851955116388 47104
1783627974049 8.536115237064646 49152
1783627975070 17.035734825527022 51200
1783627976045 25.71691581308706 53248
1783627977000 9.395614239296314 55296
1783627977977 7.975620138847444 57344
1783627978907 12.766197927662915 59392
1783627979836 11.388261713512366 61440
1783627980825 11.442346942470417 63488
1783627981806 13.751486872271432 65536
1783627982628 8.300779844922257 67584
1783627983440 18.220882963570695 69632
1783627984297 6.807339688528498 71680
1783627985096 -6.467438405922212 73728
1783627985971 8.627491447270904 75776
1783627986834 6.652498005698194 77824
1783627987666 1.7161106142999372 79872
1783627988413 14.187120709563946 81920
1783627989251 23.116318105683785 83968
1783627990149 27.674826858061788 86016
1783627991020 36.22610683867639 88064
1783627991773 48.745460889888555 90112
1783627992603 37.42826374502035 92160
1783627993460 21.59528130159946 94208
1783627994273 23.56180937814988 96256
1783627995139 19.3812707093346 98304
1783627995998 22.05962054397229 100352
1783627996774 5.400332796442268 102400
1783627997587 16.672519066635004 104448
1783627998433 28.922063586134318 106496
1783627999219 26.21278681712821 108544
1783628000105 42.65110372161327 110592
1783628000949 46.260846021007225 112640
1783628001741 48.189238564196714 114688
1783628002629 72.68620918601349 116736
1783628003497 100.44375017848074 118784
1783628004294 82.08752755959964 120832
1783628005154 91.09430407662353 122880
1783628006072 99.82514701385276 124928
1783628006984 77.3563086996965 126976
1783628007817 64.61428368552447 129024
1783628008704 73.20139831125155 131072
1783628009649 68.77526386438566 133120
1783628010578 46.717227218332894 135168
1783628011396 48.80239249603815 137216
1783628012145 66.69032631264186 139264
1783628012945 86.10969595089125 141312
1783628013841 76.1191760454812 143360
1783628014642 93.50654408096825 145408
1783628015497 80.41983122843651 147456
1783628016529 69.19612934416787 149504
1783628017401 63.506828714994 151552
1783628018358 66.43335463893422 153600
1783628019268 72.6593249084104 155648
1783628020129 85.37399890314963 157696
1783628021070 90.32826236078782 159744
1783628021984 86.83491342570699 161792
1783628022858 75.34779843929748 163840
1783628023612 79.91888321758742 165888
1783628024469 56.7007233719826 167936
1783628025309 34.315763037770054 169984
1783628026152 39.15251167044508 172032
1783628027018 45.74973583002888 174080
1783628027985 50.249709917820375 176128
1783628028895 77.54057259852023 178176
1783628029745 95.16189925053037 180224
1783628030593 116.89426747176029 182272
1783628031444 93.03787804087679 184320
1783628032327 112.3505517306879 186368
1783628033172 117.30593914186527 188416
1783628033970 94.7388583875269 190464
1783628034895 76.22041710365751 192512
1783628035787 65.68108241764753 194560
1783628036651 70.49325112317145 196608
1783628037452 69.55240892971413 198656
1783628038244 78.36784106714074 200704
1783628039162 65.66591190097176 202752
1783628040010 88.20447985234469 204800
1783628040939 77.47050411450704 206848
1783628041906 76.12216869374683 208896
1783628042776 63.262983658699945 210944
1783628043607 45.52775700728516 212992
1783628044406 70.02944259717773 215040
1783628045263 60.024034917674655 217088
1783628046133 48.50693428282417 219136
1783628046915 61.085321016481075 221184
1783628047727 78.28332738181021 223232
1783628048656 85.70483544226633 225280
1783628049551 113.46174551655815 227328
1783628050350 125.69098191083144 229376
1783628051207 107.5028305167856 231424
1783628052075 98.26142763616221 233472
1783628052888 94.83516282980585 235520
1783628053732 119.28955666535391 237568
1783628054666 155.7138567824142 239616
1783628055582 155.5307155018919 241664
1783628056442 145.60383735095337 243712
1783628057254 127.02031660030687 245760
1783628058121 119.07341649143196 247808
1783628059002 100.29121293023921 249856
1783628059858 111.19117839220375 251904
1783628060704 116.40167933861167 253952
1783628061594 112.23559352802405 256000
1783628062500 113.87170193085167 258048
1783628063281 101.01200751816852 260096
1783628064137 98.04128689582437 262144
1783628065061 88.48923197304146 264192
1783628066007 93.51789823051051 266240
1783628066978 96.22949162474791 268288
1783628067908 88.24903317044928 270336
1783628068792 82.43949961068775 272384
1783628069666 74.38832014001528 274432
1783628070425 79.01920084999247 276480
1783628071343 92.56257856701859 278528
1783628072204 108.2345038913771 280576
1783628073041 114.76352936464659 282624
1783628073918 119.39571702922736 284672
1783628074886 124.46114988397639 286720
1783628075788 96.46273151769778 288768
1783628076642 92.97565786438656 290816
1783628077423 73.99791289117715 292864
1783628078214 76.11999963128108 294912
1783628079066 85.17659132054148 296960
1783628079868 79.47092135268234 299008
1783628080781 70.09788365363585 301056
1783628081727 73.50002199615804 303104
1783628082623 81.51565035833761 305152
1783628083495 68.43021532926858 307200
1783628084377 46.88863557595574 309248
1783628085305 50.33276108578083 311296
1783628086211 44.90105914543166 313344
1783628087075 41.056882089227535 315392
1783628087953 39.75237006429173 317440
1783628088901 61.69325839198839 319488
1783628089753 83.91001981203041 321536
1783628090510 78.27847769617958 323584
1783628091335 99.3787662390358 325632
1783628092187 97.09945616188404 327680
1783628093016 71.53184084720438 329728
1783628093903 81.01417407415775 331776
1783628094763 92.41420732999609 333824
1783628095673 95.46087305633606 335872
1783628096566 96.83925005626413 337920
1783628097380 117.46568274116119 339968
1783628098208 115.20558301934484 342016
1783628099127 122.08595371951985 344064
1783628099959 116.48080151059995 346112
1783628100831 104.05288619652165 348160
1783628101752 98.93606137588367 350208
1783628102728 97.96762696158312 352256
1783628103594 108.05545103975439 354304
1783628104440 108.69336146998498 356352
1783628105225 127.09585391328271 358400
1783628106122 109.21825913504787 360448
1783628106899 102.41166422597685 362496
1783628107695 87.64877416449278 364544
1783628108554 86.49659980435139 366592
1783628109312 105.52749538055278 368640
1783628110191 140.96948063593524 370688
1783628111097 135.98275130651442 372736
1783628112096 116.14771356439368 374784
1783628112987 135.7911897129008 376832
1783628113875 113.10128059085746 378880
1783628114877 90.08043412793988 380928
1783628115749 110.68142139565978 382976
1783628116548 128.43382431764942 385024
1783628117466 104.56271794411377 387072
1783628118381 112.57370895953537 389120
1783628119288 113.48637362976157 391168
1783628120097 88.66848251203125 393216
1783628120960 90.20868173906494 395264
1783628121807 104.94339958049086 397312
1783628122629 96.57814692303441 399360
1783628123382 111.96275254584279 401408
1783628124266 118.65843279329053 403456
1783628125096 121.89055182271377 405504
1783628125951 105.28706906414557 407552
1783628126786 108.51169863061084 409600
1783628127643 110.04268723413642 411648
1783628128452 102.12507644683362 413696
1783628129407 102.61012989195085 415744
1783628130374 84.77961954011641 417792
1783628131227 108.11560030438179 419840
1783628132059 90.56072803886252 421888
1783628132871 84.9659511079233 423936
1783628133854 124.41351987413722 425984
1783628134736 114.50764127882292 428032
1783628135527 127.25806592513462 430080
1783628136321 136.39760529178685 432128
1783628137194 131.70999853362247 434176
1783628137955 140.5112149165313 436224
1783628138753 124.52601794975688 438272
1783628139636 124.28344379686874 440320
1783628140463 134.30345564499262 442368
1783628141349 108.84658551903371 444416
1783628142227 145.15437460320476 446464
1783628143105 117.73613074048401 448512
1783628143975 127.58796905565225 450560
1783628144944 137.8385651275071 452608
1783628145917 117.32343720600575 454656
1783628146940 117.12444928512335 456704
1783628148117 101.99341841692214 458752
1783628149147 114.84182472084379 460800
1783628150208 110.48588654796875 462848
1783628151150 113.42963879983218 464896
1783628152007 103.76814312944006 466944
1783628152944 109.02391135186322 468992
1783628153847 124.05388466584927 471040
1783628154757 128.7112545871237 473088
1783628155757 111.38991097226707 475136
1783628156648 95.80375805986436 477184
1783628157577 113.2076817315739 479232
1783628158416 125.77945259880048 481280
1783628159276 131.1235249061506 483328
1783628160170 127.09454354670534 485376
1783628161047 126.61804620370756 487424
1783628161865 138.60762772660902 489472
1783628162751 140.62879696574922 491520
1783628163609 122.07225396836552 493568
1783628164400 96.97092319096046 495616
1783628165286 91.56622728264088 497664
1783628166116 101.63581120541568 499712
