1783627952410 -0.003249547371524386 2048
1783627953317 -0.0028768412994395476 4096
1783627954202 -0.01074220003647497 6144
1783627955064 -0.0059329876294214046 8192
1783627956044 -0.008220767258535489 10240
1783627957072 -0.009454834762436803 12288
1783627958044 -0.00791649204074929 14336
1783627959014 -0.00801010656505241 16384
1783627959863 -0.005674529043972143 18432
1783627960863 -0.0059107191118528135 20480
1783627961764 -0.003268843960540835 22528
1783627962683 -0.0035937995999120176 24576
1783627963650 -0.004337598262281972 26624
1783627964573 -0.003863342026306782 28672
1783627965480 -0.004936237499350682 30720
1783627966401 -0.005246441643976141 32768
1783627967336 -0.006290037992584985 34816
1783627968330 -0.002349447671804228 36864
1783627969243 -0.005904016270505963 38912
1783627970238 -0.006662464831606485 40960
1783627971240 -0.00650350945397804 43008
1783627972149 -0.004988862292520935 45056
1783627973151 -0.00473652395157842 47104
1783627974049 -0.007798335336701712 49152
1783627975070 -0.005079034828668227 51200
1783627976045 -0.012045676510751946 53248
1783627977000 -0.0014723757831234252 55296
1783627977977 -0.0030778700929658953 57344
1783627978907 -0.00844029806467006 59392
1783627979836 -0.0035953913065895904 61440
1783627980825 -0.001940393864060752 63488
1783627981806 -0.0011976625846727984 65536
1783627982628 -0.004313808181905188 67584
1783627983440 -0.007704654570261482 69632
1783627984297 -0.003371420538314851 71680
1783627985096 -0.006908902523719007 73728
1783627985971 -0.0037309083572836244 75776
1783627986834 -0.0017600841838429915 77824
1783627987666 -0.005850392848515185 79872
1783627988413 -0.0017991801887546899 81920
1783627989251 -0.002596474783786107 83968
1783627990149 -0.002476107587426668 86016
1783627991020 -0.0012054007129336242 88064
1783627991773 -0.002949201298179105 90112
1783627992603 -0.0038681797923345584 92160
1783627993460 -0.005956989845799399 94208
1783627994273 -0.0023287832245841855 96256
1783627995139 -0.00016835683891258668 98304
1783627995998 -0.0017415234660802525 100352
1783627996774 -0.0025606904328014934 102400
1783627997587 -0.0069222184174577706 104448
1783627998433 -0.00174819760468381 106496
1783627999219 -0.005976401702355361 108544
1783628000105 -0.0023428622425853973 110592
1783628000949 -0.00335749769146787 112640
1783628001741 -0.003018727627932094 114688
1783628002629 -0.0015675366066716379 116736
1783628003497 -0.0011047706684621517 118784
1783628004294 -0.0018123344889318105 120832
1783628005154 -0.002660218840901507 122880
1783628006072 -0.0014773435104871169 124928
1783628006984 -0.0010608858465275262 126976
1783628007817 -0.0015001963092799997 129024
1783628008704 -0.001113165993047005 131072
1783628009649 -0.0006828661962572369 133120
1783628010578 -0.0033689163446979364 135168
1783628011396 -0.0012274825858185068 137216
1783628012145 0.00010053384357888717 139264
1783628012945 -0.002531349557102658 141312
1783628013841 -0.0035118724772473797 143360
1783628014642 -0.0029345697021199157 145408
1783628015497 -0.0027707821482181316 147456
1783628016529 -0.001403014901370625 149504
1783628017401 -0.002159786363336025 151552
1783628018358 -0.002217494537035236 153600
1783628019268 -0.0021300250537024112 155648
1783628020129 0.000522111735335784 157696
1783628021070 -0.0020487370929913595 159744
1783628021984 -0.0032321075814252254 161792
1783628022858 -0.0022540665995620657 163840
1783628023612 -0.003743165111700364 165888
1783628024469 -0.0020058531899849186 167936
1783628025309 -0.004050853876833571 169984
1783628026152 -0.00180204886237334 172032
1783628027018 -0.0006730090917699272 174080
1783628027985 -0.0033452448369644117 176128
1783628028895 -0.0012315083749854239 178176
1783628029745 -0.004317033082770649 180224
1783628030593 -0.002855717728380114 182272
1783628031444 -0.0008343242770934012 184320
1783628032327 -4.022177017759532e-05 186368
1783628033172 -0.00334407831178396 188416
1783628033970 -0.0022790131206420483 190464
1783628034895 -0.0019668880177050596 192512
1783628035787 -0.0015462188730452908 194560
1783628036651 -0.0037131167900952278 196608
1783628037452 -0.0022513883668580092 198656
1783628038244 -0.0013555928053392563 200704
1783628039162 -0.0014543404322466813 202752
1783628040010 -0.0012591453451022971 204800
1783628040939 -0.004649798291211482 206848
1783628041906 -0.005383724730563699 208896
1783628042776 -0.003295254435215611 210944
1783628043607 -0.0005515202719834633 212992
1783628044406 -0.003682828576529573 215040
1783628045263 -0.0016933617544054869 217088
1783628046133 -0.0010245973790006246 219136
1783628046915 -0.00402375833800761 221184
1783628047727 -0.0025906985265464755 223232
1783628048656 -0.004322979631979251 225280
1783628049551 -0.0009594706998541369 227328
1783628050350 -0.00212628741064691 229376
1783628051207 -0.0030088394796621287 231424
1783628052075 -0.0011816218575404491 233472
1783628052888 -0.004157375207796576 235520
1783628053732 -0.002075689837511163 237568
1783628054666 -0.0023762697292113444 239616
1783628055582 -0.0028793271367248963 241664
1783628056442 -0.0028690031158475904 243712
1783628057254 -0.0026750204833660973 245760
1783628058121 -0.0012746018473990262 247808
1783628059002 -0.0011009419577021617 249856
1783628059858 -0.004170688123849686 251904
1783628060704 -6.573730934178457e-05 253952
1783628061594 -0.0033134249861177523 256000
1783628062500 -0.0037496661989280256 258048
1783628063281 -0.002060624563455349 260096
1783628064137 -0.0023989199107745662 262144
1783628065061 -0.0019969052827946143 264192
1783628066007 -0.002669613721081987 266240
1783628066978 -0.002436576018226333 268288
1783628067908 -0.0011393987897463376 270336
1783628068792 -0.00099481210236263 272384
1783628069666 -0.003652233128377702 274432
1783628070425 -0.00025779120551305823 276480
1783628071343 -0.0011906387589988299 278528
1783628072204 -0.00042853772538364865 280576
1783628073041 -0.0036908480533384136 282624
1783628073918 -0.0035800914556602947 284672
1783628074886 -0.0013657920444529736 286720
1783628075788 -0.000733907931135036 288768
1783628076642 0.0006704496036036289 290816
1783628077423 -0.001349227686660015 292864
1783628078214 -0.0005095836640975904 294912
1783628079066 -0.0034181521768914536 296960
1783628079868 -0.0011610409164859448 299008
1783628080781 -0.0013968127841508249 301056
1783628081727 -0.0003469177936494816 303104
1783628082623 -0.00040098280805977993 305152
1783628083495 -0.001730493777358788 307200
1783628084377 -0.0012846106255892664 309248
1783628085305 -0.0022235896431084257 311296
1783628086211 0.0004748218671011273 313344
1783628087075 -0.002493532878361293 315392
1783628087953 -0.0030288112357084174 317440
1783628088901 -0.0014386608345375862 319488
1783628089753 -0.0022645780445600394 321536
1783628090510 -0.0010186596045969054 323584
1783628091335 -0.00567524508551287 325632
1783628092187 -0.0009062706049007829 327680
1783628093016 -0.001150300002336735 329728
1783628093903 -0.0022681047648802632 331776
1783628094763 -0.0028215335369168315 333824
1783628095673 -0.0014117352657194715 335872
1783628096566 -0.0004706730687757954 337920
1783628097380 -0.0003285865604993887 339968
1783628098208 -0.0004579969772748882 342016
1783628099127 -0.0013761680602328852 344064
1783628099959 -0.0012215480528539047 346112
1783628100831 -0.0011382310494809644 348160
1783628101752 0.0003731592805706896 350208
1783628102728 -0.0019038773243664764 352256
1783628103594 -0.0006057828068151139 354304
1783628104440 -0.0010603211903799092 356352
1783628105225 -0.0016716996688046493 358400
1783628106122 -0.0008947712340159342 360448
1783628106899 -0.0013077581534162164 362496
1783628107695 -0.001423314071871573 364544
1783628108554 -0.005132400037837215 366592
1783628109312 -0.0008454993330815341 368640
1783628110191 -0.002231759917776799 370688
1783628111097 -0.0008898961386876181 372736
1783628112096 -0.0013004119173274375 374784
1783628112987 -0.000673331689540646 376832
1783628113875 -0.0013509117616194999 378880
1783628114877 0.00016013201457099058 380928
1783628115749 -0.002494155456588487 382976
1783628116548 -0.0030821867876511533 385024
1783628117466 -0.0014487365824606968 387072
1783628118381 -0.004586358969390858 389120
1783628119288 -0.008733058260986581 391168
1783628120097 -2.336137549718842e-05 393216
1783628120960 -0.0028230389707459835 395264
1783628121807 -0.001818384542275453 397312
1783628122629 -0.0051087765241391025 399360
1783628123382 -0.00043924183410126716 401408
1783628124266 -0.0001207806526508648 403456
1783628125096 -0.002132717210770352 405504
1783628125951 -0.0021606262689601863 407552
1783628126786 -0.0032255289333988912 409600
1783628127643 -0.0025476556929788785 411648
1783628128452 -0.0025761977303773165 413696
1783628129407 -0.0031742875871714205 415744
1783628130374 -0.003967364786149119 417792
1783628131227 -0.0018393040754745016 419840
1783628132059 -0.0007525043820351129 421888
1783628132871 -0.0003034883957298007 423936
1783628133854 -0.004190623874819721 425984
1783628134736 -0.0014288645870692562 428032
1783628135527 -0.0005680477188434452 430080
1783628136321 -0.0022613753862970043 432128
1783628137194 -0.002869776864827145 434176
1783628137955 0.00011939321120735258 436224
1783628138753 -0.0005165581624169135 438272
1783628139636 -0.0014200377627275884 440320
1783628140463 -0.0021201658182690153 442368
1783628141349 -3.009413558174856e-05 444416
1783628142227 -0.0015593967000313569 446464
1783628143105 -0.0021898612085351488 448512
1783628143975 0.0009695441694930196 450560
1783628144944 0.00012990057803108357 452608
1783628145917 -0.0010969024915539194 454656
1783628146940 -0.0036532912745315116 456704
1783628148117 -0.0024193207900680136 458752
1783628149147 -0.0001398994336341275 460800
1783628150208 -0.0020731639706355054 462848
1783628151150 -0.003999877437308896 464896
1783628152007 -0.00020655156185966916 466944
1783628152944 -0.0043845217096532 468992
1783628153847 -0.002027746670137276 471040
1783628154757 -0.0005744440240960103 473088
1783628155757 -1.1398678907426074e-05 475136
1783628156648 -0.0056147051882362575 477184
1783628157577 -0.002334158132725861 479232
1783628158416 -0.00021028303126513492 481280
1783628159276 -0.002877893523873354 483328
1783628160170 -0.00166009377426235 485376
1783628161047 -0.00112159310538118 487424
1783628161865 -0.0009086853206099477 489472
1783628162751 -0.0003400348396098707 491520
1783628163609 -0.0009914549791574245 493568
1783628164400 -0.001148010265751509 495616
1783628165286 -0.0009959996314137243 497664
1783628166116 -0.00317684891706449 499712
