1783627952410 1776.5266699219335 2048
1783627953317 1988.3530216888375 4096
1783627954202 2085.914070046774 6144
1783627955064 2151.77954136812 8192
1783627956044 2138.989293716792 10240
1783627957072 2113.310969352452 12288
1783627958044 2112.235417718899 14336
1783627959014 2112.069587198818 16384
1783627959863 2141.680467318181 18432
1783627960863 2132.101283475176 20480
1783627961764 2144.024216199339 22528
1783627962683 2150.882086506724 24576
1783627963650 2148.3439771342278 26624
1783627964573 2153.227883235002 28672
1783627965480 2159.814424515537 30720
1783627966401 2163.767281530339 32768
1783627967336 2165.332226800549 34816
1783627968330 2159.243186287408 36864
1783627969243 2163.4169863765596 38912
1783627970238 2157.9004538872946 40960
1783627971240 2152.176751238746 43008
1783627972149 2156.592481975546 45056
1783627973151 2151.468752768375 47104
1783627974049 2156.5660934954467 49152
1783627975070 2150.1030325203983 51200
1783627976045 2148.1684386562188 53248
1783627977000 2148.0386574327376 55296
1783627977977 2146.1108651910354 57344
1783627978907 2148.017522941413 59392
1783627979836 2149.8223501588063 61440
1783627980825 2147.206294748202 63488
1783627981806 2145.290708373783 65536
1783627982628 2154.3704849588958 67584
1783627983440 2163.6172807026323 69632
1783627984297 2169.4915435837356 71680
1783627985096 2178.807531699816 73728
1783627985971 2182.846648645894 75776
1783627986834 2187.493083587031 77824
1783627987666 2193.7455797860753 79872
1783627988413 2204.774987877014 81920
1783627989251 2210.024137332105 83968
1783627990149 2211.646311549628 86016
1783627991020 2214.721604436485 88064
1783627991773 2224.106335359469 90112
1783627992603 2228.9850884519396 92160
1783627993460 2232.233775916754 94208
1783627994273 2237.659132909324 96256
1783627995139 2240.20094468611 98304
1783627995998 2242.9557100880374 100352
1783627996774 2249.731763146541 102400
1783627997587 2254.4459812458863 104448
1783627998433 2257.3954853333394 106496
1783627999219 2263.130682726661 108544
1783628000105 2263.9962089757137 110592
1783628000949 2266.7576320624157 112640
1783628001741 2271.7651228599143 114688
1783628002629 2272.3733785860377 116736
1783628003497 2273.792757259096 118784
1783628004294 2278.2424976794505 120832
1783628005154 2279.917410092836 122880
1783628006072 2279.0690529951244 124928
1783628006984 2278.5497236917618 126976
1783628007817 2281.2049587569277 129024
1783628008704 2281.596496089192 131072
1783628009649 2279.7816294324202 133120
1783628010578 2278.591562435066 135168
1783628011396 2281.6386000767816 137216
1783628012145 2287.2129068925556 139264
1783628012945 2290.747635937086 141312
1783628013841 2290.6985378188083 143360
1783628014642 2294.0527803240698 145408
1783628015497 2295.4013599629184 147456
1783628016529 2290.460841973125 149504
1783628017401 2291.242619216425 151552
1783628018358 2289.0941787630627 153600
1783628019268 2288.5574107896377 155648
1783628020129 2289.7087430221995 157696
1783628021070 2288.176077777405 159744
1783628021984 2287.555638530826 161792
1783628022858 2288.235738398068 163840
1783628023612 2292.6997321459553 165888
1783628024469 2293.841662815806 167936
1783628025309 2295.46053932365 169984
1783628026152 2296.9814555058165 172032
1783628027018 2297.7408638064035 174080
1783628027985 2295.4853459423807 176128
1783628028895 2294.9477513592424 178176
1783628029745 2296.1983636205728 180224
1783628030593 2297.4709544550947 182272
1783628031444 2298.6134194447873 184320
1783628032327 2298.8406083291043 186368
1783628033172 2300.13927248516 188416
1783628033970 2302.702570099036 190464
1783628034895 2301.7330715879984 192512
1783628035787 2301.6692875801373 194560
1783628036651 2302.3692433022597 196608
1783628037452 2304.7141648593188 198656
1783628038244 2307.29861600607 200704
1783628039162 2306.487202729572 202752
1783628040010 2307.525425571169 204800
1783628040939 2306.4485891927507 206848
1783628041906 2304.44078147549 208896
1783628042776 2304.9174782772307 210944
1783628043607 2306.3637462799225 212992
1783628044406 2308.5588215975617 215040
1783628045263 2309.295042038384 217088
1783628046133 2309.706504975677 219136
1783628046915 2312.245736736421 221184
1783628047727 2313.999148817683 223232
1783628048656 2312.953208952783 225280
1783628049551 2312.7305647939447 227328
1783628050350 2314.748428658978 229376
1783628051207 2315.391826704563 231424
1783628052075 2315.77842143809 233472
1783628052888 2317.4061055892203 235520
1783628053732 2318.2932729908016 237568
1783628054666 2317.177374916411 239616
1783628055582 2316.4572331607924 241664
1783628056442 2316.987928136003 243712
1783628057254 2318.5530830202447 245760
1783628058121 2318.9029579254848 247808
1783628059002 2318.953463198755 249856
1783628059858 2319.537053295489 251904
1783628060704 2320.314576127138 253952
1783628061594 2320.1587332126837 256000
1783628062500 2319.6814841191417 258048
1783628063281 2321.778178437766 260096
1783628064137 2322.314814351671 262144
1783628065061 2321.4626278469473 264192
1783628066007 2320.176466066253 266240
1783628066978 2318.3956276656827 268288
1783628067908 2317.467880469775 270336
1783628068792 2317.470806888211 272384
1783628069666 2317.6587724789456 274432
1783628070425 2320.0794356112165 276480
1783628071343 2319.3988417089226 278528
1783628072204 2319.8344624740407 280576
1783628073041 2320.7047774912844 282624
1783628073918 2320.8105000540063 284672
1783628074886 2319.1923419246054 286720
1783628075788 2318.8390493524153 288768
1783628076642 2319.383317459463 290816
1783628077423 2321.263940695256 292864
1783628078214 2322.924588322022 294912
1783628079066 2323.46477705787 296960
1783628079868 2324.89549570786 299008
1783628080781 2324.323641757241 301056
1783628081727 2323.16433299915 303104
1783628082623 2322.916688766495 305152
1783628083495 2323.0872454543633 307200
1783628084377 2323.0743080329867 309248
1783628085305 2322.2733729431393 311296
1783628086211 2321.851731013032 313344
1783628087075 2322.1718896461375 315392
1783628087953 2322.228066365791 317440
1783628088901 2321.125161452317 319488
1783628089753 2321.6232113780375 321536
1783628090510 2323.7105189374834 323584
1783628091335 2324.6504687568495 325632
1783628092187 2325.119673978386 327680
1783628093016 2325.977034408215 329728
1783628093903 2325.8775828079597 331776
1783628094763 2326.196049953894 333824
1783628095673 2325.7191405273447 335872
1783628096566 2325.5237025486 337920
1783628097380 2326.580557172953 339968
1783628098208 2327.4113870082037 342016
1783628099127 2326.804002607391 344064
1783628099959 2327.549640119471 346112
1783628100831 2327.6769973933583 348160
1783628101752 2327.037696338043 350208
1783628102728 2325.562713671988 352256
1783628103594 2325.789645717314 354304
1783628104440 2326.317392364277 356352
1783628105225 2327.749180049237 358400
1783628106122 2327.4963087824976 360448
1783628106899 2329.035605136963 362496
1783628107695 2330.2743795847928 364544
1783628108554 2330.5785926942262 366592
1783628109312 2332.3569075923115 368640
1783628110191 2332.3351197114143 370688
1783628111097 2331.929314006319 372736
1783628112096 2330.1757038315754 374784
1783628112987 2330.0100642884004 376832
1783628113875 2329.872284405892 378880
1783628114877 2328.1261340065935 380928
1783628115749 2328.2344688541925 382976
1783628116548 2329.3769131341037 385024
1783628117466 2328.8335315725576 387072
1783628118381 2328.329318050988 389120
1783628119288 2327.950076680878 391168
1783628120097 2328.9279468182044 393216
1783628120960 2329.1562615012863 395264
1783628121807 2329.5883302993952 397312
1783628122629 2330.364486388848 399360
1783628123382 2332.075196165656 401408
1783628124266 2331.9904931488777 403456
1783628125096 2332.6406038672394 405504
1783628125951 2332.9474516361665 407552
1783628126786 2333.521747044591 409600
1783628127643 2333.7965669276014 411648
1783628128452 2334.6968889509285 413696
1783628129407 2333.6730633093543 415744
1783628130374 2332.511208717747 417792
1783628131227 2332.8389360826955 419840
1783628132059 2333.421991427148 421888
1783628132871 2334.2725642890437 423936
1783628133854 2332.9219619022397 425984
1783628134736 2332.862019734369 428032
1783628135527 2333.9655203167367 430080
1783628136321 2335.0133689509507 432128
1783628137194 2335.072321813422 434176
1783628137955 2336.5231376493234 436224
1783628138753 2337.4981399641565 438272
1783628139636 2337.418662824242 440320
1783628140463 2338.028795000038 442368
1783628141349 2337.893570291955 444416
1783628142227 2337.875414646546 446464
1783628143105 2337.8463062701526 448512
1783628143975 2337.9290850728657 450560
1783628144944 2336.802191453359 452608
1783628145917 2335.6390044297536 454656
1783628146940 2333.893694501449 456704
1783628148117 2330.342068601798 458752
1783628149147 2328.560695777089 460800
1783628150208 2326.4370290738393 462848
1783628151150 2325.720224905978 464896
1783628152007 2325.997793871941 466944
1783628152944 2325.3468273063017 468992
1783628153847 2325.085881473337 471040
1783628154757 2324.753060753394 473088
1783628155757 2323.4052432747208 475136
1783628156648 2323.3004112223243 477184
1783628157577 2322.764397735387 479232
1783628158416 2323.243325273059 481280
1783628159276 2323.477616143235 483328
1783628160170 2323.3417260296146 485376
1783628161047 2323.390123157036 487424
1783628161865 2324.093588632443 489472
1783628162751 2324.0378630992277 491520
1783628163609 2324.2903119727844 493568
1783628164400 2325.2709693352167 495616
1783628165286 2325.219700503603 497664
1783628166116 2325.765131242158 499712
