1783627952410 339.55035984516144 2048
1783627953317 356.76617509126663 4096
1783627954202 191.77849584817886 6144
1783627955064 298.70362854003906 8192
1783627956044 150.97240486741066 10240
1783627957072 182.20050984621048 12288
1783627958044 195.4755175113678 14336
1783627959014 153.34092545509338 16384
1783627959863 229.5748215317726 18432
1783627960863 132.67252472043037 20480
1783627961764 141.83803832530975 22528
1783627962683 142.61858853697777 24576
1783627963650 133.96800643205643 26624
1783627964573 136.096498131752 28672
1783627965480 73.7046272456646 30720
1783627966401 118.61091351509094 32768
1783627967336 74.49239793419838 34816
1783627968330 92.54270786046982 36864
1783627969243 39.91073006391525 38912
1783627970238 98.36101469397545 40960
1783627971240 80.16534888744354 43008
1783627972149 57.64469760656357 45056
1783627973151 34.4561827853322 47104
1783627974049 54.6374119669199 49152
1783627975070 38.42404219508171 51200
1783627976045 13.629274979233742 53248
1783627977000 25.615636631846428 55296
1783627977977 21.973850335925817 57344
1783627978907 10.979902233928442 59392
1783627979836 16.745819106698036 61440
1783627980825 23.224764078855515 63488
1783627981806 11.567086281254888 65536
1783627982628 16.915259771049023 67584
1783627983440 20.196070156991482 69632
1783627984297 19.95224989950657 71680
1783627985096 27.124405957758427 73728
1783627985971 10.856505203992128 75776
1783627986834 9.142877815291286 77824
1783627987666 10.575999341905117 79872
1783627988413 9.416162896901369 81920
1783627989251 11.09502798691392 83968
1783627990149 19.71397115290165 86016
1783627991020 8.810152012854815 88064
1783627991773 6.446395371109247 90112
1783627992603 15.06961459852755 92160
1783627993460 14.668656285852194 94208
1783627994273 9.059902485460043 96256
1783627995139 14.614524974487722 98304
1783627995998 9.263041818514466 100352
1783627996774 15.611930288374424 102400
1783627997587 10.634904219768941 104448
1783627998433 13.438261638395488 106496
1783627999219 7.418758285231888 108544
1783628000105 5.452689408324659 110592
1783628000949 11.907194076105952 112640
1783628001741 16.22220785729587 114688
1783628002629 16.390067564323545 116736
1783628003497 27.89788145199418 118784
1783628004294 24.257995396852493 120832
1783628005154 15.78110065497458 122880
1783628006072 18.220044074580073 124928
1783628006984 27.87949351966381 126976
1783628007817 12.698216611519456 129024
1783628008704 23.030130557715893 131072
1783628009649 16.206401992589235 133120
1783628010578 18.21638236939907 135168
1783628011396 20.219075921922922 137216
1783628012145 13.162610400468111 139264
1783628012945 16.350835425779223 141312
1783628013841 18.766940308734775 143360
1783628014642 19.167335430160165 145408
1783628015497 18.500275189988315 147456
1783628016529 31.152645960450172 149504
1783628017401 13.018670265562832 151552
1783628018358 19.92130273580551 153600
1783628019268 20.1988706253469 155648
1783628020129 19.85462741367519 157696
1783628021070 4.823881323914975 159744
1783628021984 15.445643070153892 161792
1783628022858 14.564172493293881 163840
1783628023612 3.701102745719254 165888
1783628024469 17.59177095722407 167936
1783628025309 16.84506114013493 169984
1783628026152 22.330582451075315 172032
1783628027018 7.078582538291812 174080
1783628027985 14.09220332838595 176128
1783628028895 19.539799673482776 178176
1783628029745 12.556121787056327 180224
1783628030593 15.456664851866663 182272
1783628031444 17.66765990946442 184320
1783628032327 9.294064985588193 186368
1783628033172 13.828321605920792 188416
1783628033970 7.607812403701246 190464
1783628034895 10.717864852398634 192512
1783628035787 17.844151502475142 194560
1783628036651 10.36331096244976 196608
1783628037452 15.943782987073064 198656
1783628038244 8.93809209112078 200704
1783628039162 17.8820656016469 202752
1783628040010 7.941721866838634 204800
1783628040939 5.919327395036817 206848
1783628041906 4.66707798326388 208896
1783628042776 9.265285661444068 210944
1783628043607 11.013702605850995 212992
1783628044406 3.781614571576938 215040
1783628045263 2.5844828055705875 217088
1783628046133 14.046664590016007 219136
1783628046915 10.691768435761333 221184
1783628047727 18.022278167307377 223232
1783628048656 17.71992354374379 225280
1783628049551 26.55965178553015 227328
1783628050350 27.026192978024483 229376
1783628051207 37.34328131005168 231424
1783628052075 22.494554431177676 233472
1783628052888 20.986913076601923 235520
1783628053732 18.639185548759997 237568
1783628054666 14.466179050505161 239616
1783628055582 34.03596102446318 241664
1783628056442 17.02146010939032 243712
1783628057254 18.164918839931488 245760
1783628058121 10.271085309330374 247808
1783628059002 7.465736048296094 249856
1783628059858 18.645649516955018 251904
1783628060704 17.37155402963981 253952
1783628061594 19.011126667261124 256000
1783628062500 15.608448383398354 258048
1783628063281 28.42424774542451 260096
1783628064137 17.83450730331242 262144
1783628065061 19.393953474238515 264192
1783628066007 22.82116255350411 266240
1783628066978 3.481415950227529 268288
1783628067908 14.18379268143326 270336
1783628068792 37.51302750594914 272384
1783628069666 3.6802154667675495 274432
1783628070425 27.370203725993633 276480
1783628071343 19.338495121803135 278528
1783628072204 19.258353482931852 280576
1783628073041 22.30813681706786 282624
1783628073918 13.599952375981957 284672
1783628074886 4.537545777624473 286720
1783628075788 9.797224809415638 288768
1783628076642 2.550113984150812 290816
1783628077423 8.437932534143329 292864
1783628078214 11.158528494182974 294912
1783628079066 15.582084326073527 296960
1783628079868 5.680858307518065 299008
1783628080781 8.327071189880371 301056
1783628081727 10.363456138875335 303104
1783628082623 2.6282675915863365 305152
1783628083495 5.810061852447689 307200
1783628084377 10.198247862048447 309248
1783628085305 14.70979149825871 311296
1783628086211 5.4958684460725635 313344
1783628087075 8.805878160521388 315392
1783628087953 9.38498810864985 317440
1783628088901 7.231645317049697 319488
1783628089753 13.742566208355129 321536
1783628090510 26.75883541442454 323584
1783628091335 13.946302921976894 325632
1783628092187 15.941043474711478 327680
1783628093016 19.742499623447657 329728
1783628093903 9.601124746957794 331776
1783628094763 10.814015151001513 333824
1783628095673 7.5462285708636045 335872
1783628096566 2.332606415031478 337920
1783628097380 7.610892799333669 339968
1783628098208 17.234412332065403 342016
1783628099127 23.291708944365382 344064
1783628099959 15.489695960655808 346112
1783628100831 8.14203322539106 348160
1783628101752 3.388702906901017 350208
1783628102728 12.94196102861315 352256
1783628103594 19.65630092099309 354304
1783628104440 21.235140908509493 356352
1783628105225 31.225340470671654 358400
1783628106122 26.517557049170136 360448
1783628106899 22.130868392065167 362496
1783628107695 17.40004733670503 364544
1783628108554 4.307893875520676 366592
1783628109312 18.45558912726119 368640
1783628110191 23.422802112065256 370688
1783628111097 25.431834695860744 372736
1783628112096 7.174219103064388 374784
1783628112987 38.232908338308334 376832
1783628113875 32.93733489513397 378880
1783628114877 6.134833034593612 380928
1783628115749 9.42697400553152 382976
1783628116548 16.586736230179667 385024
1783628117466 28.0648298189044 387072
1783628118381 8.855937690706924 389120
1783628119288 8.254122909158468 391168
1783628120097 28.748098131269217 393216
1783628120960 18.54880326706916 395264
1783628121807 22.764578899368644 397312
1783628122629 10.77861421671696 399360
1783628123382 8.019174220855348 401408
1783628124266 18.800190872512758 403456
1783628125096 8.852054059272632 405504
1783628125951 17.71908808220178 407552
1783628126786 9.356466399040073 409600
1783628127643 5.210789888165891 411648
1783628128452 15.916362057439983 413696
1783628129407 4.250360870733857 415744
1783628130374 7.432658733800054 417792
1783628131227 19.39341080514714 419840
1783628132059 35.51470405422151 421888
1783628132871 6.639600159600377 423936
1783628133854 32.15978461597115 425984
1783628134736 28.665392000228167 428032
1783628135527 17.318291335599497 430080
1783628136321 4.584935111459345 432128
1783628137194 20.17481591179967 434176
1783628137955 41.709710435941815 436224
1783628138753 22.3332182392478 438272
1783628139636 37.62232930213213 440320
1783628140463 16.322896137367934 442368
1783628141349 27.61363193206489 444416
1783628142227 32.65133998915553 446464
1783628143105 14.13528303988278 448512
1783628143975 14.990757488412783 450560
1783628144944 28.97642427496612 452608
1783628145917 19.98963792808354 454656
1783628146940 12.720116352196783 456704
1783628148117 5.602313734591007 458752
1783628149147 19.998185482807457 460800
1783628150208 10.186869538156316 462848
1783628151150 5.62328055780381 464896
1783628152007 6.828209340106696 466944
1783628152944 12.400954329408705 468992
1783628153847 7.593511046376079 471040
1783628154757 9.81601162138395 473088
1783628155757 3.3250720233190805 475136
1783628156648 5.570186807308346 477184
1783628157577 15.283126388210803 479232
1783628158416 8.554223274346441 481280
1783628159276 13.944569965824485 483328
1783628160170 21.17924266308546 485376
1783628161047 11.470560694113374 487424
1783628161865 10.514354590792209 489472
1783628162751 2.593467437895015 491520
1783628163609 22.314842246472836 493568
1783628164400 10.907650280743837 495616
1783628165286 7.299467532313429 497664
1783628166116 22.597972923889756 499712
