1783629613465 -121.61191139221191 2048
1783629615074 -125.01168651580811 4096
1783629616499 -104.40158064365387 6144
1783629618100 -123.85083198547363 8192
1783629619648 -144.31670875549315 10240
1783629621047 -128.9450984954834 12288
1783629622452 -124.33759679794312 14336
1783629623859 -140.30229148864746 16384
1783629625427 -118.0219349861145 18432
1783629626938 -132.9543483734131 20480
1783629628331 -135.02215499877929 22528
1783629629863 -139.01328163146974 24576
1783629631358 -149.69815130233764 26624
1783629632868 -117.25788712501526 28672
1783629634284 -134.38703308105468 30720
1783629635897 -120.68100337982177 32768
1783629637776 -125.7176670074463 34816
1783629639254 -127.64641456604004 36864
1783629640776 -115.88579002618789 38912
1783629642561 -122.24223260879516 40960
1783629644260 -131.13207206726074 43008
1783629646314 -153.72037162780762 45056
1783629648063 -135.46037156581878 47104
1783629649684 -128.44544291496277 49152
1783629651251 -132.93335990905763 51200
1783629653080 -124.77303352355958 53248
1783629654873 -122.41308364868163 55296
1783629656542 -135.5895824432373 57344
1783629658064 -124.82058773040771 59392
1783629659826 -131.0451337814331 61440
1783629661321 -137.59092445373534 63488
1783629662943 -126.46404848098754 65536
1783629664572 -121.99788093566895 67584
1783629666199 -139.24154472351074 69632
1783629667826 -123.58282308578491 71680
1783629669501 -120.31843070983886 73728
1783629671382 -148.81284217834474 75776
1783629673205 -123.73871784210205 77824
1783629674938 -129.5121913909912 79872
1783629676690 -131.0056406021118 81920
1783629678477 -129.81647491455078 83968
1783629680311 -121.81897792816162 86016
1783629682203 -131.39345760345458 88064
1783629683796 -127.65734939575195 90112
1783629685476 -118.98786401748657 92160
1783629687321 -130.09640102386476 94208
1783629689099 -139.41895294189453 96256
1783629690885 -147.1442195892334 98304
1783629692940 -128.1524712562561 100352
1783629694678 -125.14666919708252 102400
1783629696482 -111.24613542556763 104448
1783629698041 -129.84867458343507 106496
1783629699844 -110.31879696846008 108544
1783629701747 -130.96554517745972 110592
1783629703514 -133.92457256317138 112640
1783629705355 -129.6369842529297 114688
1783629707162 -148.75076332092286 116736
1783629709109 -125.8991081237793 118784
1783629710895 -137.05987472534179 120832
1783629712737 -123.08547687530518 122880
1783629714562 -154.25638427734376 124928
1783629716263 -138.67604789733886 126976
1783629718201 -148.67520141601562 129024
1783629719988 -140.7853141784668 131072
1783629721900 -117.04959363937378 133120
1783629723806 -112.54782700538635 135168
1783629725373 -133.32878494262695 137216
1783629727086 -102.44104948043824 139264
1783629728851 -128.69062843322754 141312
1783629730602 -148.57231254577636 143360
1783629732336 -127.08456981182098 145408
1783629733961 -130.6763843536377 147456
1783629735692 -131.85698928833008 149504
1783629737332 -141.8622268676758 151552
1783629738861 -136.02652320861816 153600
1783629740740 -126.59704456329345 155648
1783629742771 -117.917525100708 157696
1783629744678 -132.92955207824707 159744
1783629746488 -125.28114204406738 161792
1783629748478 -138.68494110107423 163840
1783629750269 -136.22707977294922 165888
1783629751898 -125.72314138412476 167936
1783629753733 -135.5314398765564 169984
1783629755765 -119.67189598083496 172032
1783629757458 -143.28326873779298 174080
1783629759330 -134.51484756469728 176128
1783629760893 -128.89333534240723 178176
1783629762642 -133.00745735168456 180224
1783629764488 -139.21525192260742 182272
1783629766182 -121.44677505493163 184320
1783629767821 -135.02770881652833 186368
1783629769671 -135.13819694519043 188416
1783629771209 -123.84449157714843 190464
1783629773155 -107.1430483341217 192512
1783629774786 -138.02515029907227 194560
1783629776707 -124.83107872009278 196608
1783629778299 -118.18357028961182 198656
1783629780030 -143.67761907577514 200704
1783629781765 -116.8903353691101 202752
1783629783628 -133.06735382080078 204800
1783629785650 -130.35837936401367 206848
1783629787594 -137.06693572998046 208896
1783629789470 -135.729336643219 210944
1783629791414 -136.69680256843566 212992
1783629793288 -131.23041000366212 215040
1783629794991 -151.66937866210938 217088
1783629796894 -127.20591430664062 219136
1783629798998 -144.48907165527345 221184
1783629800799 -118.72107148170471 223232
1783629802761 -130.0065097808838 225280
1783629804569 -138.54677765369416 227328
1783629806535 -123.04486842155457 229376
1783629808482 -122.21890850067139 231424
1783629810127 -125.65729370117188 233472
1783629811717 -136.63278312683104 235520
1783629813537 -123.84227066040039 237568
1783629815371 -140.53042449951172 239616
1783629817212 -153.44105644226073 241664
1783629818750 -134.64261960983276 243712
1783629820649 -134.44983730316162 245760
1783629822452 -134.50457096099854 247808
1783629824115 -132.05802383422852 249856
1783629825852 -146.2305564880371 251904
1783629827714 -118.31316385269164 253952
1783629829480 -135.93754920959472 256000
1783629831353 -136.6297695159912 258048
1783629832994 -121.64936599731445 260096
1783629834791 -116.92638702392578 262144
1783629836547 -128.76142997741698 264192
1783629838360 -130.28952803611756 266240
1783629840054 -129.48870829343795 268288
1783629841837 -104.06403579711915 270336
1783629843710 -130.3487513065338 272384
1783629845427 -129.52508888244628 274432
1783629847315 -141.00701451301575 276480
1783629849293 -128.92774362564086 278528
1783629851213 -125.09461793899536 280576
1783629853253 -126.91055068969726 282624
1783629855150 -125.91150131225587 284672
1783629857083 -115.61286803483964 286720
1783629858979 -121.27183976173401 288768
1783629860755 -129.7676887512207 290816
1783629862576 -117.15930156707763 292864
1783629864573 -126.78412857055665 294912
1783629866435 -136.83778953552246 296960
1783629868139 -120.42030725479125 299008
1783629870125 -138.47506408691407 301056
1783629872014 -133.85875701904297 303104
1783629873928 -139.843741607666 305152
1783629875815 -142.37353000640869 307200
1783629877767 -125.37241768836975 309248
1783629879442 -136.4660888671875 311296
1783629881113 -125.86697177886963 313344
1783629882734 -134.9406352996826 315392
1783629884390 -145.24066505432128 317440
1783629885987 -146.42095184326172 319488
1783629887696 -133.1489398956299 321536
1783629889333 -121.11333169937134 323584
1783629891009 -127.32624626159668 325632
1783629892512 -129.75598526000977 327680
1783629894073 -125.67973518371582 329728
1783629895733 -143.6243968963623 331776
1783629897384 -121.87366833686829 333824
1783629898831 -129.81805667877197 335872
1783629900460 -121.05215225219726 337920
1783629902026 -117.84673309326172 339968
1783629903493 -118.68276624679565 342016
1783629905022 -136.94284286499024 344064
1783629906629 -144.78852920532228 346112
1783629907975 -119.01419739723205 348160
1783629909485 -101.97001647949219 350208
1783629910917 -128.80994720458983 352256
1783629912305 -133.12707233428955 354304
1783629913712 -146.08933334350587 356352
1783629915253 -130.8407658100128 358400
1783629916706 -141.0954803466797 360448
1783629918115 -113.45406703948974 362496
1783629919536 -112.14200220108032 364544
1783629921053 -149.90104942321778 366592
1783629922489 -126.69640197753907 368640
1783629923947 -123.32146797180175 370688
1783629925340 -133.01692237854004 372736
1783629926849 -132.25146827697753 374784
1783629928305 -132.0714454650879 376832
1783629929686 -136.35313873291017 378880
1783629931128 -139.04047317504882 380928
1783629932833 -152.14104881286622 382976
1783629934280 -147.31217942237853 385024
1783629935677 -126.18567247390747 387072
1783629937185 -132.7278923034668 389120
1783629938612 -126.01697101593018 391168
1783629939966 -115.46322326660156 393216
1783629941374 -115.10871801376342 395264
1783629942859 -140.91954612731934 397312
1783629944475 -126.86588325500489 399360
1783629945907 -132.43125591278076 401408
1783629947400 -128.87384300231935 403456
1783629948814 -124.18909664154053 405504
1783629950264 -126.38775935173035 407552
1783629951676 -143.55068359375 409600
1783629953247 -132.82404441833495 411648
1783629954675 -129.58979339599608 413696
1783629956054 -132.81074600219728 415744
1783629957412 -138.14187660217286 417792
1783629958942 -131.09340553283693 419840
1783629960339 -136.70828709602355 421888
1783629961717 -136.33152084350587 423936
1783629963089 -139.69098136425018 425984
1783629964590 -120.7693865776062 428032
1783629966018 -123.73574409484863 430080
1783629967366 -142.9941249847412 432128
1783629968776 -133.72713842391968 434176
1783629970222 -127.76680603027344 436224
1783629971862 -128.6240720272064 438272
1783629973258 -135.9961443424225 440320
1783629974634 -134.5690071105957 442368
1783629976133 -109.90075912475587 444416
1783629977742 -125.34497435092926 446464
1783629979367 -123.50206203460694 448512
1783629981070 -133.05097579956055 450560
1783629982588 -141.43176345825196 452608
1783629984120 -115.69756443500519 454656
1783629985602 -134.6864818572998 456704
1783629987059 -150.15708847045897 458752
1783629988525 -124.69821519851685 460800
1783629990053 -132.95909748077392 462848
1783629991514 -134.64363708496094 464896
1783629992883 -145.15699577331543 466944
1783629994256 -128.24843320846557 468992
1783629995874 -128.86931400299073 471040
1783629997370 -130.1853862762451 473088
1783629998800 -132.87047958374023 475136
1783630000176 -137.2972104549408 477184
1783630001757 -133.21712646484374 479232
1783630003262 -141.44648399353028 481280
1783630004737 -131.09616050720214 483328
1783630006263 -137.51929171085357 485376
1783630007697 -126.39960823059081 487424
1783630009110 -128.44604873657227 489472
1783630010520 -117.48308181762695 491520
1783630012065 -124.53456406593322 493568
1783630013529 -133.22515830993652 495616
1783630014941 -129.864346408844 497664
1783630016392 -120.46334724426269 499712
1783630017943 -117.73294715881347 501760
