1783697481491 22.0 2048
1783697489519 43.0 4096
1783697497596 66.0 6144
1783697505891 86.0 8192
1783697513863 107.0 10240
1783697522280 126.0 12288
1783697530272 144.0 14336
1783697538347 156.0 16384
1783697546127 170.0 18432
1783697554256 187.0 20480
1783697562191 202.0 22528
1783697565995 216.0 24576
1783697567048 230.0 26624
1783697568070 243.0 28672
1783697569184 256.0 30720
1783697570258 265.0 32768
1783697571431 275.0 34816
1783697572590 282.0 36864
1783697573850 289.0 38912
1783697575129 301.0 40960
1783697576309 307.0 43008
1783697577597 323.0 45056
1783697578733 336.0 47104
1783697579890 343.0 49152
1783697581028 352.0 51200
1783697582182 363.0 53248
1783697583359 372.0 55296
1783697584639 376.0 57344
1783697585803 382.0 59392
1783697586989 389.0 61440
1783697592878 397.0 63488
1783697598840 402.0 65536
1783697601003 408.0 67584
1783697601914 415.0 69632
1783697602864 417.0 71680
1783697604028 419.0 73728
1783697605238 423.0 75776
1783697606421 426.0 77824
1783697607678 428.0 79872
1783697608968 431.0 81920
1783697610256 435.0 83968
1783697611457 437.0 86016
1783697612678 439.0 88064
1783697613876 442.0 90112
1783697615109 444.0 92160
1783697616371 447.0 94208
1783697617575 449.0 96256
1783697618867 451.0 98304
1783697620140 453.0 100352
1783697621363 455.0 102400
1783697622708 457.0 104448
1783697623952 460.0 106496
1783697625199 462.0 108544
1783697626426 464.0 110592
1783697627635 467.0 112640
1783697628801 469.0 114688
1783697629928 471.0 116736
1783697631098 473.0 118784
1783697632369 475.0 120832
1783697633580 477.0 122880
1783697634828 480.0 124928
1783697636066 482.0 126976
1783697637316 485.0 129024
1783697638635 487.0 131072
1783697639862 489.0 133120
1783697641116 491.0 135168
1783697642720 493.0 137216
1783697644325 496.0 139264
1783697650863 499.0 141312
1783697653933 502.0 143360
1783697654891 504.0 145408
1783697655840 507.0 147456
1783697657127 509.0 149504
1783697660082 512.0 151552
1783697666077 515.0 153600
1783697671039 518.0 155648
1783697679165 521.0 157696
1783697686569 523.0 159744
1783697687630 526.0 161792
1783697688587 531.0 163840
1783697689746 534.0 165888
1783697690960 538.0 167936
1783697692228 541.0 169984
1783697693471 545.0 172032
1783697694688 549.0 174080
1783697695958 552.0 176128
1783697697155 556.0 178176
1783697698377 560.0 180224
1783697699593 564.0 182272
1783697700725 567.0 184320
1783697701870 571.0 186368
1783697703057 576.0 188416
1783697704285 580.0 190464
1783697705493 585.0 192512
1783697706683 589.0 194560
1783697707880 594.0 196608
1783697708808 599.0 198656
1783697709828 604.0 200704
1783697710811 609.0 202752
1783697711841 614.0 204800
1783697712862 619.0 206848
1783697713999 625.0 208896
1783697715099 629.0 210944
1783697716238 634.0 212992
1783697717314 640.0 215040
1783697718437 645.0 217088
1783697719639 650.0 219136
1783697720801 655.0 221184
1783697721937 660.0 223232
1783697723172 665.0 225280
1783697724387 671.0 227328
1783697725539 677.0 229376
1783697726621 683.0 231424
1783697727866 689.0 233472
1783697728941 695.0 235520
1783697729965 700.0 237568
1783697731033 705.0 239616
1783697732043 711.0 241664
1783697733160 716.0 243712
1783697734190 719.0 245760
1783697736627 724.0 247808
1783697744374 730.0 249856
1783697751876 735.0 251904
1783697760149 740.0 253952
1783697768690 746.0 256000
1783697777119 752.0 258048
1783697785434 757.0 260096
1783697794147 762.0 262144
1783697802602 768.0 264192
1783697811307 775.0 266240
1783697819997 781.0 268288
1783697828324 787.0 270336
1783697837021 793.0 272384
1783697845298 800.0 274432
1783697853847 806.0 276480
1783697862081 810.0 278528
1783697870707 814.0 280576
1783697879023 820.0 282624
1783697887292 827.0 284672
1783697895886 833.0 286720
1783697903013 838.0 288768
1783697908225 842.0 290816
1783697916035 846.0 292864
1783697922827 852.0 294912
1783697923875 858.0 296960
1783697929407 864.0 299008
1783697937599 871.0 301056
1783697945946 876.0 303104
1783697953440 882.0 305152
1783697961661 888.0 307200
1783697969007 894.0 309248
1783697976610 900.0 311296
1783697985294 906.0 313344
1783697992982 910.0 315392
1783697999812 915.0 317440
1783698006208 921.0 319488
1783698014285 927.0 321536
1783698022520 933.0 323584
1783698030446 939.0 325632
1783698038672 944.0 327680
1783698047303 950.0 329728
1783698055032 956.0 331776
1783698062631 961.0 333824
1783698070694 967.0 335872
1783698078837 973.0 337920
1783698085429 980.0 339968
1783698093647 986.0 342016
1783698101605 991.0 344064
1783698109847 996.0 346112
1783698117991 1000.0 348160
1783698126102 1006.0 350208
1783698134149 1011.0 352256
1783698142089 1015.0 354304
1783698145856 1020.0 356352
1783698149464 1025.0 358400
1783698155959 1030.0 360448
1783698164132 1035.0 362496
1783698172229 1039.0 364544
1783698180461 1043.0 366592
1783698189131 1047.0 368640
1783698197406 1052.0 370688
1783698205816 1056.0 372736
1783698214021 1060.0 374784
1783698222494 1064.0 376832
1783698230737 1067.0 378880
1783698239323 1071.0 380928
1783698247271 1074.0 382976
1783698255733 1078.0 385024
1783698264113 1082.0 387072
1783698272634 1086.0 389120
1783698281071 1090.0 391168
1783698289377 1092.0 393216
1783698297839 1096.0 395264
1783698305945 1099.0 397312
1783698314374 1104.0 399360
1783698322560 1107.0 401408
1783698330888 1111.0 403456
1783698339168 1115.0 405504
1783698347561 1119.0 407552
1783698355458 1122.0 409600
1783698363825 1126.0 411648
1783698371991 1130.0 413696
1783698380534 1133.0 415744
1783698388676 1136.0 417792
1783698396493 1140.0 419840
1783698404802 1143.0 421888
1783698413161 1146.0 423936
1783698421676 1150.0 425984
1783698429157 1155.0 428032
1783698436926 1159.0 430080
1783698444902 1163.0 432128
1783698452611 1167.0 434176
1783698460434 1171.0 436224
1783698467729 1174.0 438272
1783698475912 1177.0 440320
1783698483518 1181.0 442368
1783698490454 1185.0 444416
1783698498311 1188.0 446464
1783698504645 1191.0 448512
1783698511941 1196.0 450560
1783698519576 1200.0 452608
1783698527487 1205.0 454656
1783698535416 1208.0 456704
1783698543335 1212.0 458752
1783698551639 1216.0 460800
1783698559461 1221.0 462848
1783698567716 1225.0 464896
1783698575589 1230.0 466944
1783698582360 1234.0 468992
1783698590468 1239.0 471040
1783698595869 1244.0 473088
1783698599357 1247.0 475136
1783698607723 1251.0 477184
1783698615920 1254.0 479232
1783698624261 1259.0 481280
1783698630288 1264.0 483328
1783698638603 1269.0 485376
1783698646679 1273.0 487424
1783698654945 1278.0 489472
1783698663097 1283.0 491520
1783698671646 1288.0 493568
1783698680395 1292.0 495616
1783698688672 1297.0 497664
1783698697082 1302.0 499712
1783698705246 1307.0 501760
1783698713892 1312.0 503808
1783698722129 1318.0 505856
1783698730790 1322.0 507904
1783698738927 1327.0 509952
1783698747465 1332.0 512000
1783698755982 1336.0 514048
1783698764667 1340.0 516096
1783698773501 1342.0 518144
1783698781703 1348.0 520192
1783698790199 1352.0 522240
1783698798656 1357.0 524288
1783698807254 1362.0 526336
1783698815611 1366.0 528384
1783698824161 1371.0 530432
1783698832192 1375.0 532480
1783698838833 1379.0 534528
1783698846506 1385.0 536576
1783698854707 1390.0 538624
1783698863404 1394.0 540672
1783698871678 1399.0 542720
1783698880248 1403.0 544768
1783698888519 1409.0 546816
1783698897306 1415.0 548864
1783698905285 1421.0 550912
1783698913537 1426.0 552960
1783698921406 1433.0 555008
1783698929521 1436.0 557056
1783698937458 1441.0 559104
1783698942341 1446.0 561152
1783698943298 1452.0 563200
1783698944266 1457.0 565248
1783698945295 1462.0 567296
1783698946339 1468.0 569344
1783698947382 1473.0 571392
1783698948551 1479.0 573440
1783698949660 1485.0 575488
1783698952911 1491.0 577536
1783698960278 1496.0 579584
1783698966890 1501.0 581632
1783698974410 1505.0 583680
1783698981609 1511.0 585728
1783698989852 1517.0 587776
1783698997828 1521.0 589824
1783699005893 1527.0 591872
1783699013615 1532.0 593920
1783699021766 1537.0 595968
1783699029884 1542.0 598016
1783699038108 1550.0 600064
1783699046450 1556.0 602112
1783699054654 1562.0 604160
1783699063888 1570.0 606208
1783699070907 1575.0 608256
1783699079382 1581.0 610304
1783699087691 1587.0 612352
1783699096159 1592.0 614400
1783699104283 1599.0 616448
1783699112745 1606.0 618496
1783699120779 1613.0 620544
1783699129013 1620.0 622592
1783699137425 1626.0 624640
1783699145465 1633.0 626688
1783699153915 1638.0 628736
1783699162118 1644.0 630784
1783699170659 1650.0 632832
1783699178802 1656.0 634880
1783699187245 1662.0 636928
1783699195528 1669.0 638976
1783699204020 1675.0 641024
1783699212447 1681.0 643072
1783699220658 1687.0 645120
1783699229007 1691.0 647168
1783699237298 1699.0 649216
1783699245793 1703.0 651264
1783699253819 1709.0 653312
1783699262434 1715.0 655360
1783699270667 1718.0 657408
1783699279220 1724.0 659456
1783699287461 1730.0 661504
1783699296014 1736.0 663552
1783699304345 1743.0 665600
1783699312735 1748.0 667648
1783699321289 1754.0 669696
1783699329407 1761.0 671744
1783699337718 1768.0 673792
1783699346002 1773.0 675840
1783699354640 1777.0 677888
1783699362712 1781.0 679936
1783699371209 1786.0 681984
1783699379572 1792.0 684032
1783699387912 1796.0 686080
1783699396009 1802.0 688128
1783699404132 1809.0 690176
1783699412194 1815.0 692224
1783699420007 1820.0 694272
1783699427488 1827.0 696320
1783699435183 1834.0 698368
1783699443472 1838.0 700416
1783699451523 1845.0 702464
1783699459659 1851.0 704512
1783699467851 1858.0 706560
1783699475599 1862.0 708608
1783699483769 1870.0 710656
1783699491559 1875.0 712704
1783699499702 1881.0 714752
1783699507677 1887.0 716800
1783699515984 1894.0 718848
1783699524465 1900.0 720896
1783699532584 1905.0 722944
1783699540719 1910.0 724992
1783699548914 1915.0 727040
1783699557245 1922.0 729088
1783699565314 1928.0 731136
1783699573771 1932.0 733184
1783699581799 1939.0 735232
1783699590219 1945.0 737280
1783699598370 1952.0 739328
1783699606758 1959.0 741376
1783699614751 1965.0 743424
1783699623156 1972.0 745472
1783699631771 1976.0 747520
1783699639865 1985.0 749568
1783699648323 1989.0 751616
1783699656611 1995.0 753664
1783699665126 2003.0 755712
1783699673400 2009.0 757760
1783699682097 2016.0 759808
1783699689521 2022.0 761856
1783699690507 2025.0 763904
1783699691479 2032.0 765952
1783699692545 2034.0 768000
1783699693521 2040.0 770048
1783699694544 2044.0 772096
1783699695639 2049.0 774144
1783699696759 2055.0 776192
1783699697953 2060.0 778240
1783699699081 2066.0 780288
1783699700241 2072.0 782336
1783699701415 2077.0 784384
1783699702594 2084.0 786432
1783699703648 2090.0 788480
1783699704600 2096.0 790528
1783699705615 2099.0 792576
1783699706582 2105.0 794624
1783699707701 2112.0 796672
1783699708738 2116.0 798720
1783699709833 2122.0 800768
1783699710789 2127.0 802816
1783699711923 2133.0 804864
1783699713061 2137.0 806912
1783699714197 2141.0 808960
1783699715327 2146.0 811008
1783699716448 2150.0 813056
1783699717423 2156.0 815104
1783699718512 2161.0 817152
1783699719526 2167.0 819200
1783699720372 2172.0 821248
1783699721420 2178.0 823296
1783699722563 2185.0 825344
1783699724061 2191.0 827392
1783699731424 2198.0 829440
1783699735979 2204.0 831488
1783699743957 2210.0 833536
1783699752473 2215.0 835584
1783699760261 2221.0 837632
1783699768634 2228.0 839680
1783699776701 2232.0 841728
1783699785370 2234.0 843776
1783699793642 2239.0 845824
1783699802141 2244.0 847872
1783699810717 2249.0 849920
1783699818688 2254.0 851968
1783699827379 2257.0 854016
1783699835913 2264.0 856064
1783699844417 2268.0 858112
1783699852575 2272.0 860160
1783699861225 2276.0 862208
1783699869136 2280.0 864256
1783699877358 2285.0 866304
1783699884762 2291.0 868352
1783699892730 2297.0 870400
1783699900634 2301.0 872448
1783699908418 2307.0 874496
1783699916544 2313.0 876544
1783699924401 2316.0 878592
1783699932780 2321.0 880640
1783699940430 2327.0 882688
1783699948517 2331.0 884736
1783699956471 2336.0 886784
1783699964702 2340.0 888832
1783699972628 2345.0 890880
1783699975400 2351.0 892928
1783699976379 2354.0 894976
1783699977358 2360.0 897024
1783699979505 2366.0 899072
1783699980523 2371.0 901120
1783699981574 2378.0 903168
1783699983875 2382.0 905216
1783699986553 2387.0 907264
1783699993899 2394.0 909312
1783700002161 2398.0 911360
1783700010676 2402.0 913408
1783700018840 2407.0 915456
1783700027384 2413.0 917504
1783700035614 2415.0 919552
1783700044175 2422.0 921600
1783700052644 2426.0 923648
1783700061377 2432.0 925696
1783700069488 2439.0 927744
1783700077872 2446.0 929792
1783700086419 2452.0 931840
1783700094612 2457.0 933888
1783700103362 2462.0 935936
1783700109709 2468.0 937984
1783700110676 2474.0 940032
1783700116655 2478.0 942080
1783700125065 2484.0 944128
1783700133300 2490.0 946176
1783700141661 2496.0 948224
1783700149817 2501.0 950272
1783700158341 2507.0 952320
1783700166584 2511.0 954368
1783700174864 2515.0 956416
1783700182728 2521.0 958464
1783700191216 2527.0 960512
1783700199358 2532.0 962560
1783700207943 2535.0 964608
1783700216131 2541.0 966656
1783700224764 2545.0 968704
1783700233409 2551.0 970752
1783700241668 2555.0 972800
1783700250040 2559.0 974848
1783700258238 2565.0 976896
1783700267023 2569.0 978944
1783700275437 2574.0 980992
1783700283746 2579.0 983040
1783700291943 2585.0 985088
1783700300548 2589.0 987136
1783700309195 2594.0 989184
1783700317470 2598.0 991232
1783700326211 2603.0 993280
1783700334495 2609.0 995328
1783700342998 2615.0 997376
1783700350929 2618.0 999424
1783700353059 2619.0 1000000
