1783697481491 -190.3197649125647 2048
1783697489519 -145.0091437378399 4096
1783697497596 -161.68638008402726 6144
1783697505891 -151.0268105795979 8192
1783697513863 -104.19877553288116 10240
1783697522280 -158.82916091776136 12288
1783697530272 -141.86640960050119 14336
1783697538347 -144.21140671275538 16384
1783697546127 -111.48722758558638 18432
1783697554256 -144.55570061863426 20480
1783697562191 -102.97712245122727 22528
1783697565995 -98.07209153820432 24576
1783697567048 -109.27865613362621 26624
1783697568070 -90.53524516445867 28672
1783697569184 -84.44721900661996 30720
1783697570258 -80.77156629246129 32768
1783697571431 -86.63279099523086 34816
1783697572590 -133.11672168947172 36864
1783697573850 -114.87211444366025 38912
1783697575129 -132.38997852310746 40960
1783697576309 -105.70288214008356 43008
1783697577597 -57.665185344738845 45056
1783697578733 -52.094082974240834 47104
1783697579890 -39.40229618678999 49152
1783697581028 -49.722411477003945 51200
1783697582182 -64.12628104101428 53248
1783697583359 -47.40125748657723 55296
1783697584639 -51.291248464930916 57344
1783697585803 -53.09722375429783 59392
1783697586989 -47.44116647321556 61440
1783697592878 -30.758977121604083 63488
1783697598840 -29.07279091848895 65536
1783697601003 -32.09161789865144 67584
1783697601914 -39.0996883060635 69632
1783697602864 -39.944006881097884 71680
1783697604028 -36.40115615360233 73728
1783697605238 -25.55660953006886 75776
1783697606421 -27.55162262395233 77824
1783697607678 -19.12251107578295 79872
1783697608968 -1.8931330788767782 81920
1783697610256 15.603983633810966 83968
1783697611457 28.46591696840296 86016
1783697612678 33.175793988628534 88064
1783697613876 42.32594272484949 90112
1783697615109 50.51405133452816 92160
1783697616371 50.23626556480754 94208
1783697617575 58.09811922000888 96256
1783697618867 57.17743848094477 98304
1783697620140 60.693852872469805 100352
1783697621363 63.87025816597596 102400
1783697622708 50.36392612148428 104448
1783697623952 39.01314384415532 106496
1783697625199 28.433004822366986 108544
1783697626426 27.920179135395262 110592
1783697627635 21.75269157453271 112640
1783697628801 12.782090565372775 114688
1783697629928 11.983783635673717 116736
1783697631098 2.5750081655716572 118784
1783697632369 -1.9958246966063968 120832
1783697633580 9.223700298411886 122880
1783697634828 28.60927251165674 124928
1783697636066 36.66845026309992 126976
1783697637316 24.153340762927748 129024
1783697638635 49.33783256825356 131072
1783697639862 62.52475017326044 133120
1783697641116 62.829963523939384 135168
1783697642720 65.60670130436003 137216
1783697644325 50.75794264050036 139264
1783697650863 53.99121891830589 141312
1783697653933 45.46523954636068 143360
1783697654891 62.48931963417671 145408
1783697655840 62.53153393138066 147456
1783697657127 52.87849940781496 149504
1783697660082 60.74260362288288 151552
1783697666077 68.31748999034855 153600
1783697671039 84.01727469596025 155648
1783697679165 120.489679943331 157696
1783697686569 111.8673170973592 159744
1783697687630 135.02625737677303 161792
1783697688587 153.8686764239 163840
1783697689746 168.30409785304215 165888
1783697690960 176.28851449381574 167936
1783697692228 167.61955140138681 169984
1783697693471 164.25551249008785 172032
1783697694688 158.76268236615354 174080
1783697695958 141.44887897154132 176128
1783697697155 121.96784583146112 178176
1783697698377 97.00420898093483 180224
1783697699593 122.18505351862545 182272
1783697700725 93.98860020227278 184320
1783697701870 114.6672148917331 186368
1783697703057 123.33514626635767 188416
1783697704285 106.2838059505074 190464
1783697705493 91.19531408058617 192512
1783697706683 112.38997487500365 194560
1783697707880 101.66252408086561 196608
1783697708808 127.89244626172982 198656
1783697709828 162.2265957661029 200704
1783697710811 150.4347116279579 202752
1783697711841 140.03975570846686 204800
1783697712862 111.18043704257828 206848
1783697713999 120.02140355130726 208896
1783697715099 131.83915965490507 210944
1783697716238 156.18876747931768 212992
1783697717314 139.83255954044003 215040
1783697718437 121.61222970887881 217088
1783697719639 124.34489839890648 219136
1783697720801 131.9978261966324 221184
1783697721937 171.67600533446605 223232
1783697723172 194.0695025256592 225280
1783697724387 171.07970581037162 227328
1783697725539 176.54711577089614 229376
1783697726621 152.62323429925215 231424
1783697727866 126.40356733764244 233472
1783697728941 83.39561401235437 235520
1783697729965 56.072285163051866 237568
1783697731033 53.78609411354476 239616
1783697732043 75.75435328108996 241664
1783697733160 104.36292096327176 243712
1783697734190 123.4688188304577 245760
1783697736627 154.00738751412862 247808
1783697744374 170.85672142397817 249856
1783697751876 157.75141845709283 251904
1783697760149 126.4021010161462 253952
1783697768690 76.6826367969624 256000
1783697777119 96.813341319388 258048
1783697785434 106.98976453961181 260096
1783697794147 125.64248275361481 262144
1783697802602 141.09540266126558 264192
1783697811307 101.8692826831684 266240
1783697819997 64.78638898193189 268288
1783697828324 63.887944033646704 270336
1783697837021 85.53314972286941 272384
1783697845298 64.11317092108527 274432
1783697853847 92.60395818601756 276480
1783697862081 102.5757183656331 278528
1783697870707 144.11274504573333 280576
1783697879023 181.2530336376521 282624
1783697887292 135.3988784928619 284672
1783697895886 116.25360181651494 286720
1783697903013 105.02712806530607 288768
1783697908225 124.96670337644585 290816
1783697916035 164.48043297917857 292864
1783697922827 177.178382511359 294912
1783697923875 175.4695206759955 296960
1783697929407 126.47943130497865 299008
1783697937599 91.68723928270836 301056
1783697945946 88.04408687229535 303104
1783697953440 82.44641685970625 305152
1783697961661 98.5387046270818 307200
1783697969007 101.40373604837285 309248
1783697976610 100.57715837818014 311296
1783697985294 94.24379603941148 313344
1783697992982 102.3549229280795 315392
1783697999812 86.48997575596555 317440
1783698006208 65.2204209185167 319488
1783698014285 99.56823366458963 321536
1783698022520 54.53597474024311 323584
1783698030446 97.63036821137842 325632
1783698038672 86.60132554962459 327680
1783698047303 112.49325228156047 329728
1783698055032 120.67210767211768 331776
1783698062631 118.05122829378263 333824
1783698070694 76.00958744073218 335872
1783698078837 65.51147158498785 337920
1783698085429 27.91232626046201 339968
1783698093647 37.29209089590197 342016
1783698101605 63.213808878992154 344064
1783698109847 57.9048346726823 346112
1783698117991 102.16187193390545 348160
1783698126102 113.97743353810162 350208
1783698134149 101.89002699884823 352256
1783698142089 114.785209626993 354304
1783698145856 85.31221636118539 356352
1783698149464 78.70118251567717 358400
1783698155959 95.54925161273988 360448
1783698164132 97.40232047775159 362496
1783698172229 107.6549423641737 364544
1783698180461 132.6604377255774 366592
1783698189131 140.73013346465305 368640
1783698197406 111.05165732200093 370688
1783698205816 105.1639104812017 372736
1783698214021 92.58742051842685 374784
1783698222494 69.03800351005579 376832
1783698230737 87.71146026667854 378880
1783698239323 116.13638567889714 380928
1783698247271 84.1152871783484 382976
1783698255733 73.19141741279144 385024
1783698264113 79.77594765643008 387072
1783698272634 85.4944986053832 389120
1783698281071 62.75869540212144 391168
1783698289377 76.52232099301399 393216
1783698297839 95.9106856996375 395264
1783698305945 97.62031663037442 397312
1783698314374 69.396688097282 399360
1783698322560 65.56732384757534 401408
1783698330888 87.07616180708514 403456
1783698339168 89.12016637410348 405504
1783698347561 94.13552257058878 407552
1783698355458 107.44983636343007 409600
1783698363825 87.77386873695968 411648
1783698371991 45.049885774842075 413696
1783698380534 34.957361085846856 415744
1783698388676 54.67886474790161 417792
1783698396493 59.24304907934752 419840
1783698404802 71.35826800456265 421888
1783698413161 92.49816173584327 423936
1783698421676 109.64787275166702 425984
1783698429157 104.75576102847704 428032
1783698436926 128.73741263351613 430080
1783698444902 113.129620900322 432128
1783698452611 134.2071337020175 434176
1783698460434 145.8484437451392 436224
1783698467729 157.01784177626269 438272
1783698475912 165.25038377936363 440320
1783698483518 160.99888601936595 442368
1783698490454 119.06709952058699 444416
1783698498311 114.33895000131209 446464
1783698504645 115.06523688297409 448512
1783698511941 102.22746160568352 450560
1783698519576 116.59012482269779 452608
1783698527487 136.16989834568375 454656
1783698535416 123.07449476866331 456704
1783698543335 114.15747638143498 458752
1783698551639 133.44261913636848 460800
1783698559461 114.66524039127066 462848
1783698567716 115.20044764291906 464896
1783698575589 111.83518650462516 466944
1783698582360 95.24903161215641 468992
1783698590468 97.54540231427646 471040
1783698595869 88.89064318808859 473088
1783698599357 69.92319713363199 475136
1783698607723 100.34839798532708 477184
1783698615920 108.25169045425089 479232
1783698624261 101.98779571785187 481280
1783698630288 117.1865787030259 483328
1783698638603 113.9167672387731 485376
1783698646679 102.37411983500934 487424
1783698654945 105.98031557445904 489472
1783698663097 93.7375266957005 491520
1783698671646 105.65448453149682 493568
1783698680395 126.52989337990034 495616
1783698688672 130.10760680298145 497664
1783698697082 126.7116710801696 499712
1783698705246 124.24970896856628 501760
1783698713892 111.99059785919906 503808
1783698722129 92.30768388029705 505856
1783698730790 88.0863244985632 507904
1783698738927 66.45162085869116 509952
1783698747465 87.85832395439047 512000
1783698755982 91.57812156553415 514048
1783698764667 104.64901212079766 516096
1783698773501 112.44611513000696 518144
1783698781703 75.76065941349498 520192
1783698790199 20.761320630210577 522240
1783698798656 16.425051657397045 524288
1783698807254 -0.433512725933037 526336
1783698815611 31.41010606064267 528384
1783698824161 57.42075625243132 530432
1783698832192 87.72719795810944 532480
1783698838833 87.6405613060143 534528
1783698846506 75.37745622573684 536576
1783698854707 103.52121449678432 538624
1783698863404 75.66833450856726 540672
1783698871678 78.97653396824951 542720
1783698880248 107.23385893452837 544768
1783698888519 95.81582822575703 546816
1783698897306 110.26051975329685 548864
1783698905285 82.59257029572292 550912
1783698913537 70.04277147558062 552960
1783698921406 73.8931593264389 555008
1783698929521 84.67859231012338 557056
1783698937458 99.79575075302841 559104
1783698942341 125.24219205394047 561152
1783698943298 139.28107649952432 563200
1783698944266 110.76484296272812 565248
1783698945295 120.4584921384999 567296
1783698946339 125.27761056868246 569344
1783698947382 143.90376827213984 571392
1783698948551 162.39265141542288 573440
1783698949660 166.01549801341866 575488
1783698952911 154.5793891866085 577536
1783698960278 156.61703123765602 579584
1783698966890 119.44090061261113 581632
1783698974410 98.32344980632362 583680
1783698981609 100.70467276775096 585728
1783698989852 83.88358648640148 587776
1783698997828 120.14491539135061 589824
1783699005893 106.43117985168519 591872
1783699013615 136.43015589486026 593920
1783699021766 149.40277312081972 595968
1783699029884 149.08152281676564 598016
1783699038108 126.93811589654152 600064
1783699046450 120.92106714856975 602112
1783699054654 102.75744852448005 604160
1783699063888 109.07935529224434 606208
1783699070907 121.65513611131693 608256
1783699079382 164.82649597637993 610304
1783699087691 185.63550391787237 612352
1783699096159 167.77041898526053 614400
1783699104283 112.27931191118815 616448
1783699112745 96.04861982209714 618496
1783699120779 87.19314057311722 620544
1783699129013 89.50833973544727 622592
1783699137425 85.99110935144884 624640
1783699145465 106.28651716968079 626688
1783699153915 126.97615437557059 628736
1783699162118 109.90543394365045 630784
1783699170659 147.07152448205755 632832
1783699178802 153.42958385321032 634880
1783699187245 151.15988064748348 636928
1783699195528 106.85709363682804 638976
1783699204020 94.3356258374404 641024
1783699212447 97.7944184225451 643072
1783699220658 158.07361828784454 645120
1783699229007 157.8400290486033 647168
1783699237298 155.08573681196899 649216
1783699245793 167.75598110558968 651264
1783699253819 162.46607670574863 653312
1783699262434 186.21869630394872 655360
1783699270667 192.50605914114675 657408
1783699279220 173.58117546308577 659456
1783699287461 150.22555854113705 661504
1783699296014 151.41224690583303 663552
1783699304345 150.59709378176302 665600
1783699312735 135.9540995008641 667648
1783699321289 143.33723061314709 669696
1783699329407 128.56272300597763 671744
1783699337718 114.89986674937776 673792
1783699346002 126.83751261067997 675840
1783699354640 149.77706610790062 677888
1783699362712 154.1906398367607 679936
1783699371209 151.12672970543733 681984
1783699379572 163.00661340864937 684032
1783699387912 159.75509881873876 686080
1783699396009 151.15967183433727 688128
1783699404132 118.3491813152785 690176
1783699412194 100.56168231450354 692224
1783699420007 105.38021435764126 694272
1783699427488 143.24606263359541 696320
1783699435183 138.566218102078 698368
1783699443472 121.95196790921943 700416
1783699451523 101.17565241860984 702464
1783699459659 125.8565084682994 704512
1783699467851 114.15323247917142 706560
1783699475599 131.40288270646946 708608
1783699483769 116.58777640556283 710656
1783699491559 111.29507169499034 712704
1783699499702 139.31664878528775 714752
1783699507677 120.71967472879801 716800
1783699515984 144.58403973932496 718848
1783699524465 134.27247800786898 720896
1783699532584 157.77085352550014 722944
1783699540719 131.16195484991488 724992
1783699548914 106.78688858713379 727040
1783699557245 92.27101753802583 729088
1783699565314 63.33773777974113 731136
1783699573771 89.47286321997831 733184
1783699581799 107.40110085835786 735232
1783699590219 125.31396521552733 737280
1783699598370 162.80443810482444 739328
1783699606758 166.1405825761831 741376
1783699614751 162.71310426220037 743424
1783699623156 122.45492939703051 745472
1783699631771 127.6377264067597 747520
1783699639865 78.30852666457726 749568
1783699648323 78.73531707487517 751616
1783699656611 72.46658990077306 753664
1783699665126 99.2106730207694 755712
1783699673400 92.58132707548603 757760
1783699682097 100.82932240829686 759808
1783699689521 98.55104348945362 761856
1783699690507 123.80835553489662 763904
1783699691479 155.50280919088976 765952
1783699692545 145.089845132624 768000
1783699693521 158.01272870125203 770048
1783699694544 123.61269188060835 772096
1783699695639 111.0582380416927 774144
1783699696759 91.74414415230976 776192
1783699697953 92.2262443138894 778240
1783699699081 89.6415442864174 780288
1783699700241 128.32685309979834 782336
1783699701415 131.89444784758857 784384
1783699702594 138.44257936521785 786432
1783699703648 94.84314243579902 788480
1783699704600 91.6833523634464 790528
1783699705615 92.05700869497137 792576
1783699706582 97.206216350002 794624
1783699707701 127.75952712498642 796672
1783699708738 117.62264617351559 798720
1783699709833 123.69818734167502 800768
1783699710789 140.28176071243064 802816
1783699711923 150.81475530860016 804864
1783699713061 148.3498322940522 806912
1783699714197 140.15514094201777 808960
1783699715327 142.01703534347013 811008
1783699716448 169.69090923683495 813056
1783699717423 121.58911181524198 815104
1783699718512 129.2066289396054 817152
1783699719526 100.22294982713207 819200
1783699720372 89.70926055282457 821248
1783699721420 105.71089909354153 823296
1783699722563 112.02250129981894 825344
1783699724061 95.70172591763927 827392
1783699731424 96.49920977443918 829440
1783699735979 121.24302660717133 831488
1783699743957 120.81272078795583 833536
1783699752473 149.7161376352802 835584
1783699760261 147.02211967093683 837632
1783699768634 121.78154444152787 839680
1783699776701 128.6710716275091 841728
1783699785370 110.76106297263519 843776
1783699793642 145.75681164069567 845824
1783699802141 131.02313698956223 847872
1783699810717 126.69849404916417 849920
1783699818688 152.47568673294933 851968
1783699827379 145.02569546815533 854016
1783699835913 156.64985976877549 856064
1783699844417 146.8001664882193 858112
1783699852575 133.85901350205538 860160
1783699861225 133.96403691575543 862208
1783699869136 130.3027299136439 864256
1783699877358 145.79193695385416 866304
1783699884762 113.60306907950375 868352
1783699892730 81.81774332054837 870400
1783699900634 100.66313171328302 872448
1783699908418 90.64369841646281 874496
1783699916544 130.60375138561488 876544
1783699924401 104.58459272947823 878592
1783699932780 105.80741475390273 880640
1783699940430 85.20166633066749 882688
1783699948517 93.13216253885926 884736
1783699956471 98.28940065516677 886784
1783699964702 86.07851601159788 888832
1783699972628 111.69898957846692 890880
1783699975400 131.86853063496238 892928
1783699976379 136.5425123768636 894976
1783699977358 166.91135788795413 897024
1783699979505 124.9443139906123 899072
1783699980523 105.71588278427994 901120
1783699981574 95.440328516184 903168
1783699983875 78.94719866758416 905216
1783699986553 86.45020806415133 907264
1783699993899 74.56101181858712 909312
1783700002161 76.05897866707672 911360
1783700010676 86.50558315195619 913408
1783700018840 118.01246457266544 915456
1783700027384 111.50137151202834 917504
1783700035614 116.60035357564766 919552
1783700044175 100.028395604114 921600
1783700052644 83.62588332561066 923648
1783700061377 97.31759102128791 925696
1783700069488 139.66064843823884 927744
1783700077872 136.16995686166246 929792
1783700086419 119.289095691635 931840
1783700094612 117.41399783653344 933888
1783700103362 111.73659108920972 935936
1783700109709 135.6764293928861 937984
1783700110676 89.97780281553742 940032
1783700116655 71.79016610617381 942080
1783700125065 97.16948146772836 944128
1783700133300 113.23881193629896 946176
1783700141661 142.46154319545633 948224
1783700149817 131.43089088152064 950272
1783700158341 136.4154077353544 952320
1783700166584 143.45208029155503 954368
1783700174864 154.26850351253805 956416
1783700182728 134.78898289404472 958464
1783700191216 128.99931097107924 960512
1783700199358 100.0828424502718 962560
1783700207943 97.72243441334673 964608
1783700216131 105.23738589752938 966656
1783700224764 84.35039709633159 968704
1783700233409 112.1074222863748 970752
1783700241668 98.02518646896459 972800
1783700250040 95.52204232361848 974848
1783700258238 95.6954767803288 976896
1783700267023 83.4753920096374 978944
1783700275437 113.74735481540638 980992
1783700283746 117.01570664000937 983040
1783700291943 151.7149831038525 985088
1783700300548 148.68710257073258 987136
1783700309195 128.99400589875364 989184
1783700317470 129.79231108387813 991232
1783700326211 106.78058177793355 993280
1783700334495 122.99070422028524 995328
1783700342998 148.91894222348586 997376
1783700350929 140.1516736690753 999424
1783700353059 143.80982937546926 1000000
