1783689669448 22.0 2048
1783689677367 43.0 4096
1783689685826 66.0 6144
1783689694079 86.0 8192
1783689702841 107.0 10240
1783689711156 126.0 12288
1783689719743 144.0 14336
1783689728267 156.0 16384
1783689736253 170.0 18432
1783689744826 187.0 20480
1783689752964 202.0 22528
1783689761331 216.0 24576
1783689769425 230.0 26624
1783689770493 243.0 28672
1783689771424 256.0 30720
1783689772335 265.0 32768
1783689773261 275.0 34816
1783689774314 282.0 36864
1783689775348 289.0 38912
1783689776402 301.0 40960
1783689777509 307.0 43008
1783689778619 323.0 45056
1783689779566 336.0 47104
1783689780750 343.0 49152
1783689781769 352.0 51200
1783689782845 363.0 53248
1783689788816 372.0 55296
1783689796002 376.0 57344
1783689803933 382.0 59392
1783689811510 389.0 61440
1783689819368 397.0 63488
1783689826934 402.0 65536
1783689834879 408.0 67584
1783689842880 415.0 69632
1783689850570 417.0 71680
1783689858700 419.0 73728
1783689866200 423.0 75776
1783689874312 426.0 77824
1783689882375 428.0 79872
1783689890101 431.0 81920
1783689898259 435.0 83968
1783689906239 437.0 86016
1783689914594 439.0 88064
1783689922553 442.0 90112
1783689930776 444.0 92160
1783689939111 447.0 94208
1783689947016 449.0 96256
1783689955347 451.0 98304
1783689963037 453.0 100352
1783689971360 455.0 102400
1783689979495 457.0 104448
1783689987600 460.0 106496
1783689995837 462.0 108544
1783690003756 464.0 110592
1783690011715 467.0 112640
1783690019264 469.0 114688
1783690027486 471.0 116736
1783690035483 473.0 118784
1783690043492 475.0 120832
1783690052101 477.0 122880
1783690060235 480.0 124928
1783690068850 482.0 126976
1783690077054 485.0 129024
1783690085456 487.0 131072
1783690093795 489.0 133120
1783690101877 491.0 135168
1783690110372 493.0 137216
1783690117830 496.0 139264
1783690118844 499.0 141312
1783690119772 502.0 143360
1783690120810 504.0 145408
1783690121880 507.0 147456
1783690122749 509.0 149504
1783690123816 512.0 151552
1783690124913 515.0 153600
1783690125998 518.0 155648
1783690127189 521.0 157696
1783690128324 523.0 159744
1783690129420 526.0 161792
1783690130551 531.0 163840
1783690132622 534.0 165888
1783690138897 538.0 167936
1783690144760 541.0 169984
1783690152992 545.0 172032
1783690161488 549.0 174080
1783690169972 552.0 176128
1783690178027 556.0 178176
1783690186514 560.0 180224
1783690194684 564.0 182272
1783690203217 567.0 184320
1783690211232 571.0 186368
1783690218540 576.0 188416
1783690219484 580.0 190464
1783690222748 585.0 192512
1783690230925 589.0 194560
1783690239223 594.0 196608
1783690247837 599.0 198656
1783690255664 604.0 200704
1783690263750 609.0 202752
1783690271274 614.0 204800
1783690279367 619.0 206848
1783690287421 625.0 208896
1783690294913 629.0 210944
1783690303003 634.0 212992
1783690310687 640.0 215040
1783690318707 645.0 217088
1783690326690 650.0 219136
1783690334294 655.0 221184
1783690341620 660.0 223232
1783690349221 665.0 225280
1783690357264 671.0 227328
1783690365381 677.0 229376
1783690373160 683.0 231424
1783690381049 689.0 233472
1783690388967 695.0 235520
1783690397312 700.0 237568
1783690405244 705.0 239616
1783690413467 711.0 241664
1783690421622 716.0 243712
1783690429734 719.0 245760
1783690436972 724.0 247808
1783690437961 730.0 249856
1783690445153 735.0 251904
1783690453437 740.0 253952
1783690461443 746.0 256000
1783690469673 752.0 258048
1783690477630 757.0 260096
1783690485405 762.0 262144
1783690493708 768.0 264192
1783690501548 775.0 266240
1783690509553 781.0 268288
1783690517926 787.0 270336
1783690526233 793.0 272384
1783690534686 800.0 274432
1783690542731 806.0 276480
1783690551296 810.0 278528
1783690558522 814.0 280576
1783690567193 820.0 282624
1783690575635 827.0 284672
1783690583877 833.0 286720
1783690592246 838.0 288768
1783690600535 842.0 290816
1783690609189 846.0 292864
1783690617363 852.0 294912
1783690626010 858.0 296960
1783690634234 864.0 299008
1783690642661 871.0 301056
1783690651344 876.0 303104
1783690659420 882.0 305152
1783690668303 888.0 307200
1783690676418 894.0 309248
1783690684823 900.0 311296
1783690692918 906.0 313344
1783690701452 910.0 315392
1783690710164 915.0 317440
1783690718294 921.0 319488
1783690726818 927.0 321536
1783690734845 933.0 323584
1783690743306 939.0 325632
1783690751178 944.0 327680
1783690755637 950.0 329728
1783690756631 956.0 331776
1783690762602 961.0 333824
1783690770439 967.0 335872
1783690778215 973.0 337920
1783690786414 980.0 339968
1783690794025 986.0 342016
1783690802177 991.0 344064
1783690809896 996.0 346112
1783690818052 1000.0 348160
1783690825439 1006.0 350208
1783690832926 1011.0 352256
1783690841062 1015.0 354304
1783690848811 1020.0 356352
1783690856968 1025.0 358400
1783690865097 1030.0 360448
1783690867594 1035.0 362496
1783690868789 1039.0 364544
1783690876958 1043.0 366592
1783690885064 1047.0 368640
1783690893239 1052.0 370688
1783690901332 1056.0 372736
1783690909155 1060.0 374784
1783690917389 1064.0 376832
1783690925417 1067.0 378880
1783690933789 1071.0 380928
1783690941861 1074.0 382976
1783690949861 1078.0 385024
1783690958179 1082.0 387072
1783690966125 1086.0 389120
1783690974467 1090.0 391168
1783690982433 1092.0 393216
1783690990530 1096.0 395264
1783690999122 1099.0 397312
1783691007210 1104.0 399360
1783691015712 1107.0 401408
1783691023864 1111.0 403456
1783691032544 1115.0 405504
1783691040752 1119.0 407552
1783691049049 1122.0 409600
1783691057411 1126.0 411648
1783691065478 1130.0 413696
1783691073775 1133.0 415744
1783691081952 1136.0 417792
1783691090502 1140.0 419840
1783691098763 1143.0 421888
1783691107326 1146.0 423936
1783691115571 1150.0 425984
1783691123587 1155.0 428032
1783691131784 1159.0 430080
1783691139651 1163.0 432128
1783691148065 1167.0 434176
1783691156301 1171.0 436224
1783691164559 1174.0 438272
1783691173123 1177.0 440320
1783691176168 1181.0 442368
1783691177146 1185.0 444416
1783691179952 1188.0 446464
1783691187864 1191.0 448512
1783691195928 1196.0 450560
1783691204436 1200.0 452608
1783691212952 1205.0 454656
1783691221015 1208.0 456704
1783691229093 1212.0 458752
1783691236643 1216.0 460800
1783691244720 1221.0 462848
1783691252567 1225.0 464896
1783691260337 1230.0 466944
1783691268477 1234.0 468992
1783691276245 1239.0 471040
1783691284265 1244.0 473088
1783691291744 1247.0 475136
1783691299554 1251.0 477184
1783691307573 1254.0 479232
1783691313704 1259.0 481280
1783691317025 1264.0 483328
1783691324631 1269.0 485376
1783691330314 1273.0 487424
1783691331377 1278.0 489472
1783691336709 1283.0 491520
1783691342395 1288.0 493568
1783691349954 1292.0 495616
1783691357796 1297.0 497664
1783691365507 1302.0 499712
1783691373757 1307.0 501760
1783691381806 1312.0 503808
1783691389880 1318.0 505856
1783691398308 1322.0 507904
1783691406086 1327.0 509952
1783691414408 1332.0 512000
1783691422422 1336.0 514048
1783691430716 1340.0 516096
1783691438724 1342.0 518144
1783691447047 1348.0 520192
1783691455200 1352.0 522240
1783691462997 1357.0 524288
1783691471517 1362.0 526336
1783691479695 1366.0 528384
1783691488316 1371.0 530432
1783691496513 1375.0 532480
1783691504895 1379.0 534528
1783691513485 1385.0 536576
1783691521725 1390.0 538624
1783691530215 1394.0 540672
1783691538364 1399.0 542720
1783691546935 1403.0 544768
1783691555128 1409.0 546816
1783691563761 1415.0 548864
1783691572122 1421.0 550912
1783691580422 1426.0 552960
1783691589150 1433.0 555008
1783691597482 1436.0 557056
1783691605394 1441.0 559104
1783691612797 1446.0 561152
1783691620375 1452.0 563200
1783691628721 1457.0 565248
1783691637298 1462.0 567296
1783691645780 1468.0 569344
1783691653835 1473.0 571392
1783691662477 1479.0 573440
1783691670666 1485.0 575488
1783691679151 1491.0 577536
1783691687438 1496.0 579584
1783691696108 1501.0 581632
1783691704305 1505.0 583680
1783691712542 1511.0 585728
1783691720578 1517.0 587776
1783691728338 1521.0 589824
1783691736466 1527.0 591872
1783691744109 1532.0 593920
1783691752320 1537.0 595968
1783691760172 1542.0 598016
1783691768340 1550.0 600064
1783691776470 1556.0 602112
1783691784120 1562.0 604160
1783691792295 1570.0 606208
1783691800002 1575.0 608256
1783691808238 1581.0 610304
1783691816099 1587.0 612352
1783691824411 1592.0 614400
1783691832671 1599.0 616448
1783691840912 1606.0 618496
1783691849072 1613.0 620544
1783691856825 1620.0 622592
1783691865280 1626.0 624640
1783691873173 1633.0 626688
1783691881485 1638.0 628736
1783691884299 1644.0 630784
1783691885786 1650.0 632832
1783691892333 1656.0 634880
1783691900819 1662.0 636928
1783691908833 1669.0 638976
1783691916975 1675.0 641024
1783691925037 1681.0 643072
1783691933332 1687.0 645120
1783691941633 1691.0 647168
1783691950278 1699.0 649216
1783691958666 1703.0 651264
1783691965746 1709.0 653312
1783691966722 1715.0 655360
1783691967681 1718.0 657408
1783691970092 1724.0 659456
1783691971140 1730.0 661504
1783691972117 1736.0 663552
1783691974495 1743.0 665600
1783691980988 1748.0 667648
1783691987110 1754.0 669696
1783691995423 1761.0 671744
1783692003907 1768.0 673792
1783692012640 1773.0 675840
1783692021114 1777.0 677888
1783692029419 1781.0 679936
1783692037663 1786.0 681984
1783692046244 1792.0 684032
1783692054551 1796.0 686080
1783692062913 1802.0 688128
1783692071120 1809.0 690176
1783692079447 1815.0 692224
1783692087848 1820.0 694272
1783692096334 1827.0 696320
1783692104588 1834.0 698368
1783692113277 1838.0 700416
1783692121879 1845.0 702464
1783692129998 1851.0 704512
1783692138372 1858.0 706560
1783692146580 1862.0 708608
1783692155009 1870.0 710656
1783692163082 1875.0 712704
1783692171539 1881.0 714752
1783692179902 1887.0 716800
1783692187911 1894.0 718848
1783692195928 1900.0 720896
1783692201742 1905.0 722944
1783692209769 1910.0 724992
1783692217509 1915.0 727040
1783692219056 1922.0 729088
1783692219987 1928.0 731136
1783692220920 1932.0 733184
1783692222035 1939.0 735232
1783692223253 1945.0 737280
1783692224417 1952.0 739328
1783692225532 1959.0 741376
1783692226635 1965.0 743424
1783692227716 1972.0 745472
1783692228684 1976.0 747520
1783692229736 1985.0 749568
1783692230795 1989.0 751616
1783692232053 1995.0 753664
1783692233330 2003.0 755712
1783692234544 2009.0 757760
1783692235856 2016.0 759808
1783692236971 2022.0 761856
1783692238425 2025.0 763904
1783692239632 2032.0 765952
1783692240899 2034.0 768000
1783692242184 2040.0 770048
1783692243616 2044.0 772096
1783692246566 2049.0 774144
1783692252740 2055.0 776192
1783692260087 2060.0 778240
