1783689669448 -190.3197649125647 2048
1783689677367 -145.0091437378399 4096
1783689685826 -161.68638008402726 6144
1783689694079 -151.0268105795979 8192
1783689702841 -104.19877553288116 10240
1783689711156 -158.82916091776136 12288
1783689719743 -141.86640960050119 14336
1783689728267 -144.21140671275538 16384
1783689736253 -111.48722758558638 18432
1783689744826 -144.55570061863426 20480
1783689752964 -102.97712245122727 22528
1783689761331 -98.07209153820432 24576
1783689769425 -109.27865613362621 26624
1783689770493 -90.53524516445867 28672
1783689771424 -84.44721900661996 30720
1783689772335 -80.77156629246129 32768
1783689773261 -86.63279099523086 34816
1783689774314 -133.11672168947172 36864
1783689775348 -114.87211444366025 38912
1783689776402 -132.38997852310746 40960
1783689777509 -105.70288214008356 43008
1783689778619 -57.665185344738845 45056
1783689779566 -52.094082974240834 47104
1783689780750 -39.40229618678999 49152
1783689781769 -49.722411477003945 51200
1783689782845 -64.12628104101428 53248
1783689788816 -47.40125748657723 55296
1783689796002 -51.291248464930916 57344
1783689803933 -53.09722375429783 59392
1783689811510 -47.44116647321556 61440
1783689819368 -30.758977121604083 63488
1783689826934 -29.07279091848895 65536
1783689834879 -32.09161789865144 67584
1783689842880 -39.0996883060635 69632
1783689850570 -39.944006881097884 71680
1783689858700 -36.40115615360233 73728
1783689866200 -25.55660953006886 75776
1783689874312 -27.55162262395233 77824
1783689882375 -19.12251107578295 79872
1783689890101 -1.8931330788767782 81920
1783689898259 15.603983633810966 83968
1783689906239 28.46591696840296 86016
1783689914594 33.175793988628534 88064
1783689922553 42.32594272484949 90112
1783689930776 50.51405133452816 92160
1783689939111 50.23626556480754 94208
1783689947016 58.09811922000888 96256
1783689955347 57.17743848094477 98304
1783689963037 60.693852872469805 100352
1783689971360 63.87025816597596 102400
1783689979495 50.36392612148428 104448
1783689987600 39.01314384415532 106496
1783689995837 28.433004822366986 108544
1783690003756 27.920179135395262 110592
1783690011715 21.75269157453271 112640
1783690019264 12.782090565372775 114688
1783690027486 11.983783635673717 116736
1783690035483 2.5750081655716572 118784
1783690043492 -1.9958246966063968 120832
1783690052101 9.223700298411886 122880
1783690060235 28.60927251165674 124928
1783690068850 36.66845026309992 126976
1783690077054 24.153340762927748 129024
1783690085456 49.33783256825356 131072
1783690093795 62.52475017326044 133120
1783690101877 62.829963523939384 135168
1783690110372 65.60670130436003 137216
1783690117830 50.75794264050036 139264
1783690118844 53.99121891830589 141312
1783690119772 45.46523954636068 143360
1783690120810 62.48931963417671 145408
1783690121880 62.53153393138066 147456
1783690122749 52.87849940781496 149504
1783690123816 60.74260362288288 151552
1783690124913 68.31748999034855 153600
1783690125998 84.01727469596025 155648
1783690127189 120.489679943331 157696
1783690128324 111.8673170973592 159744
1783690129420 135.02625737677303 161792
1783690130551 153.8686764239 163840
1783690132622 168.30409785304215 165888
1783690138897 176.28851449381574 167936
1783690144760 167.61955140138681 169984
1783690152992 164.25551249008785 172032
1783690161488 158.76268236615354 174080
1783690169972 141.44887897154132 176128
1783690178027 121.96784583146112 178176
1783690186514 97.00420898093483 180224
1783690194684 122.18505351862545 182272
1783690203217 93.98860020227278 184320
1783690211232 114.6672148917331 186368
1783690218540 123.33514626635767 188416
1783690219484 106.2838059505074 190464
1783690222748 91.19531408058617 192512
1783690230925 112.38997487500365 194560
1783690239223 101.66252408086561 196608
1783690247837 127.89244626172982 198656
1783690255664 162.2265957661029 200704
1783690263750 150.4347116279579 202752
1783690271274 140.03975570846686 204800
1783690279367 111.18043704257828 206848
1783690287421 120.02140355130726 208896
1783690294913 131.83915965490507 210944
1783690303003 156.18876747931768 212992
1783690310687 139.83255954044003 215040
1783690318707 121.61222970887881 217088
1783690326690 124.34489839890648 219136
1783690334294 131.9978261966324 221184
1783690341620 171.67600533446605 223232
1783690349221 194.0695025256592 225280
1783690357264 171.07970581037162 227328
1783690365381 176.54711577089614 229376
1783690373160 152.62323429925215 231424
1783690381049 126.40356733764244 233472
1783690388967 83.39561401235437 235520
1783690397312 56.072285163051866 237568
1783690405244 53.78609411354476 239616
1783690413467 75.75435328108996 241664
1783690421622 104.36292096327176 243712
1783690429734 123.4688188304577 245760
1783690436972 154.00738751412862 247808
1783690437961 170.85672142397817 249856
1783690445153 157.75141845709283 251904
1783690453437 126.4021010161462 253952
1783690461443 76.6826367969624 256000
1783690469673 96.813341319388 258048
1783690477630 106.98976453961181 260096
1783690485405 125.64248275361481 262144
1783690493708 141.09540266126558 264192
1783690501548 101.8692826831684 266240
1783690509553 64.78638898193189 268288
1783690517926 63.887944033646704 270336
1783690526233 85.53314972286941 272384
1783690534686 64.11317092108527 274432
1783690542731 92.60395818601756 276480
1783690551296 102.5757183656331 278528
1783690558522 144.11274504573333 280576
1783690567193 181.2530336376521 282624
1783690575635 135.3988784928619 284672
1783690583877 116.25360181651494 286720
1783690592246 105.02712806530607 288768
1783690600535 124.96670337644585 290816
1783690609189 164.48043297917857 292864
1783690617363 177.178382511359 294912
1783690626010 175.4695206759955 296960
1783690634234 126.47943130497865 299008
1783690642661 91.68723928270836 301056
1783690651344 88.04408687229535 303104
1783690659420 82.44641685970625 305152
1783690668303 98.5387046270818 307200
1783690676418 101.40373604837285 309248
1783690684823 100.57715837818014 311296
1783690692918 94.24379603941148 313344
1783690701452 102.3549229280795 315392
1783690710164 86.48997575596555 317440
1783690718294 65.2204209185167 319488
1783690726818 99.56823366458963 321536
1783690734845 54.53597474024311 323584
1783690743306 97.63036821137842 325632
1783690751178 86.60132554962459 327680
1783690755637 112.49325228156047 329728
1783690756631 120.67210767211768 331776
1783690762602 118.05122829378263 333824
1783690770439 76.00958744073218 335872
1783690778215 65.51147158498785 337920
1783690786414 27.91232626046201 339968
1783690794025 37.29209089590197 342016
1783690802177 63.213808878992154 344064
1783690809896 57.9048346726823 346112
1783690818052 102.16187193390545 348160
1783690825439 113.97743353810162 350208
1783690832926 101.89002699884823 352256
1783690841062 114.785209626993 354304
1783690848811 85.31221636118539 356352
1783690856968 78.70118251567717 358400
1783690865097 95.54925161273988 360448
1783690867594 97.40232047775159 362496
1783690868789 107.6549423641737 364544
1783690876958 132.6604377255774 366592
1783690885064 140.73013346465305 368640
1783690893239 111.05165732200093 370688
1783690901332 105.1639104812017 372736
1783690909155 92.58742051842685 374784
1783690917389 69.03800351005579 376832
1783690925417 87.71146026667854 378880
1783690933789 116.13638567889714 380928
1783690941861 84.1152871783484 382976
1783690949861 73.19141741279144 385024
1783690958179 79.77594765643008 387072
1783690966125 85.4944986053832 389120
1783690974467 62.75869540212144 391168
1783690982433 76.52232099301399 393216
1783690990530 95.9106856996375 395264
1783690999122 97.62031663037442 397312
1783691007210 69.396688097282 399360
1783691015712 65.56732384757534 401408
1783691023864 87.07616180708514 403456
1783691032544 89.12016637410348 405504
1783691040752 94.13552257058878 407552
1783691049049 107.44983636343007 409600
1783691057411 87.77386873695968 411648
1783691065478 45.049885774842075 413696
1783691073775 34.957361085846856 415744
1783691081952 54.67886474790161 417792
1783691090502 59.24304907934752 419840
1783691098763 71.35826800456265 421888
1783691107326 92.49816173584327 423936
1783691115571 109.64787275166702 425984
1783691123587 104.75576102847704 428032
1783691131784 128.73741263351613 430080
1783691139651 113.129620900322 432128
1783691148065 134.2071337020175 434176
1783691156301 145.8484437451392 436224
1783691164559 157.01784177626269 438272
1783691173123 165.25038377936363 440320
1783691176168 160.99888601936595 442368
1783691177146 119.06709952058699 444416
1783691179952 114.33895000131209 446464
1783691187864 115.06523688297409 448512
1783691195928 102.22746160568352 450560
1783691204436 116.59012482269779 452608
1783691212952 136.16989834568375 454656
1783691221015 123.07449476866331 456704
1783691229093 114.15747638143498 458752
1783691236643 133.44261913636848 460800
1783691244720 114.66524039127066 462848
1783691252567 115.20044764291906 464896
1783691260337 111.83518650462516 466944
1783691268477 95.24903161215641 468992
1783691276245 97.54540231427646 471040
1783691284265 88.89064318808859 473088
1783691291744 69.92319713363199 475136
1783691299554 100.34839798532708 477184
1783691307573 108.25169045425089 479232
1783691313704 101.98779571785187 481280
1783691317025 117.1865787030259 483328
1783691324631 113.9167672387731 485376
1783691330314 102.37411983500934 487424
1783691331377 105.98031557445904 489472
1783691336709 93.7375266957005 491520
1783691342395 105.65448453149682 493568
1783691349954 126.52989337990034 495616
1783691357796 130.10760680298145 497664
1783691365507 126.7116710801696 499712
1783691373757 124.24970896856628 501760
1783691381806 111.99059785919906 503808
1783691389880 92.30768388029705 505856
1783691398308 88.0863244985632 507904
1783691406086 66.45162085869116 509952
1783691414408 87.85832395439047 512000
1783691422422 91.57812156553415 514048
1783691430716 104.64901212079766 516096
1783691438724 112.44611513000696 518144
1783691447047 75.76065941349498 520192
1783691455200 20.761320630210577 522240
1783691462997 16.425051657397045 524288
1783691471517 -0.433512725933037 526336
1783691479695 31.41010606064267 528384
1783691488316 57.42075625243132 530432
1783691496513 87.72719795810944 532480
1783691504895 87.6405613060143 534528
1783691513485 75.37745622573684 536576
1783691521725 103.52121449678432 538624
1783691530215 75.66833450856726 540672
1783691538364 78.97653396824951 542720
1783691546935 107.23385893452837 544768
1783691555128 95.81582822575703 546816
1783691563761 110.26051975329685 548864
1783691572122 82.59257029572292 550912
1783691580422 70.04277147558062 552960
1783691589150 73.8931593264389 555008
1783691597482 84.67859231012338 557056
1783691605394 99.79575075302841 559104
1783691612797 125.24219205394047 561152
1783691620375 139.28107649952432 563200
1783691628721 110.76484296272812 565248
1783691637298 120.4584921384999 567296
1783691645780 125.27761056868246 569344
1783691653835 143.90376827213984 571392
1783691662477 162.39265141542288 573440
1783691670666 166.01549801341866 575488
1783691679151 154.5793891866085 577536
1783691687438 156.61703123765602 579584
1783691696108 119.44090061261113 581632
1783691704305 98.32344980632362 583680
1783691712542 100.70467276775096 585728
1783691720578 83.88358648640148 587776
1783691728338 120.14491539135061 589824
1783691736466 106.43117985168519 591872
1783691744109 136.43015589486026 593920
1783691752320 149.40277312081972 595968
1783691760172 149.08152281676564 598016
1783691768340 126.93811589654152 600064
1783691776470 120.92106714856975 602112
1783691784120 102.75744852448005 604160
1783691792295 109.07935529224434 606208
1783691800002 121.65513611131693 608256
1783691808238 164.82649597637993 610304
1783691816099 185.63550391787237 612352
1783691824411 167.77041898526053 614400
1783691832671 112.27931191118815 616448
1783691840912 96.04861982209714 618496
1783691849072 87.19314057311722 620544
1783691856825 89.50833973544727 622592
1783691865280 85.99110935144884 624640
1783691873173 106.28651716968079 626688
1783691881485 126.97615437557059 628736
1783691884299 109.90543394365045 630784
1783691885786 147.07152448205755 632832
1783691892333 153.42958385321032 634880
1783691900819 151.15988064748348 636928
1783691908833 106.85709363682804 638976
1783691916975 94.3356258374404 641024
1783691925037 97.7944184225451 643072
1783691933332 158.07361828784454 645120
1783691941633 157.8400290486033 647168
1783691950278 155.08573681196899 649216
1783691958666 167.75598110558968 651264
1783691965746 162.46607670574863 653312
1783691966722 186.21869630394872 655360
1783691967681 192.50605914114675 657408
1783691970092 173.58117546308577 659456
1783691971140 150.22555854113705 661504
1783691972117 151.41224690583303 663552
1783691974495 150.59709378176302 665600
1783691980988 135.9540995008641 667648
1783691987110 143.33723061314709 669696
1783691995423 128.56272300597763 671744
1783692003907 114.89986674937776 673792
1783692012640 126.83751261067997 675840
1783692021114 149.77706610790062 677888
1783692029419 154.1906398367607 679936
1783692037663 151.12672970543733 681984
1783692046244 163.00661340864937 684032
1783692054551 159.75509881873876 686080
1783692062913 151.15967183433727 688128
1783692071120 118.3491813152785 690176
1783692079447 100.56168231450354 692224
1783692087848 105.38021435764126 694272
1783692096334 143.24606263359541 696320
1783692104588 138.566218102078 698368
1783692113277 121.95196790921943 700416
1783692121879 101.17565241860984 702464
1783692129998 125.8565084682994 704512
1783692138372 114.15323247917142 706560
1783692146580 131.40288270646946 708608
1783692155009 116.58777640556283 710656
1783692163082 111.29507169499034 712704
1783692171539 139.31664878528775 714752
1783692179902 120.71967472879801 716800
1783692187911 144.58403973932496 718848
1783692195928 134.27247800786898 720896
1783692201742 157.77085352550014 722944
1783692209769 131.16195484991488 724992
1783692217509 106.78688858713379 727040
1783692219056 92.27101753802583 729088
1783692219987 63.33773777974113 731136
1783692220920 89.47286321997831 733184
1783692222035 107.40110085835786 735232
1783692223253 125.31396521552733 737280
1783692224417 162.80443810482444 739328
1783692225532 166.1405825761831 741376
1783692226635 162.71310426220037 743424
1783692227716 122.45492939703051 745472
1783692228684 127.6377264067597 747520
1783692229736 78.30852666457726 749568
1783692230795 78.73531707487517 751616
1783692232053 72.46658990077306 753664
1783692233330 99.2106730207694 755712
1783692234544 92.58132707548603 757760
1783692235856 100.82932240829686 759808
1783692236971 98.55104348945362 761856
1783692238425 123.80835553489662 763904
1783692239632 155.50280919088976 765952
1783692240899 145.089845132624 768000
1783692242184 158.01272870125203 770048
1783692243616 123.61269188060835 772096
1783692246566 111.0582380416927 774144
1783692252740 91.74414415230976 776192
1783692260087 92.2262443138894 778240
