1783689669448 1.3850593008100986 2048
1783689677367 1.3826147094368935 4096
1783689685826 1.3715457152575254 6144
1783689694079 1.3732059421017766 8192
1783689702841 1.361075178720057 10240
1783689711156 1.3505438333377242 12288
1783689719743 1.3377412157133222 14336
1783689728267 1.3349648527801037 16384
1783689736253 1.317860939539969 18432
1783689744826 1.2912117885425687 20480
1783689752964 1.2921059122309089 22528
1783689761331 1.2695177160203457 24576
1783689769425 1.2648155018687248 26624
1783689770493 1.2683624001219869 28672
1783689771424 1.2624942576512694 30720
1783689772335 1.2720277542248368 32768
1783689773261 1.1831440646201372 34816
1783689774314 1.1724839890375733 36864
1783689775348 1.2105610510334373 38912
1783689776402 1.1733476324006915 40960
1783689777509 1.2499006232246757 43008
1783689778619 1.1669507855549455 45056
1783689779566 1.1889688894152641 47104
1783689780750 1.2262222561985254 49152
1783689781769 1.167601827532053 51200
1783689782845 1.1186471981927752 53248
1783689788816 1.098257469944656 55296
1783689796002 1.154441861435771 57344
1783689803933 1.0752428779378533 59392
1783689811510 1.12350953835994 61440
1783689819368 1.0491867838427424 63488
1783689826934 1.071172021329403 65536
1783689834879 1.0777497868984938 67584
1783689842880 0.9863288728520274 69632
1783689850570 1.1367383236065507 71680
1783689858700 1.181036981754005 73728
1783689866200 1.064340541139245 75776
1783689874312 1.0712142866104841 77824
1783689882375 1.091059872880578 79872
1783689890101 1.0932742739096284 81920
1783689898259 1.0934828156605363 83968
1783689906239 1.0913684405386448 86016
1783689914594 1.0506897326558828 88064
1783689922553 1.0399307305924594 90112
1783689930776 1.0523035498335958 92160
1783689939111 0.872483710758388 94208
1783689947016 0.9902657992206514 96256
1783689955347 0.957764754537493 98304
1783689963037 0.9432137059047818 100352
1783689971360 0.9443701081909239 102400
1783689979495 1.0654605594463646 104448
1783689987600 0.9697897555306554 106496
1783689995837 1.0102592296898365 108544
1783690003756 0.9746478325687349 110592
1783690011715 1.0831292839720845 112640
1783690019264 1.0324510405771434 114688
1783690027486 0.930921240709722 116736
1783690035483 1.003926804754883 118784
1783690043492 0.8258119518868625 120832
1783690052101 0.8752684462815523 122880
1783690060235 0.8610162297263741 124928
1783690068850 0.8944171303883195 126976
1783690077054 0.9185567181557417 129024
1783690085456 0.8359219571575522 131072
1783690093795 0.8747707917355001 133120
1783690101877 0.8596398863010108 135168
1783690110372 0.9252527789212763 137216
1783690117830 0.91645886329934 139264
1783690118844 0.8515230254270136 141312
1783690119772 0.962180694565177 143360
1783690120810 0.8426880105398595 145408
1783690121880 0.8877025162801147 147456
1783690122749 0.6737985406070948 149504
1783690123816 0.9219166319817305 151552
1783690124913 0.8779403436928988 153600
1783690125998 0.8563468055799603 155648
1783690127189 0.9463809905573726 157696
1783690128324 0.7726391199976206 159744
1783690129420 0.8813571464270353 161792
1783690130551 0.7943433704786003 163840
1783690132622 0.8855850961990654 165888
1783690138897 0.8088861950673163 167936
1783690144760 0.9724556864239275 169984
1783690152992 0.8413244099356234 172032
1783690161488 0.7571204067207873 174080
1783690169972 0.838819473516196 176128
1783690178027 0.8728120848536491 178176
1783690186514 0.8466115230694413 180224
1783690194684 0.8380547971464694 182272
1783690203217 0.8368030907586217 184320
1783690211232 0.8435648758895695 186368
1783690218540 0.7719693467952311 188416
1783690219484 0.8725846139714122 190464
1783690222748 0.838073265273124 192512
1783690230925 0.8893634807318449 194560
1783690239223 0.7980136447586119 196608
1783690247837 0.8325816676951945 198656
1783690255664 0.7810956006869674 200704
1783690263750 0.8663890650495887 202752
1783690271274 0.9010541727766395 204800
1783690279367 0.8848888287320733 206848
1783690287421 0.7848843154497445 208896
1783690294913 0.8224222376011312 210944
1783690303003 0.8931479584425688 212992
1783690310687 0.8049014937132597 215040
1783690318707 0.9052437809295952 217088
1783690326690 0.7973707932978868 219136
1783690334294 0.8574700020253658 221184
1783690341620 0.7800694759935141 223232
1783690349221 0.8554811868816614 225280
1783690357264 0.8326957253739238 227328
1783690365381 0.7171883690170944 229376
1783690373160 0.8484585108235478 231424
1783690381049 0.828544600866735 233472
1783690388967 0.8231445122510195 235520
1783690397312 0.8438640763051808 237568
1783690405244 0.7926358403638005 239616
1783690413467 0.752634041942656 241664
1783690421622 0.8636348824948072 243712
1783690429734 0.5822468409314752 245760
1783690436972 0.7630998925305903 247808
1783690437961 0.7907095476984978 249856
1783690445153 0.8235867139883339 251904
1783690453437 0.7234744541347027 253952
1783690461443 0.8555049663409591 256000
1783690469673 0.7154178791679442 258048
1783690477630 0.805141840595752 260096
1783690485405 0.6460765688680112 262144
1783690493708 0.8414573511108756 264192
1783690501548 0.8444014950655401 266240
1783690509553 0.8423042856156826 268288
1783690517926 0.833531423471868 270336
1783690526233 0.8553485106676817 272384
1783690534686 0.8214032403193414 274432
1783690542731 0.8039286895655096 276480
1783690551296 0.6813579816371202 278528
1783690558522 0.8083457490429282 280576
1783690567193 0.73368707485497 282624
1783690575635 0.8447309224866331 284672
1783690583877 0.7307657492347062 286720
1783690592246 0.8001813301816583 288768
1783690600535 0.7314699008129537 290816
1783690609189 0.7301151379942894 292864
1783690617363 0.7528235628269613 294912
1783690626010 0.8029867615550756 296960
1783690634234 0.8357913964428008 299008
1783690642661 0.8403586577624083 301056
1783690651344 0.6832729517482221 303104
1783690659420 0.7605354874394834 305152
1783690668303 0.789538795594126 307200
1783690676418 0.7018710533156991 309248
1783690684823 0.7728625582531095 311296
1783690692918 0.8787788785994053 313344
1783690701452 0.8192401872947812 315392
1783690710164 0.7682913481257856 317440
1783690718294 0.7915487000718713 319488
1783690726818 0.7930513177998364 321536
1783690734845 0.8687554881908 323584
1783690743306 0.8293359405361116 325632
1783690751178 0.7581305732019246 327680
1783690755637 0.7022236660122871 329728
1783690756631 0.8559189680963755 331776
1783690762602 0.8683833475224674 333824
1783690770439 0.8135391948744655 335872
1783690778215 0.8649981468915939 337920
1783690786414 0.706721318885684 339968
1783690794025 0.8205568832345307 342016
1783690802177 0.721015996299684 344064
1783690809896 0.8581557362340391 346112
1783690818052 0.7009627232328057 348160
1783690825439 0.8044094759970903 350208
1783690832926 0.749448352959007 352256
1783690841062 0.7984105702489614 354304
1783690848811 0.865634395275265 356352
1783690856968 0.8442724673077464 358400
1783690865097 0.85983961308375 360448
1783690867594 0.7708448995836079 362496
1783690868789 0.8377025462687016 364544
1783690876958 0.6668538311496377 366592
1783690885064 0.834277143701911 368640
1783690893239 0.8113621775992215 370688
1783690901332 0.8698549927212298 372736
1783690909155 0.8375060162506998 374784
1783690917389 0.7124758786521852 376832
1783690925417 0.8193568419665098 378880
1783690933789 0.7482626135461032 380928
1783690941861 0.951856276486069 382976
1783690949861 0.8831009548157454 385024
1783690958179 0.8672757796011865 387072
1783690966125 0.7912658359855413 389120
1783690974467 0.7905062772333622 391168
1783690982433 0.7922500092536211 393216
1783690990530 0.7575239767320454 395264
1783690999122 0.8559669102542102 397312
1783691007210 0.9186748336069286 399360
1783691015712 0.7451849533244967 401408
1783691023864 0.7784504918381572 403456
1783691032544 0.8245170302689075 405504
1783691040752 0.8686331678181887 407552
1783691049049 0.8643103605136275 409600
1783691057411 0.8721313835121691 411648
1783691065478 0.956471050158143 413696
1783691073775 0.9083339660428464 415744
1783691081952 0.6789747239090502 417792
1783691090502 0.7976615149527788 419840
1783691098763 0.7746417908929288 421888
1783691107326 0.8094378877431154 423936
1783691115571 0.9063207544386387 425984
1783691123587 0.8556858180090785 428032
1783691131784 0.8019482190720737 430080
1783691139651 0.8175118900835514 432128
1783691148065 0.8452946986071765 434176
1783691156301 0.8127750372514129 436224
1783691164559 0.8038929188624024 438272
1783691173123 0.7642300548031926 440320
1783691176168 0.8144948044791818 442368
1783691177146 0.8017174261622131 444416
1783691179952 0.8727579209953547 446464
1783691187864 0.7470176708884537 448512
1783691195928 0.8048994238488376 450560
1783691204436 0.7466092342510819 452608
1783691212952 0.8659749664366245 454656
1783691221015 0.7025021966546774 456704
1783691229093 0.8248600377701223 458752
1783691236643 0.72692701080814 460800
1783691244720 0.8093821792863309 462848
1783691252567 0.7873398722149432 464896
1783691260337 0.8553037978708744 466944
1783691268477 0.8162345876917243 468992
1783691276245 0.7009986727498472 471040
1783691284265 0.848920464515686 473088
1783691291744 0.7898690765723586 475136
1783691299554 0.6960380198433995 477184
1783691307573 0.7586870566010475 479232
1783691313704 0.7835147371515632 481280
1783691317025 0.8254525945521891 483328
1783691324631 0.7236632937565446 485376
1783691330314 0.7610101257450879 487424
1783691331377 0.8287878734990954 489472
1783691336709 0.8701756922528148 491520
1783691342395 0.8049978348426521 493568
1783691349954 0.6899662474170327 495616
1783691357796 0.7806972577236593 497664
1783691365507 0.7220255243591964 499712
1783691373757 0.7926050005480647 501760
1783691381806 0.7137747416272759 503808
1783691389880 0.8355375719256699 505856
1783691398308 0.7747801607474685 507904
1783691406086 0.78311867127195 509952
1783691414408 0.752217176835984 512000
1783691422422 0.7642774530686438 514048
1783691430716 0.7420542230829597 516096
1783691438724 0.7481023445725441 518144
1783691447047 0.8633232326246798 520192
1783691455200 0.8828491205349565 522240
1783691462997 0.838383280672133 524288
1783691471517 0.8195191170088947 526336
1783691479695 0.7402814631350338 528384
1783691488316 0.8630936765111983 530432
1783691496513 0.8608601805754006 532480
1783691504895 0.8071814491413534 534528
1783691513485 0.8023135997354984 536576
1783691521725 0.9044965165667236 538624
1783691530215 0.743018186185509 540672
1783691538364 0.8558960086666048 542720
1783691546935 0.8752143299207091 544768
1783691555128 0.8678445308469236 546816
1783691563761 0.8152635744772851 548864
1783691572122 0.7818260686472058 550912
1783691580422 0.7272420655936003 552960
1783691589150 0.7614961401559412 555008
1783691597482 0.7079949718900025 557056
1783691605394 0.8225269680842757 559104
1783691612797 0.8047414566390216 561152
1783691620375 0.7545604230836034 563200
1783691628721 0.8003275049850345 565248
1783691637298 0.7498432323336601 567296
1783691645780 0.786958945915103 569344
1783691653835 0.6622792552225292 571392
1783691662477 0.8170534493401647 573440
1783691670666 0.6882547298446298 575488
1783691679151 0.8163997512310743 577536
1783691687438 0.6736006936989725 579584
1783691696108 0.7577868439257145 581632
1783691704305 0.620430218288675 583680
1783691712542 0.7301223003305495 585728
1783691720578 0.7689296053722501 587776
1783691728338 0.763725196942687 589824
1783691736466 0.7092401464469731 591872
1783691744109 0.7252533766441047 593920
1783691752320 0.7485036039724946 595968
1783691760172 0.7860937090590596 598016
1783691768340 0.7707742187194526 600064
1783691776470 0.7794634932652116 602112
1783691784120 0.7871284089051187 604160
1783691792295 0.7368694948963821 606208
1783691800002 0.6824511829763651 608256
1783691808238 0.7285827142186463 610304
1783691816099 0.7584262010641396 612352
1783691824411 0.7876645498909056 614400
1783691832671 0.7844263496808708 616448
1783691840912 0.7925603613257408 618496
1783691849072 0.7717038029804826 620544
1783691856825 0.7567762471735477 622592
1783691865280 0.7747053657658398 624640
1783691873173 0.7190833580680192 626688
1783691881485 0.7199551812373102 628736
1783691884299 0.7823995077051222 630784
1783691885786 0.6649195859208703 632832
1783691892333 0.7637788574211299 634880
1783691900819 0.7582365730777383 636928
1783691908833 0.8420904567465186 638976
1783691916975 0.7621971881017089 641024
1783691925037 0.7407726589590311 643072
1783691933332 0.6796394744887948 645120
1783691941633 0.6594503899104893 647168
1783691950278 0.7649029181338847 649216
1783691958666 0.6763325501233339 651264
1783691965746 0.6296721638645977 653312
1783691966722 0.7744361143559217 655360
1783691967681 0.5395654623862356 657408
1783691970092 0.7108090254478157 659456
1783691971140 0.7102908184751868 661504
1783691972117 0.7738295453600585 663552
1783691974495 0.7670527617447078 665600
1783691980988 0.7929645017720759 667648
1783691987110 0.815367553383112 669696
1783691995423 0.7827633009292185 671744
1783692003907 0.7784956526011229 673792
1783692012640 0.715873300563544 675840
1783692021114 0.6808728650212288 677888
1783692029419 0.7391282045282423 679936
1783692037663 0.6495735910721123 681984
1783692046244 0.8294159229844809 684032
1783692054551 0.7137096826918423 686080
1783692062913 0.8180712242610753 688128
1783692071120 0.7980123143643141 690176
1783692079447 0.7980567859485745 692224
1783692087848 0.7579632480628788 694272
1783692096334 0.720146385487169 696320
1783692104588 0.7445922228507698 698368
1783692113277 0.7239112933166325 700416
1783692121879 0.7415805235505104 702464
1783692129998 0.6993300351314247 704512
1783692138372 0.7335549695417285 706560
1783692146580 0.6936003239825368 708608
1783692155009 0.7563744024373591 710656
1783692163082 0.7629919834434986 712704
1783692171539 0.7913427287712693 714752
1783692179902 0.828761684242636 716800
1783692187911 0.7233173316344619 718848
1783692195928 0.7276215641759336 720896
1783692201742 0.709813239518553 722944
1783692209769 0.6435697050765157 724992
1783692217509 0.690946139395237 727040
1783692219056 0.7736330246552825 729088
1783692219987 0.7611593278124928 731136
1783692220920 0.6680861189961433 733184
1783692222035 0.7962003848515451 735232
1783692223253 0.7134102596901357 737280
1783692224417 0.7234624600969255 739328
1783692225532 0.8016567188315094 741376
1783692226635 0.6993489027954638 743424
1783692227716 0.7866866770200431 745472
1783692228684 0.7050854191184044 747520
1783692229736 0.8012770744971931 749568
1783692230795 0.708775170147419 751616
1783692232053 0.6821274743415415 753664
1783692233330 0.7829587683081627 755712
1783692234544 0.7586147258989513 757760
1783692235856 0.8009984926320612 759808
1783692236971 0.7598644183017313 761856
1783692238425 0.7049720901995897 763904
1783692239632 0.7370941513217986 765952
1783692240899 0.741068079136312 768000
1783692242184 0.8384921550750732 770048
1783692243616 0.711169274058193 772096
1783692246566 0.7002690201625228 774144
1783692252740 0.8377261739224195 776192
1783692260087 0.6697029573842883 778240
