1783689669448 242.0 2048
1783689677367 250.0 4096
1783689685826 247.0 6144
1783689694079 247.0 8192
1783689702841 244.0 10240
1783689711156 244.0 12288
1783689719743 244.0 14336
1783689728267 243.0 16384
1783689736253 244.0 18432
1783689744826 244.0 20480
1783689752964 244.0 22528
1783689761331 244.0 24576
1783689769425 245.0 26624
1783689770493 261.0 28672
1783689771424 278.0 30720
1783689772335 294.0 32768
1783689773261 310.0 34816
1783689774314 325.0 36864
1783689775348 340.0 38912
1783689776402 354.0 40960
1783689777509 369.0 43008
1783689778619 383.0 45056
1783689779566 397.0 47104
1783689780750 410.0 49152
1783689781769 423.0 51200
1783689782845 437.0 53248
1783689788816 432.0 55296
1783689796002 424.0 57344
1783689803933 415.0 59392
1783689811510 408.0 61440
1783689819368 400.0 63488
1783689826934 394.0 65536
1783689834879 388.0 67584
1783689842880 382.0 69632
1783689850570 378.0 71680
1783689858700 372.0 73728
1783689866200 369.0 75776
1783689874312 364.0 77824
1783689882375 360.0 79872
1783689890101 357.0 81920
1783689898259 353.0 83968
1783689906239 350.0 86016
1783689914594 347.0 88064
1783689922553 344.0 90112
1783689930776 341.0 92160
1783689939111 338.0 94208
1783689947016 336.0 96256
1783689955347 333.0 98304
1783689963037 332.0 100352
1783689971360 329.0 102400
1783689979495 327.0 104448
1783689987600 326.0 106496
1783689995837 324.0 108544
1783690003756 322.0 110592
1783690011715 321.0 112640
1783690019264 320.0 114688
1783690027486 318.0 116736
1783690035483 317.0 118784
1783690043492 315.0 120832
1783690052101 314.0 122880
1783690060235 312.0 124928
1783690068850 311.0 126976
1783690077054 310.0 129024
1783690085456 308.0 131072
1783690093795 307.0 133120
1783690101877 306.0 135168
1783690110372 305.0 137216
1783690117830 304.0 139264
1783690118844 308.0 141312
1783690119772 312.0 143360
1783690120810 316.0 145408
1783690121880 319.0 147456
1783690122749 323.0 149504
1783690123816 327.0 151552
1783690124913 331.0 153600
1783690125998 334.0 155648
1783690127189 338.0 157696
1783690128324 341.0 159744
1783690129420 345.0 161792
1783690130551 348.0 163840
1783690132622 351.0 165888
1783690138897 351.0 167936
1783690144760 351.0 169984
1783690152992 349.0 172032
1783690161488 347.0 174080
1783690169972 346.0 176128
1783690178027 344.0 178176
1783690186514 342.0 180224
1783690194684 341.0 182272
1783690203217 339.0 184320
1783690211232 338.0 186368
1783690218540 337.0 188416
1783690219484 341.0 190464
1783690222748 342.0 192512
1783690230925 341.0 194560
1783690239223 340.0 196608
1783690247837 338.0 198656
1783690255664 337.0 200704
1783690263750 336.0 202752
1783690271274 335.0 204800
1783690279367 334.0 206848
1783690287421 333.0 208896
1783690294913 332.0 210944
1783690303003 331.0 212992
1783690310687 330.0 215040
1783690318707 330.0 217088
1783690326690 329.0 219136
1783690334294 328.0 221184
1783690341620 327.0 223232
1783690349221 327.0 225280
1783690357264 326.0 227328
1783690365381 325.0 229376
1783690373160 324.0 231424
1783690381049 324.0 233472
1783690388967 323.0 235520
1783690397312 322.0 237568
1783690405244 321.0 239616
1783690413467 321.0 241664
1783690421622 320.0 243712
1783690429734 319.0 245760
1783690436972 319.0 247808
1783690437961 321.0 249856
1783690445153 321.0 251904
1783690453437 320.0 253952
1783690461443 319.0 256000
1783690469673 319.0 258048
1783690477630 318.0 260096
1783690485405 317.0 262144
1783690493708 317.0 264192
1783690501548 316.0 266240
1783690509553 316.0 268288
1783690517926 315.0 270336
1783690526233 314.0 272384
1783690534686 314.0 274432
1783690542731 313.0 276480
1783690551296 312.0 278528
1783690558522 312.0 280576
1783690567193 311.0 282624
1783690575635 311.0 284672
1783690583877 310.0 286720
1783690592246 310.0 288768
1783690600535 309.0 290816
1783690609189 308.0 292864
1783690617363 308.0 294912
1783690626010 307.0 296960
1783690634234 307.0 299008
1783690642661 306.0 301056
1783690651344 306.0 303104
1783690659420 305.0 305152
1783690668303 304.0 307200
1783690676418 304.0 309248
1783690684823 304.0 311296
1783690692918 303.0 313344
1783690701452 303.0 315392
1783690710164 302.0 317440
1783690718294 302.0 319488
1783690726818 301.0 321536
1783690734845 301.0 323584
1783690743306 300.0 325632
1783690751178 300.0 327680
1783690755637 301.0 329728
1783690756631 302.0 331776
1783690762602 303.0 333824
1783690770439 302.0 335872
1783690778215 302.0 337920
1783690786414 302.0 339968
1783690794025 301.0 342016
1783690802177 301.0 344064
1783690809896 301.0 346112
1783690818052 300.0 348160
1783690825439 300.0 350208
1783690832926 300.0 352256
1783690841062 300.0 354304
1783690848811 300.0 356352
1783690856968 299.0 358400
1783690865097 299.0 360448
1783690867594 300.0 362496
1783690868789 301.0 364544
1783690876958 301.0 366592
1783690885064 301.0 368640
1783690893239 300.0 370688
1783690901332 300.0 372736
1783690909155 300.0 374784
1783690917389 299.0 376832
1783690925417 299.0 378880
1783690933789 299.0 380928
1783690941861 298.0 382976
1783690949861 298.0 385024
1783690958179 298.0 387072
1783690966125 298.0 389120
1783690974467 297.0 391168
1783690982433 297.0 393216
1783690990530 297.0 395264
1783690999122 296.0 397312
1783691007210 296.0 399360
1783691015712 296.0 401408
1783691023864 296.0 403456
1783691032544 295.0 405504
1783691040752 295.0 407552
1783691049049 295.0 409600
1783691057411 294.0 411648
1783691065478 294.0 413696
1783691073775 294.0 415744
1783691081952 294.0 417792
1783691090502 293.0 419840
1783691098763 293.0 421888
1783691107326 293.0 423936
1783691115571 292.0 425984
1783691123587 292.0 428032
1783691131784 292.0 430080
1783691139651 292.0 432128
1783691148065 291.0 434176
1783691156301 291.0 436224
1783691164559 291.0 438272
1783691173123 291.0 440320
1783691176168 291.0 442368
1783691177146 293.0 444416
1783691179952 293.0 446464
1783691187864 293.0 448512
1783691195928 293.0 450560
1783691204436 293.0 452608
1783691212952 292.0 454656
1783691221015 292.0 456704
1783691229093 292.0 458752
1783691236643 292.0 460800
1783691244720 292.0 462848
1783691252567 292.0 464896
1783691260337 291.0 466944
1783691268477 291.0 468992
1783691276245 291.0 471040
1783691284265 291.0 473088
1783691291744 291.0 475136
1783691299554 291.0 477184
1783691307573 291.0 479232
1783691313704 291.0 481280
1783691317025 291.0 483328
1783691324631 291.0 485376
1783691330314 291.0 487424
1783691331377 293.0 489472
1783691336709 293.0 491520
1783691342395 293.0 493568
1783691349954 293.0 495616
1783691357796 293.0 497664
1783691365507 293.0 499712
1783691373757 292.0 501760
1783691381806 292.0 503808
1783691389880 292.0 505856
1783691398308 292.0 507904
1783691406086 292.0 509952
1783691414408 292.0 512000
1783691422422 291.0 514048
1783691430716 291.0 516096
1783691438724 291.0 518144
1783691447047 291.0 520192
1783691455200 291.0 522240
1783691462997 290.0 524288
1783691471517 290.0 526336
1783691479695 290.0 528384
1783691488316 290.0 530432
1783691496513 290.0 532480
1783691504895 289.0 534528
1783691513485 289.0 536576
1783691521725 289.0 538624
1783691530215 289.0 540672
1783691538364 289.0 542720
1783691546935 288.0 544768
1783691555128 288.0 546816
1783691563761 288.0 548864
1783691572122 288.0 550912
1783691580422 288.0 552960
1783691589150 287.0 555008
1783691597482 287.0 557056
1783691605394 287.0 559104
1783691612797 287.0 561152
1783691620375 287.0 563200
1783691628721 287.0 565248
1783691637298 287.0 567296
1783691645780 286.0 569344
1783691653835 286.0 571392
1783691662477 286.0 573440
1783691670666 286.0 575488
1783691679151 286.0 577536
1783691687438 286.0 579584
1783691696108 285.0 581632
1783691704305 285.0 583680
1783691712542 285.0 585728
1783691720578 285.0 587776
1783691728338 285.0 589824
1783691736466 285.0 591872
1783691744109 285.0 593920
1783691752320 284.0 595968
1783691760172 284.0 598016
1783691768340 284.0 600064
1783691776470 284.0 602112
1783691784120 284.0 604160
1783691792295 284.0 606208
1783691800002 284.0 608256
1783691808238 284.0 610304
1783691816099 284.0 612352
1783691824411 283.0 614400
1783691832671 283.0 616448
1783691840912 283.0 618496
1783691849072 283.0 620544
1783691856825 283.0 622592
1783691865280 283.0 624640
1783691873173 283.0 626688
1783691881485 283.0 628736
1783691884299 283.0 630784
1783691885786 284.0 632832
1783691892333 284.0 634880
1783691900819 284.0 636928
1783691908833 284.0 638976
1783691916975 284.0 641024
1783691925037 284.0 643072
1783691933332 283.0 645120
1783691941633 283.0 647168
1783691950278 283.0 649216
1783691958666 283.0 651264
1783691965746 283.0 653312
1783691966722 284.0 655360
1783691967681 285.0 657408
1783691970092 285.0 659456
1783691971140 286.0 661504
1783691972117 287.0 663552
1783691974495 287.0 665600
1783691980988 287.0 667648
1783691987110 287.0 669696
1783691995423 287.0 671744
1783692003907 287.0 673792
1783692012640 287.0 675840
1783692021114 287.0 677888
1783692029419 287.0 679936
1783692037663 286.0 681984
1783692046244 286.0 684032
1783692054551 286.0 686080
1783692062913 286.0 688128
1783692071120 286.0 690176
1783692079447 286.0 692224
1783692087848 286.0 694272
1783692096334 285.0 696320
1783692104588 285.0 698368
1783692113277 285.0 700416
1783692121879 285.0 702464
1783692129998 285.0 704512
1783692138372 285.0 706560
1783692146580 285.0 708608
1783692155009 284.0 710656
1783692163082 284.0 712704
1783692171539 284.0 714752
1783692179902 284.0 716800
1783692187911 284.0 718848
1783692195928 284.0 720896
1783692201742 284.0 722944
1783692209769 284.0 724992
1783692217509 284.0 727040
1783692219056 285.0 729088
1783692219987 285.0 731136
1783692220920 286.0 733184
1783692222035 287.0 735232
1783692223253 287.0 737280
1783692224417 288.0 739328
1783692225532 289.0 741376
1783692226635 289.0 743424
1783692227716 290.0 745472
1783692228684 291.0 747520
1783692229736 291.0 749568
1783692230795 292.0 751616
1783692232053 293.0 753664
1783692233330 293.0 755712
1783692234544 294.0 757760
1783692235856 295.0 759808
1783692236971 295.0 761856
1783692238425 296.0 763904
1783692239632 297.0 765952
1783692240899 297.0 768000
1783692242184 298.0 770048
1783692243616 298.0 772096
1783692246566 299.0 774144
1783692252740 299.0 776192
1783692260087 299.0 778240
