1783689669448 -0.003787517944147112 2048
1783689677367 -0.0017422523887944408 4096
1783689685826 -0.004272785437933635 6144
1783689694079 -0.0024404231407970656 8192
1783689702841 -0.0022739475243724883 10240
1783689711156 -0.002251911620987812 12288
1783689719743 -0.0033165112108690664 14336
1783689728267 -0.002712176716158865 16384
1783689736253 -0.0025293591897934675 18432
1783689744826 -0.0019882764645444695 20480
1783689752964 -0.0012282946554478258 22528
1783689761331 -0.002800778203891241 24576
1783689769425 -0.0015972183846315602 26624
1783689770493 -0.001917527622936177 28672
1783689771424 -0.002568080057244515 30720
1783689772335 -0.007756709797831718 32768
1783689773261 -0.0020328636601334438 34816
1783689774314 -0.0027549226288101636 36864
1783689775348 -0.0024851644184309407 38912
1783689776402 -0.0028992308471060824 40960
1783689777509 -0.0028925899423484225 43008
1783689778619 -0.0008500100884702988 45056
1783689779566 -0.0011690769824781455 47104
1783689780750 -0.0031625814153812826 49152
1783689781769 -0.004388980752992211 51200
1783689782845 -0.004195618195808493 53248
1783689788816 -0.0021690233879780862 55296
1783689796002 -0.006016850591549883 57344
1783689803933 -0.0028865267613582546 59392
1783689811510 -0.0026097468507941812 61440
1783689819368 -0.004872515262832167 63488
1783689826934 -0.003223293308110442 65536
1783689834879 -0.0035659655623021536 67584
1783689842880 -0.0031029409146867692 69632
1783689850570 -0.0025854509258351754 71680
1783689858700 -0.00488494059027289 73728
1783689866200 -0.0014108222421782557 75776
1783689874312 -0.004259001660102513 77824
1783689882375 -0.0046852651685185265 79872
1783689890101 -0.0015928205975797027 81920
1783689898259 -0.0018314432636543643 83968
1783689906239 -0.004671705182772712 86016
1783689914594 -0.0030508864801959135 88064
1783689922553 -0.002871471249818569 90112
1783689930776 -0.004014037152956007 92160
1783689939111 -0.0011709075206454145 94208
1783689947016 -0.004356745339464396 96256
1783689955347 -0.0043943620985373855 98304
1783689963037 -0.002029949429925182 100352
1783689971360 -0.0037242988491925644 102400
1783689979495 -0.0026130777314392617 104448
1783689987600 -0.0005445452407002449 106496
1783689995837 -0.0014831411535851657 108544
1783690003756 -0.0026046995371871162 110592
1783690011715 -0.0035808082575385924 112640
1783690019264 -0.002792827368466533 114688
1783690027486 -0.0018217599354102276 116736
1783690035483 -0.0009587783297320129 118784
1783690043492 -0.0021851818164577708 120832
1783690052101 -0.0026272782633895986 122880
1783690060235 -0.0021475766334333457 124928
1783690068850 -0.0024336614642379573 126976
1783690077054 -0.002038000529864803 129024
1783690085456 -0.004918146209092811 131072
1783690093795 -0.001999704849367845 133120
1783690101877 -0.0016439701903436799 135168
1783690110372 -0.00011889626330230385 137216
1783690117830 -0.0014066431158425985 139264
1783690118844 -0.0007932436819828581 141312
1783690119772 -0.0007562866667285562 143360
1783690120810 -0.001194060929265106 145408
1783690121880 -0.0004120769299333915 147456
1783690122749 -0.0012967627044417895 149504
1783690123816 -0.002617409847516683 151552
1783690124913 -0.004194332528641098 153600
1783690125998 -0.002455136189382756 155648
1783690127189 -0.0033465468677604804 157696
1783690128324 -0.0026618403262546053 159744
1783690129420 -0.001840352755607455 161792
1783690130551 -0.0009500751712039346 163840
1783690132622 -0.0009486616345384391 165888
1783690138897 -0.0002536099491408095 167936
1783690144760 -0.0032135523197212024 169984
1783690152992 -0.0007900785494712181 172032
1783690161488 -0.00011333797556289937 174080
1783690169972 -0.001634680337701866 176128
1783690178027 -0.0004282657773728715 178176
1783690186514 -0.0007926379466880462 180224
1783690194684 -0.0025332947552669793 182272
1783690203217 -0.0023356240963039454 184320
1783690211232 -0.0008879562010406516 186368
1783690218540 -0.0001136867704190081 188416
1783690219484 -0.0018835486262105405 190464
1783690222748 -0.0009030827459355351 192512
1783690230925 -0.0021579819376711384 194560
1783690239223 -0.0013816459868394304 196608
1783690247837 -0.001987621984881116 198656
1783690255664 -0.002070466625809786 200704
1783690263750 -0.0016686391536495648 202752
1783690271274 -0.000978513799054781 204800
1783690279367 -0.004945892287651077 206848
1783690287421 -0.0013056845782557502 208896
1783690294913 -0.0021351813320507063 210944
1783690303003 -0.0017306644240306923 212992
1783690310687 -0.0012894086576125119 215040
1783690318707 -0.002740604177233763 217088
1783690326690 -0.0011365815771569032 219136
1783690334294 -0.0003105453379248502 221184
1783690341620 -0.0006888708303449675 223232
1783690349221 -0.003043502762011485 225280
1783690357264 -0.0015013372831162997 227328
1783690365381 -0.0022571766094188206 229376
1783690373160 -0.001069342892151326 231424
1783690381049 -0.0015311581682908582 233472
1783690388967 -0.004608318136888556 235520
1783690397312 -0.0012417848129189224 237568
1783690405244 9.348231469630264e-05 239616
1783690413467 -0.0004968087614543037 241664
1783690421622 -0.0012166033275207155 243712
1783690429734 3.259603363403585e-05 245760
1783690436972 -0.00027219858748139814 247808
1783690437961 -0.0022996456136752386 249856
1783690445153 -0.001751774893818947 251904
1783690453437 -0.0008910815777198877 253952
1783690461443 -0.000744440927519463 256000
1783690469673 -0.001458754055420286 258048
1783690477630 -0.0022284155547822593 260096
1783690485405 -0.0014360136519826483 262144
1783690493708 -0.0003302981313026976 264192
1783690501548 -0.0024259189813164994 266240
1783690509553 -0.0015660269418731332 268288
1783690517926 -0.0010575425794741022 270336
1783690526233 -0.001430974067261559 272384
1783690534686 -0.0017293235778197413 274432
1783690542731 -0.00045919985859654844 276480
1783690551296 -0.0014065401610423578 278528
1783690558522 -0.0013872036106477026 280576
1783690567193 -0.0019987760206277017 282624
1783690575635 -0.0012531749061963637 284672
1783690583877 -0.0014615928612329299 286720
1783690592246 -0.0012522689467004966 288768
1783690600535 -0.0006284666724241106 290816
1783690609189 -0.0020684372393589 292864
1783690617363 -0.0009781907538126688 294912
1783690626010 -0.0008735796254768502 296960
1783690634234 -0.002701593604797381 299008
1783690642661 -0.004416036612383323 301056
1783690651344 -0.00011186477422597818 303104
1783690659420 -0.001330128299741773 305152
1783690668303 -0.002071394439553842 307200
1783690676418 -0.001204098964080913 309248
1783690684823 -0.002425964474241482 311296
1783690692918 -0.0010903898528340505 313344
1783690701452 -0.0023028106388665037 315392
1783690710164 -0.0008253336600319017 317440
1783690718294 -0.0016029715625336394 319488
1783690726818 -0.004155959502895712 321536
1783690734845 -7.032622306724079e-05 323584
1783690743306 -5.95011115365196e-05 325632
1783690751178 -0.001239860184796271 327680
1783690755637 -0.0015949340631777886 329728
1783690756631 -0.00022119027562439442 331776
1783690762602 -0.0007875969167798758 333824
1783690770439 -0.0031415365992870647 335872
1783690778215 -0.0001668978584348224 337920
1783690786414 0.00036779743550141575 339968
1783690794025 -0.0010228930950688664 342016
1783690802177 -0.002484808554072515 344064
1783690809896 -0.0007920705829747021 346112
1783690818052 -0.0005241443395789247 348160
1783690825439 -0.002100149602483725 350208
1783690832926 -0.0015260561558534391 352256
1783690841062 -0.0017587617494427832 354304
1783690848811 -0.002522684033465339 356352
1783690856968 -0.0015433304361067712 358400
1783690865097 -0.0012887696484540356 360448
1783690867594 -0.0029412851563392906 362496
1783690868789 -0.0006280787820287514 364544
1783690876958 -0.002382297858275706 366592
1783690885064 -0.002609262298392423 368640
1783690893239 -0.0026458943139004987 370688
1783690901332 -0.0008562009024899453 372736
1783690909155 -0.007941675811707682 374784
1783690917389 -0.0008004231094673742 376832
1783690925417 0.00019258473912486807 378880
1783690933789 -0.0002649475009093294 380928
1783690941861 -0.001514358292297402 382976
1783690949861 -0.00015166129378485493 385024
1783690958179 -0.004260179729499214 387072
1783690966125 -0.000812412839877652 389120
1783690974467 -0.0026373489599791355 391168
1783690982433 -0.0012110522620787378 393216
1783690990530 -0.001677068006756599 395264
1783690999122 -0.0009132211853284389 397312
1783691007210 -0.004207880905596539 399360
1783691015712 -0.00013530375781556359 401408
1783691023864 -0.0005239715355855878 403456
1783691032544 -0.0011796804174082354 405504
1783691040752 -0.0027304036857458414 407552
1783691049049 -0.0012006164906779304 409600
1783691057411 -0.000948534445342375 411648
1783691065478 -0.0015904275969660375 413696
1783691073775 -0.0026282980397809297 415744
1783691081952 -0.002106644513332867 417792
1783691090502 -0.0001787230503396131 419840
1783691098763 -0.0017967945714190137 421888
1783691107326 -0.000994053627437097 423936
1783691115571 -0.0003018253937625559 425984
1783691123587 -0.0006113989147706889 428032
1783691131784 -0.0007618806230311748 430080
1783691139651 -0.001711886482553382 432128
1783691148065 -0.00023229088037624024 434176
1783691156301 -0.001983672107598977 436224
1783691164559 9.83499048743397e-05 438272
1783691173123 -0.0010603152695694007 440320
1783691176168 -0.0005407541302702157 442368
1783691177146 -0.0028215946877026 444416
1783691179952 -0.0007307758514798479 446464
1783691187864 -0.003310463984234957 448512
1783691195928 -0.0026834372438315768 450560
1783691204436 -0.0015489463658013847 452608
1783691212952 -0.0004566900934150908 454656
1783691221015 -0.001446829466658528 456704
1783691229093 -0.0018292872491656453 458752
1783691236643 -0.0010430451911815908 460800
1783691244720 -0.0010060553431685548 462848
1783691252567 -0.000976711437033373 464896
1783691260337 -0.0014581135492335306 466944
1783691268477 -0.002014237215917092 468992
1783691276245 -0.001488600373704685 471040
1783691284265 -0.0035306272184243426 473088
1783691291744 -0.001705317330561229 475136
1783691299554 -0.00038635481178062037 477184
1783691307573 -0.0006288136937655509 479232
1783691313704 0.00020868393767159432 481280
1783691317025 -0.0004463067061806214 483328
1783691324631 -0.0017880830218928168 485376
1783691330314 -0.0012446746241039364 487424
1783691331377 -0.0010372944952905527 489472
1783691336709 -0.003410532367297492 491520
1783691342395 -0.0005411213915067492 493568
1783691349954 -0.0005184179244679399 495616
1783691357796 -0.0006585138671653112 497664
1783691365507 -0.0016727305119275115 499712
1783691373757 -3.2004174499888904e-05 501760
1783691381806 -3.1603140087099746e-06 503808
1783691389880 -0.0012415767741913442 505856
1783691398308 -0.0006318939649645472 507904
1783691406086 -0.0005964160463918233 509952
1783691414408 -0.000875750989507651 512000
1783691422422 -0.002771542387563386 514048
1783691430716 -0.0006666425488219829 516096
1783691438724 -0.001681347086559981 518144
1783691447047 -0.00011118870315840468 520192
1783691455200 -1.1908536180271767e-05 522240
1783691462997 -0.0006703066337649943 524288
1783691471517 -0.00040656902274349704 526336
1783691479695 -0.0015185621605269262 528384
1783691488316 -0.003594502054511395 530432
1783691496513 -0.0018637166704138508 532480
1783691504895 -0.00302217706303054 534528
1783691513485 -0.0002080358699458884 536576
1783691521725 -0.0008156286176017602 538624
1783691530215 -0.0014679025302939408 540672
1783691538364 -0.0002675575015018694 542720
1783691546935 -0.0002614739969430957 544768
1783691555128 -0.0007064292876748368 546816
1783691563761 -0.0013813802233926253 548864
1783691572122 -0.00046957473023212515 550912
1783691580422 -0.0014566583031410119 552960
1783691589150 -0.0013783489994239062 555008
1783691597482 -0.0011349750820954796 557056
1783691605394 -0.0009081532552954741 559104
1783691612797 -0.0004634252327377908 561152
1783691620375 -0.0017609503065614263 563200
1783691628721 -0.0014944569120416418 565248
1783691637298 -0.0028325778621365316 567296
1783691645780 -0.001044595286657568 569344
1783691653835 -0.00020958977256668732 571392
1783691662477 -0.000574550211240421 573440
1783691670666 -0.0007352950087806676 575488
1783691679151 -0.001720524747724994 577536
1783691687438 -0.0016343445713573601 579584
1783691696108 -0.0015036340591905173 581632
1783691704305 -0.0016894258915272076 583680
1783691712542 -0.00027281752409180626 585728
1783691720578 -0.0004732204288302455 587776
1783691728338 -0.0019154519377480028 589824
1783691736466 -0.0006079418599256314 591872
1783691744109 -0.004264827566657914 593920
1783691752320 -0.0018848503077606438 595968
1783691760172 -0.0010280172391503584 598016
1783691768340 -0.0003358918420417467 600064
1783691776470 -0.0011403069643165509 602112
1783691784120 -0.0012880738668172853 604160
1783691792295 -0.00028952770662726834 606208
1783691800002 -0.0012762231426677317 608256
1783691808238 -0.00035986249713459983 610304
1783691816099 -0.003206258100362902 612352
1783691824411 -0.0014344788578455336 614400
1783691832671 -0.0008308459455292905 616448
1783691840912 -0.0007921731612441363 618496
1783691849072 -8.46212615215336e-05 620544
1783691856825 -0.0005662042531184852 622592
1783691865280 -0.0014612467639381066 624640
1783691873173 -0.0014559000028384617 626688
1783691881485 -0.0002844423070200719 628736
1783691884299 -0.00048516897186345886 630784
1783691885786 -0.0027842058780152 632832
1783691892333 -0.00037174494900682475 634880
1783691900819 -0.0003352388030180009 636928
1783691908833 -0.00038961054815445095 638976
1783691916975 -0.0030020529084140435 641024
1783691925037 -0.00029411280411295593 643072
1783691933332 -0.0007754688303975854 645120
1783691941633 -0.0024667243342264555 647168
1783691950278 -0.0007270649803103879 649216
1783691958666 -0.00011046635154343676 651264
1783691965746 -0.0006079525119275786 653312
1783691966722 -0.0006908059058332583 655360
1783691967681 -0.0005425504969025496 657408
1783691970092 -0.0012754206672980217 659456
1783691971140 -0.00042368546564830467 661504
1783691972117 -0.0010505453556106659 663552
1783691974495 -0.0007886473158578156 665600
1783691980988 -0.001566061400808394 667648
1783691987110 -4.707029802375473e-05 669696
1783691995423 -0.0007141128371586092 671744
1783692003907 -0.00046314256451296387 673792
1783692012640 -0.0006617178405576851 675840
1783692021114 -0.0016701430213288404 677888
1783692029419 -0.00044437556789489463 679936
1783692037663 -0.0008618492374807829 681984
1783692046244 -0.0010770415410661371 684032
1783692054551 -0.0019118278760288376 686080
1783692062913 -0.0003427697411098052 688128
1783692071120 -0.0017889659720822237 690176
1783692079447 -0.0007661977979296353 692224
1783692087848 -0.0001243000308477349 694272
1783692096334 -0.00021081582235638052 696320
1783692104588 -0.0005218813566898461 698368
1783692113277 -0.000726426256733248 700416
1783692121879 -0.0009854692298176815 702464
1783692129998 -0.00015661448560422286 704512
1783692138372 -0.0003421360142965568 706560
1783692146580 -0.0005782774060207885 708608
1783692155009 -0.0011378526196494931 710656
1783692163082 -0.0012228320119902492 712704
1783692171539 -0.0005031481650803471 714752
1783692179902 -0.00046181857032934204 716800
1783692187911 -0.0006097742880228907 718848
1783692195928 -8.27186850074213e-05 720896
1783692201742 -0.0006467684725066647 722944
1783692209769 -0.002134421272785403 724992
1783692217509 -0.00023191701257019304 727040
1783692219056 -0.0015348312062997138 729088
1783692219987 -0.0022255992371356115 731136
1783692220920 -0.00024544205189158674 733184
1783692222035 -0.0001286010356125189 735232
1783692223253 -0.0002292628814757336 737280
1783692224417 -0.0015875041153776692 739328
1783692225532 -3.0274689379439224e-05 741376
1783692226635 -0.00023726735707896296 743424
1783692227716 -0.0013304650256031891 745472
1783692228684 -0.0016028138870751718 747520
1783692229736 -0.0002629314042223996 749568
1783692230795 -0.0015876641255090362 751616
1783692232053 -0.0011035824900318403 753664
1783692233330 -0.00013091704749967903 755712
1783692234544 -0.0008854634143062867 757760
1783692235856 -0.0003824792329396587 759808
1783692236971 -0.0004262726015440421 761856
1783692238425 -0.0014596867258660495 763904
1783692239632 -0.00029054758124402724 765952
1783692240899 -0.0015340064437623369 768000
1783692242184 -0.00010123026913788635 770048
1783692243616 -0.0003394337827558047 772096
1783692246566 -0.0011829368877442903 774144
1783692252740 -0.00028579405989148654 776192
1783692260087 -0.00012258241076779086 778240
