1783689669448 433.5800665616989 2048
1783689677367 283.44757902622223 4096
1783689685826 425.69736778736115 6144
1783689694079 339.63946652412415 8192
1783689702841 210.00031381845474 10240
1783689711156 323.83370846509933 12288
1783689719743 263.7051682472229 14336
1783689728267 255.68091118335724 16384
1783689736253 122.62004148960114 18432
1783689744826 278.81301951408386 20480
1783689752964 132.0025906264782 22528
1783689761331 142.09323853254318 24576
1783689769425 159.397528976202 26624
1783689770493 149.84279245138168 28672
1783689771424 165.46309009194374 30720
1783689772335 80.12619961798191 32768
1783689773261 132.26740977168083 34816
1783689774314 160.22647029161453 36864
1783689775348 102.20420578122139 38912
1783689776402 260.59276032447815 40960
1783689777509 96.69334863126278 43008
1783689778619 162.5439097881317 45056
1783689779566 117.43556213378906 47104
1783689780750 54.27294884622097 49152
1783689781769 133.86953508853912 51200
1783689782845 88.479701846838 53248
1783689788816 100.53958375751972 55296
1783689796002 33.67256070673466 57344
1783689803933 76.77305021882057 59392
1783689811510 48.42985785752535 61440
1783689819368 66.11060258746147 63488
1783689826934 66.13781698048115 65536
1783689834879 53.53563050925732 67584
1783689842880 70.17156012356281 69632
1783689850570 19.28457283973694 71680
1783689858700 21.58949190378189 73728
1783689866200 40.167303182184696 75776
1783689874312 28.689744763076305 77824
1783689882375 11.909451615065336 79872
1783689890101 23.416714064776897 81920
1783689898259 27.285340167582035 83968
1783689906239 14.105621449649334 86016
1783689914594 11.698569975793362 88064
1783689922553 18.679259706288576 90112
1783689930776 6.739385936409235 92160
1783689939111 32.55015929043293 94208
1783689947016 11.864395249634981 96256
1783689955347 11.933552615344524 98304
1783689963037 4.896793266758323 100352
1783689971360 6.964792184531689 102400
1783689979495 14.519323093816638 104448
1783689987600 21.119758212938905 106496
1783689995837 25.849144358187914 108544
1783690003756 4.893732622265816 110592
1783690011715 16.581479649990797 112640
1783690019264 4.34965306147933 114688
1783690027486 5.172785382717848 116736
1783690035483 7.227572387084365 118784
1783690043492 11.709138125181198 120832
1783690052101 19.959731018170714 122880
1783690060235 19.531937465071678 124928
1783690068850 4.05005744472146 126976
1783690077054 31.45964970625937 129024
1783690085456 18.25912271440029 131072
1783690093795 16.594458512961864 133120
1783690101877 4.466978607699275 135168
1783690110372 4.267802932299674 137216
1783690117830 26.654103878885508 139264
1783690118844 32.897150468081236 141312
1783690119772 51.791047006845474 143360
1783690120810 17.555020719766617 145408
1783690121880 48.00431585684419 147456
1783690122749 5.041115253698081 149504
1783690123816 40.41476258635521 151552
1783690124913 28.939851673319936 153600
1783690125998 43.23655992001295 155648
1783690127189 44.04928928986192 157696
1783690128324 19.00503169745207 159744
1783690129420 42.2657208815217 161792
1783690130551 72.91499611735344 163840
1783690132622 43.493543453514576 165888
1783690138897 58.51005911082029 167936
1783690144760 40.193063236773014 169984
1783690152992 56.2702458538115 172032
1783690161488 47.80108783021569 174080
1783690169972 48.31528449058533 176128
1783690178027 56.98924174904823 178176
1783690186514 55.8028049916029 180224
1783690194684 55.505082704126835 182272
1783690203217 40.59514074400067 184320
1783690211232 41.259606555104256 186368
1783690218540 72.70447492599487 188416
1783690219484 72.48164489865303 190464
1783690222748 71.10889718681574 192512
1783690230925 54.84291046112776 194560
1783690239223 74.62978143244982 196608
1783690247837 66.91780529171228 198656
1783690255664 77.01982087641954 200704
1783690263750 75.95258014649153 202752
1783690271274 72.57067487388849 204800
1783690279367 66.81375043094158 206848
1783690287421 77.8874703347683 208896
1783690294913 56.1839758977294 210944
1783690303003 68.59472655877471 212992
1783690310687 92.02239987999201 215040
1783690318707 71.85271260142326 217088
1783690326690 64.61833745241165 219136
1783690334294 72.3213839456439 221184
1783690341620 69.67189708352089 223232
1783690349221 64.42298641055822 225280
1783690357264 91.6723753362894 227328
1783690365381 81.9812053591013 229376
1783690373160 81.06787824630737 231424
1783690381049 98.17406326532364 233472
1783690388967 80.10167434066534 235520
1783690397312 70.00589156895876 237568
1783690405244 65.8740551918745 239616
1783690413467 74.28501644730568 241664
1783690421622 67.66090851277113 243712
1783690429734 37.319055899977684 245760
1783690436972 60.87604972720146 247808
1783690437961 83.77908128499985 249856
1783690445153 77.39310441166162 251904
1783690453437 71.09057833999395 253952
1783690461443 90.3083814010024 256000
1783690469673 78.77881225198507 258048
1783690477630 78.36718682944775 260096
1783690485405 63.21248388290405 262144
1783690493708 82.8539549857378 264192
1783690501548 114.2899307757616 266240
1783690509553 88.29822421073914 268288
1783690517926 80.21698199212551 270336
1783690526233 87.58506651222706 272384
1783690534686 98.02923673391342 274432
1783690542731 73.02008181810379 276480
1783690551296 40.61608221381903 278528
1783690558522 48.33058903366327 280576
1783690567193 67.88228325545788 282624
1783690575635 99.55757185816765 284672
1783690583877 73.777120500803 286720
1783690592246 59.97569190710783 288768
1783690600535 28.334029339253902 290816
1783690609189 35.79904051683843 292864
1783690617363 63.20593500882387 294912
1783690626010 82.03867530822754 296960
1783690634234 71.99512907117605 299008
1783690642661 81.58465929329395 301056
1783690651344 55.88998407870531 303104
1783690659420 77.04087821394205 305152
1783690668303 81.8801476508379 307200
1783690676418 62.014079727232456 309248
1783690684823 74.19545086473227 311296
1783690692918 64.91248539835215 313344
1783690701452 45.142960868775845 315392
1783690710164 67.00289433449507 317440
1783690718294 84.8834988027811 319488
1783690726818 70.51483401656151 321536
1783690734845 91.77988328039646 323584
1783690743306 69.50285520404577 325632
1783690751178 58.95086149871349 327680
1783690755637 67.54338376224041 329728
1783690756631 71.17018963396549 331776
1783690762602 54.88326795399189 333824
1783690770439 80.97727958112955 335872
1783690778215 71.35599464178085 337920
1783690786414 89.88384146988392 339968
1783690794025 83.37119668722153 342016
1783690802177 59.39025878161192 344064
1783690809896 71.95902168750763 346112
1783690818052 32.439099576324224 348160
1783690825439 71.26643767207861 350208
1783690832926 61.00245065242052 352256
1783690841062 47.68025179579854 354304
1783690848811 69.21762523800135 356352
1783690856968 54.441152676939964 358400
1783690865097 56.04905196279287 360448
1783690867594 55.70501637458801 362496
1783690868789 48.64239192381501 364544
1783690876958 40.99886017665267 366592
1783690885064 51.02740702033043 368640
1783690893239 67.33652140200138 370688
1783690901332 58.391170017421246 372736
1783690909155 53.85319394990802 374784
1783690917389 27.529411487281322 376832
1783690925417 35.03626345098019 378880
1783690933789 40.42600629478693 380928
1783690941861 41.79307384043932 382976
1783690949861 62.77201694250107 385024
1783690958179 56.54842585325241 387072
1783690966125 36.46201027557254 389120
1783690974467 44.73107637465 391168
1783690982433 15.15595018491149 393216
1783690990530 42.48087804019451 395264
1783690999122 40.55019160360098 397312
1783691007210 61.267813857644796 399360
1783691015712 32.9359867349267 401408
1783691023864 36.79705933853984 403456
1783691032544 43.213399950414896 405504
1783691040752 49.01839213445783 407552
1783691049049 53.93087214976549 409600
1783691057411 47.23743971809745 411648
1783691065478 65.70341964252293 413696
1783691073775 22.89020575210452 415744
1783691081952 23.019277051091194 417792
1783691090502 59.36791265383363 419840
1783691098763 25.00606352649629 421888
1783691107326 21.36791401170194 423936
1783691115571 39.43941369652748 425984
1783691123587 72.66946157068014 428032
1783691131784 35.933896109461784 430080
1783691139651 42.981948886066675 432128
1783691148065 37.258839286863804 434176
1783691156301 36.91844207793474 436224
1783691164559 30.28309207968414 438272
1783691173123 20.337452981621027 440320
1783691176168 47.79699740931392 442368
1783691177146 78.55897378176451 444416
1783691179952 28.88021558895707 446464
1783691187864 27.590048134326935 448512
1783691195928 56.64368426427245 450560
1783691204436 37.62610002234578 452608
1783691212952 60.15389534085989 454656
1783691221015 42.05817025527358 456704
1783691229093 45.089480102062225 458752
1783691236643 35.97950720414519 460800
1783691244720 72.31304792314768 462848
1783691252567 48.63426019996405 464896
1783691260337 68.09810750558972 466944
1783691268477 40.50350248068571 468992
1783691276245 60.08033533394337 471040
1783691284265 53.1305913515389 473088
1783691291744 46.33063906431198 475136
1783691299554 34.2042835932225 477184
1783691307573 18.14803908020258 479232
1783691313704 54.65436987578869 481280
1783691317025 62.3655901029706 483328
1783691324631 50.56637670844793 485376
1783691330314 38.92063225246966 487424
1783691331377 56.61691629886627 489472
1783691336709 66.02737280726433 491520
1783691342395 43.45982342585921 493568
1783691349954 36.40855675190687 495616
1783691357796 60.506266102194786 497664
1783691365507 60.90831062570214 499712
1783691373757 47.049818489700556 501760
1783691381806 62.510624304413795 503808
1783691389880 59.644056387245655 505856
1783691398308 43.28677775710821 507904
1783691406086 51.06077626347542 509952
1783691414408 51.37265460565686 512000
1783691422422 42.99701426550746 514048
1783691430716 39.41380849480629 516096
1783691438724 12.020824649371207 518144
1783691447047 69.58186836540699 520192
1783691455200 79.8287305701524 522240
1783691462997 54.56651296466589 524288
1783691471517 71.22810984030366 526336
1783691479695 35.89631286263466 528384
1783691488316 62.3365910500288 530432
1783691496513 42.29987836629152 532480
1783691504895 39.853342823684216 534528
1783691513485 68.78857859224081 536576
1783691521725 56.12998463958502 538624
1783691530215 34.26838368922472 540672
1783691538364 65.23529852926731 542720
1783691546935 33.080041974782944 544768
1783691555128 67.23173596709967 546816
1783691563761 70.40154699236155 548864
1783691572122 92.81826623156667 550912
1783691580422 68.03182223066688 552960
1783691589150 78.34049602597952 555008
1783691597482 28.579261906445026 557056
1783691605394 59.27809077501297 559104
1783691612797 42.638768047094345 561152
1783691620375 52.02862323075533 563200
1783691628721 77.66966972872615 565248
1783691637298 50.88678404688835 567296
1783691645780 46.022894483059645 569344
1783691653835 49.80400985479355 571392
1783691662477 67.91619343310595 573440
1783691670666 44.70997974276543 575488
1783691679151 64.92681105062366 577536
1783691687438 64.65497988462448 579584
1783691696108 76.56856862455606 581632
1783691704305 50.0938670784235 583680
1783691712542 67.34379104152322 585728
1783691720578 81.56540337949991 587776
1783691728338 42.999695375561714 589824
1783691736466 77.48837687075138 591872
1783691744109 31.0375126414001 593920
1783691752320 55.951621022075415 595968
1783691760172 58.00814001262188 598016
1783691768340 99.79583059251308 600064
1783691776470 61.57605962827802 602112
1783691784120 80.49567743390799 604160
1783691792295 104.69014318287373 606208
1783691800002 55.67437894269824 608256
1783691808238 40.33002955839038 610304
1783691816099 53.16894901543856 612352
1783691824411 62.522520411759615 614400
1783691832671 88.98985342681408 616448
1783691840912 65.65807750821114 618496
1783691849072 87.3943522349 620544
1783691856825 102.26827013492584 622592
1783691865280 67.1821621954441 624640
1783691873173 65.56828123703599 626688
1783691881485 41.966212689876556 628736
1783691884299 56.25808019191027 630784
1783691885786 53.54425002634525 632832
1783691892333 58.13354300707579 634880
1783691900819 74.31144419312477 636928
1783691908833 93.92966617643833 638976
1783691916975 59.08112929016352 641024
1783691925037 68.10778615623713 643072
1783691933332 37.59615386277437 645120
1783691941633 35.080921709537506 647168
1783691950278 66.13667450845242 649216
1783691958666 31.833112124353647 651264
1783691965746 49.16186797618866 653312
1783691966722 53.837651923298836 655360
1783691967681 16.355471106246114 657408
1783691970092 48.50874141231179 659456
1783691971140 54.945032458752394 661504
1783691972117 47.460961520671844 663552
1783691974495 59.592296831309795 665600
1783691980988 53.56164653971791 667648
1783691987110 65.6046432852745 669696
1783691995423 89.26105061173439 671744
1783692003907 82.84035311639309 673792
1783692012640 44.172157011926174 675840
1783692021114 28.757544495165348 677888
1783692029419 48.93427883274853 679936
1783692037663 40.9807665348053 681984
1783692046244 53.5013804808259 684032
1783692054551 21.48519746772945 686080
1783692062913 65.46111869066954 688128
1783692071120 96.12715872377157 690176
1783692079447 69.05574371293187 692224
1783692087848 57.07765110582113 694272
1783692096334 76.49354422092438 696320
1783692104588 75.76014326512814 698368
1783692113277 37.331049621105194 700416
1783692121879 84.32580146193504 702464
1783692129998 55.08253303915262 704512
1783692138372 93.45513600111008 706560
1783692146580 24.39508008211851 708608
1783692155009 97.07153686881065 710656
1783692163082 49.76581773906946 712704
1783692171539 40.956782318651676 714752
1783692179902 95.55307886749506 716800
1783692187911 56.20267704129219 718848
1783692195928 70.69213080406189 720896
1783692201742 46.39362896606326 722944
1783692209769 61.8490890301764 724992
1783692217509 78.3993144929409 727040
1783692219056 101.35541699826717 729088
1783692219987 105.69058334454894 731136
1783692220920 37.02728928998113 733184
1783692222035 71.67245832830667 735232
1783692223253 55.22026913613081 737280
1783692224417 55.87306612730026 739328
1783692225532 71.14136432856321 741376
1783692226635 53.278680086135864 743424
1783692227716 84.99309162795544 745472
1783692228684 45.36070862412453 747520
1783692229736 103.72140334546566 749568
1783692230795 59.25166720151901 751616
1783692232053 61.856223434209824 753664
1783692233330 89.06949773430824 755712
1783692234544 84.45465206354856 757760
1783692235856 83.3449667096138 759808
1783692236971 68.30460273846984 761856
1783692238425 24.722057478502393 763904
1783692239632 40.60373226925731 765952
1783692240899 27.393445130437613 768000
1783692242184 45.19580467417836 770048
1783692243616 47.49922523647547 772096
1783692246566 47.39551142975688 774144
1783692252740 90.67745052650571 776192
1783692260087 46.40086941048503 778240
