1783689669448 867.1954083442688 2048
1783689677367 566.9262939691544 4096
1783689685826 851.4307103157043 6144
1783689694079 679.3112812042236 8192
1783689702841 420.03239822387695 10240
1783689711156 647.6989297866821 12288
1783689719743 527.4437212944031 14336
1783689728267 511.393944978714 16384
1783689736253 245.27149951457977 18432
1783689744826 557.655840754509 20480
1783689752964 264.03348088264465 22528
1783689761331 284.21746814250946 24576
1783689769425 318.8235493898392 26624
1783689770493 299.71478754282 28672
1783689771424 330.9565649628639 30720
1783689772335 160.29335191845894 32768
1783689773261 264.5625469684601 34816
1783689774314 320.4819023013115 36864
1783689775348 204.43759447336197 38912
1783689776402 521.214786529541 40960
1783689777509 193.417479544878 43008
1783689778619 325.1128599643707 45056
1783689779566 234.89724200963974 47104
1783689780750 108.5767474770546 49152
1783689781769 267.77120065689087 51200
1783689782845 176.99016791582108 53248
1783689788816 201.10547098517418 55296
1783689796002 67.38024404644966 57344
1783689803933 153.57337847352028 59392
1783689811510 96.88740520179272 61440
1783689819368 132.2519343495369 63488
1783689826934 132.30350410938263 65536
1783689834879 107.09994840621948 67584
1783689842880 140.3690526485443 69632
1783689850570 38.597051203250885 71680
1783689858700 43.21237440407276 73728
1783689866200 80.3587146550417 75776
1783689874312 57.40943165123463 77824
1783689882375 23.8500948920846 79872
1783689890101 46.858479365706444 81920
1783689898259 54.5962131023407 83968
1783689906239 28.242413759231567 86016
1783689914594 23.4242555052042 88064
1783689922553 37.385060749948025 90112
1783689930776 13.507845990359783 92160
1783689939111 65.12011028826237 94208
1783689947016 23.757309287786484 96256
1783689955347 23.895049273967743 98304
1783689963037 9.81651071086526 100352
1783689971360 13.955920293927193 102400
1783689979495 29.065181590616703 104448
1783689987600 42.260001357644796 106496
1783689995837 51.721460275352 108544
1783690003756 9.81216760352254 110592
1783690011715 33.191783513873816 112640
1783690019264 8.725540824234486 114688
1783690027486 10.367832731455564 116736
1783690035483 14.477140851318836 118784
1783690043492 23.439162887632847 120832
1783690052101 39.942221730947495 122880
1783690060235 39.08539020642638 124928
1783690068850 8.122870586812496 126976
1783690077054 62.94174678251147 129024
1783690085456 36.544800125062466 131072
1783690093795 33.210411943495274 133120
1783690101877 8.95443794876337 135168
1783690110372 8.554348737001419 137216
1783690117830 53.32935055345297 139264
1783690118844 65.81291774660349 141312
1783690119772 103.60284995287657 143360
1783690120810 35.129283241927624 145408
1783690121880 96.027210123837 147456
1783690122749 10.09830002579838 149504
1783690123816 80.85319831222296 151552
1783690124913 57.90565050765872 153600
1783690125998 86.49515724182129 155648
1783690127189 88.12419944256544 157696
1783690128324 38.0308398604393 159744
1783690129420 84.55274957418442 161792
1783690130551 145.84777876734734 163840
1783690132622 87.00669652968645 165888
1783690138897 117.03680319339037 167936
1783690144760 80.41200294345617 169984
1783690152992 112.55889773368835 172032
1783690161488 95.61754477024078 174080
1783690169972 96.6506144925952 176128
1783690178027 113.99679636955261 178176
1783690186514 111.62412793934345 180224
1783690194684 111.03199271857738 182272
1783690203217 81.2116886228323 184320
1783690211232 82.53786012530327 186368
1783690218540 145.4246163368225 188416
1783690219484 144.9845085144043 190464
1783690222748 142.2363626509905 192512
1783690230925 109.70792391896248 194560
1783690239223 149.27828696370125 196608
1783690247837 133.85623663663864 198656
1783690255664 154.05940555036068 200704
1783690263750 151.92582577466965 202752
1783690271274 145.16132789850235 204800
1783690279367 133.65508951246738 206848
1783690287421 155.79324945807457 208896
1783690294913 112.38867144286633 210944
1783690303003 137.21077638864517 212992
1783690310687 184.06347635388374 215040
1783690318707 143.72901153564453 217088
1783690326690 129.25489647686481 219136
1783690334294 144.6605379730463 221184
1783690341620 139.36077299714088 223232
1783690349221 128.86916971206665 225280
1783690357264 183.36440709233284 227328
1783690365381 163.98126862943172 229376
1783690373160 162.15486381947994 231424
1783690381049 196.36775946617126 233472
1783690388967 160.22902919352055 235520
1783690397312 140.03114421665668 237568
1783690405244 131.76377588510513 239616
1783690413467 148.58607831597328 241664
1783690421622 135.34152223169804 243712
1783690429734 74.6496914178133 245760
1783690436972 121.76790599524975 247808
1783690437961 167.57857617735863 249856
1783690445153 154.8061843663454 251904
1783690453437 142.19740918278694 253952
1783690461443 180.63536247611046 256000
1783690469673 157.57485154271126 258048
1783690477630 156.75493296980858 260096
1783690485405 126.44076180458069 262144
1783690493708 165.72540014982224 264192
1783690501548 228.6016004383564 266240
1783690509553 176.61642640829086 268288
1783690517926 160.45274928212166 270336
1783690526233 175.1901022195816 272384
1783690534686 196.07836124300957 274432
1783690542731 146.05716079473495 276480
1783690551296 81.24860455840826 278528
1783690558522 96.68011927604675 280576
1783690567193 135.78323800861835 282624
1783690575635 199.13454449176788 284672
1783690583877 147.5717804133892 286720
1783690592246 119.96989150345325 288768
1783690600535 56.68394497036934 290816
1783690609189 71.61681974679232 292864
1783690617363 126.42888323962688 294912
1783690626010 164.09515750408173 296960
1783690634234 144.01237712800503 299008
1783690642661 163.194957613945 301056
1783690651344 111.79385749995708 303104
1783690659420 154.09962767362595 305152
1783690668303 163.78022882342339 307200
1783690676418 124.04460523277521 309248
1783690684823 148.41121119260788 311296
1783690692918 129.8447272181511 313344
1783690701452 90.30691189318895 315392
1783690710164 134.02280466258526 317440
1783690718294 169.7860355824232 319488
1783690726818 141.0538413822651 321536
1783690734845 183.5772820711136 323584
1783690743306 139.02241618931293 325632
1783690751178 117.91936556994915 327680
1783690755637 135.10400119423866 329728
1783690756631 142.357939183712 331776
1783690762602 109.7854787260294 333824
1783690770439 161.9771127998829 335872
1783690778215 142.72962254285812 337920
1783690786414 179.78108118474483 339968
1783690794025 166.76085063815117 342016
1783690802177 118.7999075204134 344064
1783690809896 143.93678987026215 346112
1783690818052 64.89326673001051 348160
1783690825439 142.55316345393658 350208
1783690832926 122.02294264733791 352256
1783690841062 95.37998963147402 354304
1783690848811 138.45760841667652 356352
1783690856968 108.90227843821049 358400
1783690865097 112.11787774413824 360448
1783690867594 111.43133214116096 362496
1783690868789 97.30279482156038 364544
1783690876958 82.01582241803408 366592
1783690885064 102.0767178684473 368640
1783690893239 134.69456180930138 370688
1783690901332 116.8014495074749 372736
1783690909155 107.73902077972889 374784
1783690917389 55.074673626571894 376832
1783690925417 70.08852826803923 378880
1783690933789 80.86750827729702 380928
1783690941861 83.60821378976107 382976
1783690949861 125.56199994683266 385024
1783690958179 113.12271744012833 387072
1783690966125 72.94147144258022 389120
1783690974467 89.4832378923893 391168
1783690982433 30.330167554318905 393216
1783690990530 84.98026094585657 395264
1783690999122 81.11932902038097 397312
1783691007210 122.56241772323847 399360
1783691015712 65.8871475532651 401408
1783691023864 73.61073572933674 403456
1783691032544 86.44564948230982 405504
1783691040752 98.05961734801531 407552
1783691049049 107.88143108785152 409600
1783691057411 94.49421866983175 411648
1783691065478 131.42914982140064 413696
1783691073775 45.80383474379778 415744
1783691081952 46.05634668469429 417792
1783691090502 118.7521356716752 419840
1783691098763 50.03121314942837 421888
1783691107326 42.75400482490659 423936
1783691115571 78.89755734056234 425984
1783691123587 145.35725991427898 428032
1783691131784 71.88535512983799 430080
1783691139651 85.98367159068584 432128
1783691148065 74.53504949063063 434176
1783691156301 73.85710680484772 436224
1783691164559 60.58206519857049 438272
1783691173123 40.692310839891434 440320
1783691176168 95.61136599630117 442368
1783691177146 157.1396247819066 444416
1783691179952 57.77934796363115 446464
1783691187864 55.201657585799694 448512
1783691195928 113.30883261561394 450560
1783691204436 75.27023021876812 452608
1783691212952 120.32602332532406 454656
1783691221015 84.13328411057591 456704
1783691229093 90.19911548495293 458752
1783691236643 71.97563920170069 460800
1783691244720 144.64429514110088 462848
1783691252567 97.28622016310692 464896
1783691260337 136.21623680740595 466944
1783691268477 81.02735838294029 468992
1783691276245 120.17766734957695 471040
1783691284265 106.28522238135338 473088
1783691291744 92.68048629164696 475136
1783691299554 68.42326085269451 477184
1783691307573 36.31250969879329 479232
1783691313704 109.32399246096611 481280
1783691317025 124.74858197569847 483328
1783691324631 101.15080294758081 485376
1783691330314 77.85897444188595 487424
1783691331377 113.25248308479786 489472
1783691336709 132.0789700895548 491520
1783691342395 86.93682862073183 493568
1783691349954 72.83194935321808 495616
1783691357796 121.0294633358717 497664
1783691365507 121.83440715074539 499712
1783691373757 94.11555284261703 501760
1783691381806 125.03553055226803 503808
1783691389880 119.3073061555624 505856
1783691398308 86.59031540155411 507904
1783691406086 102.1384074985981 509952
1783691414408 102.76210505515337 512000
1783691422422 86.01485724002123 514048
1783691430716 78.84379142522812 516096
1783691438724 24.059973884373903 518144
1783691447047 139.18122544139624 520192
1783691455200 159.67514110729098 522240
1783691462997 109.15113417804241 524288
1783691471517 142.47342316806316 526336
1783691479695 71.81046848744154 528384
1783691488316 124.69763243943453 530432
1783691496513 84.62070101872087 532480
1783691504895 79.72887417674065 534528
1783691513485 137.59361919760704 536576
1783691521725 112.27969115972519 538624
1783691530215 68.55456315726042 540672
1783691538364 130.48824992403388 542720
1783691546935 66.17811100184917 544768
1783691555128 134.48224195837975 546816
1783691563761 140.8221622556448 548864
1783691572122 185.6531080007553 550912
1783691580422 136.08110265433788 552960
1783691589150 156.69897900521755 555008
1783691597482 57.17495372146368 557056
1783691605394 118.57444836199284 559104
1783691612797 85.29455754160881 561152
1783691620375 104.0758596509695 563200
1783691628721 155.35833501815796 565248
1783691637298 101.79423014819622 567296
1783691645780 92.06361712515354 569344
1783691653835 99.62168426811695 571392
1783691662477 135.84987716376781 573440
1783691670666 89.43519516289234 575488
1783691679151 129.87339130043983 577536
1783691687438 129.3267004340887 579584
1783691696108 153.1553007364273 581632
1783691704305 100.20352166891098 583680
1783691712542 134.70272975042462 585728
1783691720578 163.1471327841282 587776
1783691728338 86.01849599927664 589824
1783691736466 154.99215480685234 591872
1783691744109 62.09805980324745 593920
1783691752320 111.92198244482279 595968
1783691760172 116.03405842930079 598016
1783691768340 199.60774740576744 600064
1783691776470 123.16998887807131 602112
1783691784120 161.00967346131802 604160
1783691792295 209.39560344815254 606208
1783691800002 111.36495847254992 608256
1783691808238 80.6753503754735 610304
1783691816099 106.35947918891907 612352
1783691824411 125.06366290152073 614400
1783691832671 177.99705728888512 616448
1783691840912 131.33359044790268 618496
1783691849072 174.804308578372 620544
1783691856825 204.55280977487564 622592
1783691865280 134.38274145126343 624640
1783691873173 131.15385541319847 626688
1783691881485 83.94739335030317 628736
1783691884299 112.53277842700481 630784
1783691885786 107.10736728459597 632832
1783691892333 116.28310459852219 634880
1783691900819 148.63872328400612 636928
1783691908833 187.87695249915123 638976
1783691916975 118.1835071593523 641024
1783691925037 136.23097574710846 643072
1783691933332 75.2074511796236 645120
1783691941633 70.17996540665627 647168
1783691950278 132.29010047018528 649216
1783691958666 63.67997208982706 651264
1783691965746 98.33754508197308 653312
1783691966722 107.692173615098 655360
1783691967681 32.722818579524755 657408
1783691970092 97.03424967825413 659456
1783691971140 109.90511769801378 661504
1783691972117 94.93949981033802 663552
1783691974495 119.20151206851006 665600
1783691980988 107.1422842592001 667648
1783691987110 131.22568859159946 669696
1783691995423 178.53918385505676 671744
1783692003907 165.6972022652626 673792
1783692012640 88.35995496064425 675840
1783692021114 57.532046757638454 677888
1783692029419 97.88422906398773 679936
1783692037663 81.97624798119068 681984
1783692046244 107.02150298655033 684032
1783692054551 42.98849278688431 686080
1783692062913 130.93928468227386 688128
1783692071120 192.273856818676 690176
1783692079447 138.12898056209087 692224
1783692087848 114.17071069777012 694272
1783692096334 153.00191283226013 696320
1783692104588 151.5362215191126 698368
1783692113277 74.67803071439266 700416
1783692121879 168.66840575635433 702464
1783692129998 110.1793659478426 704512
1783692138372 186.92562741041183 706560
1783692146580 48.80518853664398 708608
1783692155009 194.16047790646553 710656
1783692163082 99.54934119433165 712704
1783692171539 81.9303981512785 714752
1783692179902 191.12365628778934 716800
1783692187911 112.42104072868824 718848
1783692195928 141.39897878468037 720896
1783692201742 92.80274733155966 722944
1783692209769 123.7153181321919 724992
1783692217509 156.8129113316536 727040
1783692219056 202.72937539219856 729088
1783692219987 211.40084102749825 731136
1783692220920 74.06843089312315 733184
1783692222035 143.36109767854214 735232
1783692223253 110.45526514947414 737280
1783692224417 111.7637765109539 739328
1783692225532 142.29882277548313 741376
1783692226635 106.57182142138481 743424
1783692227716 170.00457787513733 745472
1783692228684 90.73872436583042 747520
1783692229736 207.45935732126236 749568
1783692230795 118.5206852927804 751616
1783692232053 123.72829665243626 753664
1783692233330 178.15491622686386 755712
1783692234544 168.9262466430664 757760
1783692235856 166.70671790838242 759808
1783692236971 136.62525416910648 761856
1783692238425 49.46113374084234 763904
1783692239632 81.22278781235218 765952
1783692240899 54.804779917001724 768000
1783692242184 90.40858142077923 770048
1783692243616 95.01335280388594 772096
1783692246566 94.80739446729422 774144
1783692252740 181.3722274750471 776192
1783692260087 92.8153785020113 778240
