1783629128288 1.3856103653088212 2048
1783629129144 1.3846367243677378 4096
1783629129989 1.3828264763578773 6144
1783629130684 1.3788229208439589 8192
1783629131372 1.3752815769985318 10240
1783629132171 1.364645503461361 12288
1783629132946 1.3479194361716509 14336
1783629133749 1.3449408514425159 16384
1783629134538 1.32662661280483 18432
1783629135344 1.3197053531184793 20480
1783629136151 1.3054535370320082 22528
1783629136962 1.2404285026714206 24576
1783629137654 1.229067319072783 26624
1783629138402 1.2398303356021643 28672
1783629139195 1.2733635008335114 30720
1783629139906 1.161387420259416 32768
1783629140642 1.1615129290148616 34816
1783629141477 1.221796853467822 36864
1783629142218 1.1949102077633142 38912
1783629143023 1.1164629440754652 40960
1783629143842 1.1312940008938313 43008
1783629144553 1.254238904453814 45056
1783629145291 1.0765322353690863 47104
1783629146213 1.1755808684974909 49152
1783629147071 1.1827531103044748 51200
1783629147882 1.2330095786601305 53248
1783629148623 1.1116754626855254 55296
1783629149437 1.2007487956434488 57344
1783629150261 1.2469765339046717 59392
1783629151135 1.0662858374416828 61440
1783629151947 1.1154417004436255 63488
1783629152662 1.147836472839117 65536
1783629153397 1.0684563601389527 67584
1783629154224 1.2121355645358562 69632
1783629154978 1.1228595431894064 71680
1783629155796 1.1407640846446157 73728
1783629156591 1.1380019914358854 75776
1783629157384 1.1124784369021654 77824
1783629158146 1.1435257764533162 79872
1783629158960 1.0484399138949811 81920
1783629159705 1.0954940235242248 83968
1783629160432 1.0822133840993047 86016
1783629161288 0.8967050621286035 88064
1783629162015 1.0362361585721374 90112
1783629162760 0.9858467858284712 92160
1783629163602 0.9095728192478418 94208
1783629164286 1.0221870299428701 96256
1783629164969 0.9946124646812677 98304
1783629165802 1.0220981449820101 100352
1783629166648 1.0128735154867172 102400
1783629167485 1.009096338879317 104448
1783629168303 1.0242978874593973 106496
1783629169015 1.0711434935219586 108544
1783629169805 0.9947236902080476 110592
1783629170633 1.093033087439835 112640
1783629171393 0.9980932427570224 114688
1783629172218 1.0299054142087698 116736
1783629173018 0.9950265283696353 118784
1783629173733 1.0295769786462188 120832
1783629174474 1.0069166994653642 122880
1783629175258 1.0549210850149393 124928
1783629176032 1.0005598925054073 126976
1783629176808 0.9893407444469631 129024
1783629177603 0.9946225844323635 131072
1783629178322 1.0143165616318583 133120
1783629179012 1.0293077938258648 135168
1783629179848 1.0824469784274697 137216
1783629180560 1.0007191929034889 139264
1783629181316 0.9367846040986478 141312
1783629182059 1.021266486030072 143360
1783629182845 0.999147055670619 145408
1783629183530 0.935807200614363 147456
1783629184220 0.9600320984609425 149504
1783629185009 0.9939167746342719 151552
1783629185703 0.9934180425480008 153600
1783629186393 0.9497184101492167 155648
1783629187200 0.997305154800415 157696
1783629187957 0.9897695085965097 159744
1783629188626 1.0206737350672483 161792
1783629189405 0.9448710558936 163840
1783629190183 0.9827322331257164 165888
1783629190974 1.0010260082781315 167936
1783629191781 1.044504128396511 169984
1783629192500 0.926133627537638 172032
1783629193182 0.9012237922288477 174080
1783629193860 0.9968171357177198 176128
1783629194578 1.0026453020982444 178176
1783629195398 0.9863893147557974 180224
1783629196180 0.9727780125103891 182272
1783629197003 0.934415855910629 184320
1783629197881 0.9479219107888639 186368
1783629198621 0.857248289976269 188416
1783629199345 0.8739188723266125 190464
1783629200097 0.8126023188233376 192512
1783629200896 0.9441238585859537 194560
1783629201605 0.9840664863586426 196608
1783629202411 0.928205537609756 198656
1783629203149 1.01613746304065 200704
1783629203843 0.9616422732360661 202752
1783629204648 1.0211666012182832 204800
1783629205329 0.9275550069287419 206848
1783629206074 0.8710645739920437 208896
1783629206878 0.9291670941747725 210944
1783629207656 0.9743904275819659 212992
1783629208555 0.8063571816310287 215040
1783629209455 0.9143565236590803 217088
1783629210258 0.8777803368866444 219136
1783629211078 0.9479828500188887 221184
1783629211874 0.933230871334672 223232
1783629212618 0.890039128717035 225280
1783629213424 0.8629362564533949 227328
1783629214108 0.8898635040968657 229376
1783629214815 0.8822808256372809 231424
1783629215534 0.9088729498907924 233472
1783629216334 0.8856566087342799 235520
1783629217029 0.8736698175780475 237568
1783629217747 0.85617302544415 239616
1783629218455 0.9121821876615286 241664
1783629219161 0.9750277115963399 243712
1783629219991 0.860404237639159 245760
1783629220797 0.9621747080236673 247808
1783629221626 0.88851223513484 249856
1783629222374 0.8655952573753893 251904
1783629223129 0.8136176611296833 253952
1783629223970 0.8530519590713084 256000
1783629224793 0.9215270602144301 258048
1783629225611 0.9489815309643745 260096
1783629226511 0.9604260614141822 262144
1783629227210 0.8576612402684987 264192
1783629227939 0.915022139903158 266240
1783629228686 0.9064869731664658 268288
1783629229601 0.8929903288371861 270336
1783629230414 0.931296422611922 272384
1783629231144 0.8782183788716793 274432
1783629231840 0.9265128690749407 276480
1783629232592 0.8128232513554394 278528
1783629233390 0.8969628266058862 280576
1783629234195 0.8898802613839507 282624
1783629234930 0.9111660006456077 284672
1783629235649 0.8852273337543011 286720
1783629236436 0.8434322839602828 288768
1783629237272 0.8422740590758622 290816
1783629238125 0.9127132650464773 292864
1783629238944 0.81594252679497 294912
1783629239755 0.8992206356488168 296960
1783629240567 0.9154248400591314 299008
1783629241394 0.8052615863271058 301056
1783629242207 0.9274508077651262 303104
1783629243011 0.9122830713167787 305152
1783629243834 0.8502798536792397 307200
1783629244522 0.8495080517604947 309248
1783629245330 0.8484320328570902 311296
1783629246112 0.8888812405057251 313344
1783629246815 0.8179452023468912 315392
1783629247536 0.8710218276828527 317440
1783629248227 0.846125875134021 319488
1783629249066 0.8898516548797488 321536
1783629249878 0.8596655698493123 323584
1783629250667 0.7713140742853284 325632
1783629251361 0.8636013003997505 327680
1783629252155 0.8115149880759418 329728
1783629252899 0.877437221352011 331776
1783629253722 0.858957557938993 333824
1783629254507 0.8483894066885114 335872
1783629255218 0.7856670878827572 337920
1783629255990 0.739975405856967 339968
1783629256799 0.9020227901637554 342016
1783629257542 0.9455736242234707 344064
1783629258307 0.8764863940887153 346112
1783629259123 0.821538161020726 348160
1783629259910 0.8158386959694326 350208
1783629260693 0.7543974565342069 352256
1783629261486 0.7587899412028491 354304
1783629262319 0.8562247375957668 356352
1783629263008 0.8599303443916142 358400
1783629263705 0.8989415382966399 360448
1783629264431 0.8961985944770277 362496
1783629265319 0.8580823908559978 364544
1783629266113 0.7847118475474417 366592
1783629266850 0.833630096167326 368640
1783629267646 0.7627855855971575 370688
1783629268322 0.8334242114797235 372736
1783629269100 0.8471475052647293 374784
1783629269940 0.8214927846565843 376832
1783629270761 0.7774892384186387 378880
1783629271572 0.8908142056316137 380928
1783629272388 0.7845840407535434 382976
1783629273216 0.7243493865244091 385024
1783629273961 0.8880860493518412 387072
1783629274657 0.8146218024194241 389120
1783629275416 0.9325095866806805 391168
1783629276222 0.8382021253928542 393216
1783629277004 0.8667712742462754 395264
1783629277892 0.8632387910038233 397312
1783629278714 0.7691899831406772 399360
1783629279410 0.9136673458851874 401408
1783629280150 0.9096278054639697 403456
1783629280849 0.8499934682622552 405504
1783629281603 0.8022619499824941 407552
1783629282320 0.8341793939471245 409600
1783629283078 0.805737357120961 411648
1783629283897 0.8551712594926357 413696
1783629284685 0.8682200550101697 415744
1783629285395 0.9187765531241894 417792
1783629286176 0.9037172123789787 419840
1783629287009 0.8725275211036205 421888
1783629287704 0.8910141834057868 423936
1783629288438 0.9161647004075348 425984
1783629289224 0.8752290150150657 428032
1783629290016 0.8431977452710271 430080
1783629290799 0.8120160792022943 432128
1783629291610 0.831383353099227 434176
1783629292308 0.8170776488259435 436224
1783629293098 0.8652897123247385 438272
1783629293908 0.8513617892749608 440320
1783629294746 0.8711091093719006 442368
1783629295515 0.822863498236984 444416
1783629296300 0.859010408166796 446464
1783629297100 0.8827192420139909 448512
1783629297888 0.877133293543011 450560
1783629298660 0.8818050101399422 452608
1783629299398 0.7791802263818681 454656
1783629300189 0.8629818488843739 456704
1783629301026 0.9738552677445114 458752
1783629301760 0.8830583235248923 460800
1783629302574 0.8652519038878381 462848
1783629303347 0.850529124494642 464896
1783629304140 0.7363599864766002 466944
1783629304881 0.778926766011864 468992
1783629305686 0.7376948059536517 471040
1783629306502 0.8325052717700601 473088
1783629307321 0.8468325263820589 475136
1783629308134 0.7109211040660739 477184
1783629308981 0.8291819742880762 479232
1783629309707 0.8186034024693072 481280
1783629310478 0.9022512338124216 483328
1783629311313 0.7988973194733262 485376
1783629312076 0.7339541222900152 487424
1783629312796 0.7878726623021066 489472
1783629313624 0.8182199699804187 491520
1783629314450 0.8801230238750577 493568
1783629315161 0.7139468784444034 495616
1783629315944 0.834421178791672 497664
1783629316734 0.7276127333752811 499712
1783629316923 0.8691614776849746 500000
