1783629128288 2594.0 2048
1783629129144 2489.0 4096
1783629129989 2466.0 6144
1783629130684 2571.0 8192
1783629131372 2643.0 10240
1783629132171 2630.0 12288
1783629132946 2631.0 14336
1783629133749 2621.0 16384
1783629134538 2618.0 18432
1783629135344 2610.0 20480
1783629136151 2603.0 22528
1783629136962 2596.0 24576
1783629137654 2621.0 26624
1783629138402 2629.0 28672
1783629139195 2626.0 30720
1783629139906 2641.0 32768
1783629140642 2648.0 34816
1783629141477 2637.0 36864
1783629142218 2643.0 38912
1783629143023 2638.0 40960
1783629143842 2631.0 43008
1783629144553 2641.0 45056
1783629145291 2647.0 47104
1783629146213 2626.0 49152
1783629147071 2615.0 51200
1783629147882 2612.0 53248
1783629148623 2617.0 55296
1783629149437 2613.0 57344
1783629150261 2609.0 59392
1783629151135 2599.0 61440
1783629151947 2596.0 63488
1783629152662 2604.0 65536
1783629153397 2609.0 67584
1783629154224 2605.0 69632
1783629154978 2608.0 71680
1783629155796 2605.0 73728
1783629156591 2604.0 75776
1783629157384 2604.0 77824
1783629158146 2606.0 79872
1783629158960 2603.0 81920
1783629159705 2607.0 83968
1783629160432 2611.0 86016
1783629161288 2606.0 88064
1783629162015 2610.0 90112
1783629162760 2613.0 92160
1783629163602 2609.0 94208
1783629164286 2616.0 96256
1783629164969 2623.0 98304
1783629165802 2619.0 100352
1783629166648 2615.0 102400
1783629167485 2612.0 104448
1783629168303 2609.0 106496
1783629169015 2614.0 108544
1783629169805 2614.0 110592
1783629170633 2611.0 112640
1783629171393 2612.0 114688
1783629172218 2610.0 116736
1783629173018 2609.0 118784
1783629173733 2613.0 120832
1783629174474 2615.0 122880
1783629175258 2615.0 124928
1783629176032 2616.0 126976
1783629176808 2616.0 129024
1783629177603 2615.0 131072
1783629178322 2619.0 133120
1783629179012 2623.0 135168
1783629179848 2621.0 137216
1783629180560 2624.0 139264
1783629181316 2625.0 141312
1783629182059 2627.0 143360
1783629182845 2627.0 145408
1783629183530 2631.0 147456
1783629184220 2635.0 149504
1783629185009 2635.0 151552
1783629185703 2638.0 153600
1783629186393 2642.0 155648
1783629187200 2641.0 157696
1783629187957 2642.0 159744
1783629188626 2646.0 161792
1783629189405 2646.0 163840
1783629190183 2646.0 165888
1783629190974 2645.0 167936
1783629191781 2644.0 169984
1783629192500 2646.0 172032
1783629193182 2650.0 174080
1783629193860 2654.0 176128
1783629194578 2656.0 178176
1783629195398 2654.0 180224
1783629196180 2653.0 182272
1783629197003 2651.0 184320
1783629197881 2647.0 186368
1783629198621 2649.0 188416
1783629199345 2650.0 190464
1783629200097 2651.0 192512
1783629200896 2650.0 194560
1783629201605 2653.0 196608
1783629202411 2651.0 198656
1783629203149 2653.0 200704
1783629203843 2655.0 202752
1783629204648 2654.0 204800
1783629205329 2657.0 206848
1783629206074 2658.0 208896
1783629206878 2657.0 210944
1783629207656 2657.0 212992
1783629208555 2652.0 215040
1783629209455 2648.0 217088
1783629210258 2647.0 219136
1783629211078 2646.0 221184
1783629211874 2645.0 223232
1783629212618 2646.0 225280
1783629213424 2645.0 227328
1783629214108 2648.0 229376
1783629214815 2650.0 231424
1783629215534 2652.0 233472
1783629216334 2651.0 235520
1783629217029 2653.0 237568
1783629217747 2655.0 239616
1783629218455 2656.0 241664
1783629219161 2658.0 243712
1783629219991 2657.0 245760
1783629220797 2656.0 247808
1783629221626 2654.0 249856
1783629222374 2655.0 251904
1783629223129 2655.0 253952
1783629223970 2653.0 256000
1783629224793 2652.0 258048
1783629225611 2651.0 260096
1783629226511 2647.0 262144
1783629227210 2649.0 264192
1783629227939 2650.0 266240
1783629228686 2651.0 268288
1783629229601 2647.0 270336
1783629230414 2646.0 272384
1783629231144 2647.0 274432
1783629231840 2649.0 276480
1783629232592 2650.0 278528
1783629233390 2649.0 280576
1783629234195 2648.0 282624
1783629234930 2649.0 284672
1783629235649 2651.0 286720
1783629236436 2650.0 288768
1783629237272 2649.0 290816
1783629238125 2647.0 292864
1783629238944 2646.0 294912
1783629239755 2645.0 296960
1783629240567 2644.0 299008
1783629241394 2643.0 301056
1783629242207 2642.0 303104
1783629243011 2641.0 305152
1783629243834 2640.0 307200
1783629244522 2642.0 309248
1783629245330 2641.0 311296
1783629246112 2641.0 313344
1783629246815 2643.0 315392
1783629247536 2644.0 317440
1783629248227 2646.0 319488
1783629249066 2644.0 321536
1783629249878 2644.0 323584
1783629250667 2643.0 325632
1783629251361 2645.0 327680
1783629252155 2645.0 329728
1783629252899 2645.0 331776
1783629253722 2644.0 333824
1783629254507 2644.0 335872
1783629255218 2645.0 337920
1783629255990 2645.0 339968
1783629256799 2645.0 342016
1783629257542 2645.0 344064
1783629258307 2645.0 346112
1783629259123 2645.0 348160
1783629259910 2644.0 350208
1783629260693 2644.0 352256
1783629261486 2644.0 354304
1783629262319 2643.0 356352
1783629263008 2644.0 358400
1783629263705 2646.0 360448
1783629264431 2647.0 362496
1783629265319 2645.0 364544
1783629266113 2644.0 366592
1783629266850 2645.0 368640
1783629267646 2644.0 370688
1783629268322 2646.0 372736
1783629269100 2646.0 374784
1783629269940 2645.0 376832
1783629270761 2644.0 378880
1783629271572 2643.0 380928
1783629272388 2643.0 382976
1783629273216 2642.0 385024
1783629273961 2642.0 387072
1783629274657 2644.0 389120
1783629275416 2644.0 391168
1783629276222 2643.0 393216
1783629277004 2643.0 395264
1783629277892 2641.0 397312
1783629278714 2640.0 399360
1783629279410 2642.0 401408
1783629280150 2642.0 403456
1783629280849 2644.0 405504
1783629281603 2644.0 407552
1783629282320 2645.0 409600
1783629283078 2645.0 411648
1783629283897 2645.0 413696
1783629284685 2644.0 415744
1783629285395 2645.0 417792
1783629286176 2645.0 419840
1783629287009 2644.0 421888
1783629287704 2646.0 423936
1783629288438 2646.0 425984
1783629289224 2646.0 428032
1783629290016 2646.0 430080
1783629290799 2646.0 432128
1783629291610 2645.0 434176
1783629292308 2646.0 436224
1783629293098 2646.0 438272
1783629293908 2645.0 440320
1783629294746 2644.0 442368
1783629295515 2645.0 444416
1783629296300 2644.0 446464
1783629297100 2644.0 448512
1783629297888 2644.0 450560
1783629298660 2644.0 452608
1783629299398 2644.0 454656
1783629300189 2644.0 456704
1783629301026 2643.0 458752
1783629301760 2644.0 460800
1783629302574 2643.0 462848
1783629303347 2643.0 464896
1783629304140 2643.0 466944
1783629304881 2643.0 468992
1783629305686 2643.0 471040
1783629306502 2642.0 473088
1783629307321 2642.0 475136
1783629308134 2641.0 477184
1783629308981 2640.0 479232
1783629309707 2641.0 481280
1783629310478 2641.0 483328
1783629311313 2640.0 485376
1783629312076 2640.0 487424
1783629312796 2641.0 489472
1783629313624 2640.0 491520
1783629314450 2640.0 493568
1783629315161 2640.0 495616
1783629315944 2640.0 497664
1783629316734 2640.0 499712
1783629316923 2639.0 500000
