1783629128288 -0.0035171341805835254 2048
1783629129144 -0.0004889132178504951 4096
1783629129989 -0.0028883668965136167 6144
1783629130684 -0.002121125056874007 8192
1783629131372 -0.002749992156168446 10240
1783629132171 -0.001523153576272307 12288
1783629132946 -0.006718586071656318 14336
1783629133749 -0.006618932133278577 16384
1783629134538 -0.0024947938582045026 18432
1783629135344 -0.004336846835940378 20480
1783629136151 -0.005337395155947888 22528
1783629136962 -0.004330940129875671 24576
1783629137654 -0.004759400242619449 26624
1783629138402 -0.006943594140466303 28672
1783629139195 -0.0026803309247043217 30720
1783629139906 -0.005434704478830099 32768
1783629140642 -0.003578653424483491 34816
1783629141477 -0.0017090591372834751 36864
1783629142218 -0.003548193970345892 38912
1783629143023 -0.002278313042552327 40960
1783629143842 -0.007237743313453393 43008
1783629144553 -0.005118325127114076 45056
1783629145291 -0.004098556382814422 47104
1783629146213 -0.0024641268792038318 49152
1783629147071 -0.0005275935600366211 51200
1783629147882 -0.0033570430150575703 53248
1783629148623 -0.0029335072940739337 55296
1783629149437 -0.0016567482889513485 57344
1783629150261 -0.008522944028300117 59392
1783629151135 -0.001381560639856616 61440
1783629151947 -0.005415295906459505 63488
1783629152662 -0.0015510374214500189 65536
1783629153397 -0.0031289732578443363 67584
1783629154224 -0.004044784984216676 69632
1783629154978 -0.002522903243516339 71680
1783629155796 -0.00545384415454464 73728
1783629156591 -0.002982281506774598 75776
1783629157384 -0.004577854846502305 77824
1783629158146 -0.001975767971089226 79872
1783629158960 -0.00657153122665477 81920
1783629159705 -0.014846265043161111 83968
1783629160432 -0.0007793867489453987 86016
1783629161288 -0.0049593926160014234 88064
1783629162015 -0.0022215149001567625 90112
1783629162760 -0.006258274323045043 92160
1783629163602 -0.004612432852809434 94208
1783629164286 -0.0008921907829062548 96256
1783629164969 -0.0030094393714534817 98304
1783629165802 -0.007513551681768149 100352
1783629166648 -0.0017901671963045374 102400
1783629167485 -0.00332660890671832 104448
1783629168303 -0.0005938777394476347 106496
1783629169015 -0.001633123254578095 108544
1783629169805 -0.004569386950606713 110592
1783629170633 -0.004039509149151854 112640
1783629171393 -0.003560903731340659 114688
1783629172218 -0.004846820858801948 116736
1783629173018 -0.0023201073745440226 118784
1783629173733 -0.0005340216594049707 120832
1783629174474 -0.004738743098641862 122880
1783629175258 -0.0033108768257079646 124928
1783629176032 -0.006374403801601147 126976
1783629176808 -0.005245493579423055 129024
1783629177603 -0.0019616411191236693 131072
1783629178322 -0.001892079188110074 133120
1783629179012 -0.0036701001299661584 135168
1783629179848 -0.0021556666288233828 137216
1783629180560 -0.002002076569624478 139264
1783629181316 -0.00410932185332058 141312
1783629182059 -0.0032355601870222017 143360
1783629182845 -0.0006403079751180485 145408
1783629183530 -0.004007344898127485 147456
1783629184220 -0.00010502490840735845 149504
1783629185009 -0.0014440976046898868 151552
1783629185703 -0.004237824845404248 153600
1783629186393 -0.002062356303213164 155648
1783629187200 -0.004375978387543 157696
1783629187957 -0.0012286140972719295 159744
1783629188626 -0.0024994378036353737 161792
1783629189405 -0.0022743680883650086 163840
1783629190183 -0.00025294453735114075 165888
1783629190974 -0.0019350262919033412 167936
1783629191781 -0.003456524598732358 169984
1783629192500 -3.444558387855068e-06 172032
1783629193182 -0.002119186667187023 174080
1783629193860 -0.0010003768547903746 176128
1783629194578 -0.001088982802684768 178176
1783629195398 -0.002090371915983269 180224
1783629196180 -0.00033053521110559814 182272
1783629197003 0.0002886016695811122 184320
1783629197881 -0.00023345543922914658 186368
1783629198621 -0.0015269427185558015 188416
1783629199345 -0.0015319430822273716 190464
1783629200097 -0.0015670457296437235 192512
1783629200896 -0.0008727902604732662 194560
1783629201605 -0.003887513437803136 196608
1783629202411 -0.0026707764372986276 198656
1783629203149 -0.002498901450962876 200704
1783629203843 -0.0009053587891685311 202752
1783629204648 -0.0003471630407148041 204800
1783629205329 -0.0010665201516530942 206848
1783629206074 -0.0047387585473188665 208896
1783629206878 -0.002102141392242629 210944
1783629207656 -0.0016290715902869124 212992
1783629208555 -0.000690543540258659 215040
1783629209455 0.00037596998572553275 217088
1783629210258 -0.0011863269455716363 219136
1783629211078 -0.0010869616853597108 221184
1783629211874 -0.0019826741663564462 223232
1783629212618 -0.0020059534781466937 225280
1783629213424 -0.0013801679415337276 227328
1783629214108 -0.00277692263625795 229376
1783629214815 -0.0006237190063984599 231424
1783629215534 -0.0011483240687084617 233472
1783629216334 -0.002269685261126142 235520
1783629217029 -0.00301723644224694 237568
1783629217747 -0.0022786148183513433 239616
1783629218455 -0.0016820042965264292 241664
1783629219161 -0.0010553603187872795 243712
1783629219991 -0.0010380861695011845 245760
1783629220797 0.0003908152139047161 247808
1783629221626 -0.001602158716195845 249856
1783629222374 -0.0010463000890013063 251904
1783629223129 -0.0004463364102775813 253952
1783629223970 -0.0022465624497272074 256000
1783629224793 -0.0030944694499339676 258048
1783629225611 -0.0036284720845287666 260096
1783629226511 -0.0033818512347352225 262144
1783629227210 1.936493572429754e-05 264192
1783629227939 -0.0008875221956259338 266240
1783629228686 -0.002846088367732591 268288
1783629229601 -0.0017747093916113954 270336
1783629230414 -0.0008842999886837788 272384
1783629231144 -0.0015688548683101544 274432
1783629231840 -0.004123349899600726 276480
1783629232592 -0.0019371343187231105 278528
1783629233390 -0.0008083923912636237 280576
1783629234195 -0.0014047883960301988 282624
1783629234930 -0.0005873529344171402 284672
1783629235649 -0.003680196494315169 286720
1783629236436 -0.00019425753544055624 288768
1783629237272 7.385545995930443e-05 290816
1783629238125 -0.00033666961644485127 292864
1783629238944 -0.004697806187323295 294912
1783629239755 0.0011578954981814604 296960
1783629240567 -0.0016594528151472332 299008
1783629241394 -0.004255116409694892 301056
1783629242207 -0.0008207829177990789 303104
1783629243011 -0.0020031650565215386 305152
1783629243834 -0.002362449002248468 307200
1783629244522 -0.001230391859280644 309248
1783629245330 -0.0005960656271781772 311296
1783629246112 -0.0031904782244964736 313344
1783629246815 -0.0022332514490699396 315392
1783629247536 -9.344204227090813e-05 317440
1783629248227 -0.0009522390018901206 319488
1783629249066 -0.000985102538834326 321536
1783629249878 -0.00013468360339174978 323584
1783629250667 -0.0026100876748387236 325632
1783629251361 -0.001468239153837203 327680
1783629252155 -2.459890856698621e-05 329728
1783629252899 -0.0016766391308919992 331776
1783629253722 -0.0039944437448866665 333824
1783629254507 -0.002420977187284734 335872
1783629255218 -0.0007042100824037334 337920
1783629255990 -0.0019496156473906012 339968
1783629256799 -0.0014863668902762583 342016
1783629257542 0.0019198082482034806 344064
1783629258307 -0.0008835695043671876 346112
1783629259123 -0.002130867142113857 348160
1783629259910 -0.0002946278182207607 350208
1783629260693 -0.0023773663997417316 352256
1783629261486 -0.00011574931340874173 354304
1783629262319 -0.0018530738070694497 356352
1783629263008 -0.002616235424284241 358400
1783629263705 -0.0034738308258965844 360448
1783629264431 -0.0007978109924806631 362496
1783629265319 -0.00043503916458575986 364544
1783629266113 -0.0035983495490654605 366592
1783629266850 -0.004000922790510231 368640
1783629267646 8.76038357091602e-05 370688
1783629268322 -0.0015175674725469435 372736
1783629269100 -0.000989617456070846 374784
1783629269940 -0.0013362861791392788 376832
1783629270761 -0.0016161548992386088 378880
1783629271572 -0.0011257724454480922 380928
1783629272388 -0.001494972894761304 382976
1783629273216 -0.00014733223542862106 385024
1783629273961 -0.00027313813188811764 387072
1783629274657 -0.0012519502433860907 389120
1783629275416 -0.002116349411153351 391168
1783629276222 -0.0016144972323672846 393216
1783629277004 -0.001391051020618761 395264
1783629277892 -0.00191319433542958 397312
1783629278714 -0.0009036089741130127 399360
1783629279410 -0.0016877084144653054 401408
1783629280150 -0.0008714743489690591 403456
1783629280849 -0.0032798080228531035 405504
1783629281603 -0.0014029368885530857 407552
1783629282320 -0.0015800399269210175 409600
1783629283078 -0.0008137749937304761 411648
1783629283897 -0.0060666748649964575 413696
1783629284685 -0.0027496645216160687 415744
1783629285395 -0.0007398810012091417 417792
1783629286176 -0.0010124386935785878 419840
1783629287009 -0.001038311989759677 421888
1783629287704 -0.0002640438615344465 423936
1783629288438 -0.0007144957335185609 425984
1783629289224 -0.002822784081217833 428032
1783629290016 -0.0003545417985151289 430080
1783629290799 -0.0009537072946841363 432128
1783629291610 6.449567081290297e-05 434176
1783629292308 -0.0013881169288652018 436224
1783629293098 -0.003452460870903451 438272
1783629293908 -0.002113317342264054 440320
1783629294746 -0.0038907132438907865 442368
1783629295515 -0.00041019130821950966 444416
1783629296300 -0.0019766846035054186 446464
1783629297100 -0.0006285983058660349 448512
1783629297888 -0.0019268294308858458 450560
1783629298660 -0.0030722109513590112 452608
1783629299398 -0.0009018310120154638 454656
1783629300189 -0.0018873824774345849 456704
1783629301026 -0.0005104006959300023 458752
1783629301760 -0.0006784680826967815 460800
1783629302574 -0.003212446412362624 462848
1783629303347 -0.0008499253781337757 464896
1783629304140 0.00010135773118236102 466944
1783629304881 -0.0016763287312642206 468992
1783629305686 -0.0012317330292717088 471040
1783629306502 -0.0010739103627201985 473088
1783629307321 -0.00026218128277832875 475136
1783629308134 -0.00047330313827842474 477184
1783629308981 -0.0013710828388866503 479232
1783629309707 -0.002759650219559262 481280
1783629310478 -0.0003662731251097284 483328
1783629311313 0.0007236131691570336 485376
1783629312076 -0.0007166688642428198 487424
1783629312796 -8.05940835562069e-05 489472
1783629313624 -0.0016202311453525908 491520
1783629314450 -0.0007807089023117442 493568
1783629315161 -0.0001626238281460246 495616
1783629315944 -0.0018180261868110392 497664
1783629316734 -0.001277166033105459 499712
1783629316923 -0.0013766912976279854 500000
