1783629128288 942.0857830047607 2048
1783629129144 544.816025018692 4096
1783629129989 1073.5811309814453 6144
1783629130684 409.1238704919815 8192
1783629131372 347.82349848747253 10240
1783629132171 318.0952875614166 12288
1783629132946 440.37042915821075 14336
1783629133749 537.4722200632095 16384
1783629134538 349.2182675600052 18432
1783629135344 223.13167077302933 20480
1783629136151 230.43992215394974 22528
1783629136962 204.60855507850647 24576
1783629137654 177.68538808822632 26624
1783629138402 205.3775594830513 28672
1783629139195 185.02029716968536 30720
1783629139906 269.4610946774483 32768
1783629140642 150.9666160941124 34816
1783629141477 139.4767672419548 36864
1783629142218 128.38582250475883 38912
1783629143023 228.2634608745575 40960
1783629143842 113.78628000617027 43008
1783629144553 67.61119557917118 45056
1783629145291 210.3180678486824 47104
1783629146213 118.58810690045357 49152
1783629147071 105.39739747345448 51200
1783629147882 69.980215549469 53248
1783629148623 177.05017453432083 55296
1783629149437 69.85854804515839 57344
1783629150261 92.7452002465725 59392
1783629151135 183.84341323375702 61440
1783629151947 108.37979033589363 63488
1783629152662 97.22098642587662 65536
1783629153397 123.18700930476189 67584
1783629154224 42.27422063052654 69632
1783629154978 63.083714693784714 71680
1783629155796 39.76440993696451 73728
1783629156591 84.75635854899883 75776
1783629157384 37.45121294260025 77824
1783629158146 26.82298244535923 79872
1783629158960 35.04072054475546 81920
1783629159705 82.29034228622913 83968
1783629160432 158.77079844474792 86016
1783629161288 83.42773093283176 88064
1783629162015 46.31883007287979 90112
1783629162760 60.37234425544739 92160
1783629163602 36.47813072800636 94208
1783629164286 55.11536782979965 96256
1783629164969 51.70509675890207 98304
1783629165802 43.17407739907503 100352
1783629166648 15.99934495985508 102400
1783629167485 102.77291567623615 104448
1783629168303 35.27840664982796 106496
1783629169015 39.87258775904775 108544
1783629169805 14.916762724518776 110592
1783629170633 33.84882532060146 112640
1783629171393 13.907421544194221 114688
1783629172218 14.628725580871105 116736
1783629173018 9.676734454929829 118784
1783629173733 11.526600658893585 120832
1783629174474 40.85418580472469 122880
1783629175258 15.015733767300844 124928
1783629176032 14.452319324016571 126976
1783629176808 9.280681312084198 129024
1783629177603 12.726039920002222 131072
1783629178322 9.916054930537939 133120
1783629179012 6.23534288816154 135168
1783629179848 6.166376244276762 137216
1783629180560 34.504019279032946 139264
1783629181316 6.985919274389744 141312
1783629182059 10.490882992744446 143360
1783629182845 23.172867070883512 145408
1783629183530 8.369080545380712 147456
1783629184220 7.858110485598445 149504
1783629185009 11.377138212323189 151552
1783629185703 22.74357838742435 153600
1783629186393 28.603949047625065 155648
1783629187200 7.1454533860087395 157696
1783629187957 5.7073813658207655 159744
1783629188626 6.882468586787581 161792
1783629189405 42.230658281594515 163840
1783629190183 25.965917581692338 165888
1783629190974 7.241021025925875 167936
1783629191781 5.43316534627229 169984
1783629192500 8.537731567397714 172032
1783629193182 24.806832190603018 174080
1783629193860 34.382164511829615 176128
1783629194578 36.6556471567601 178176
1783629195398 5.907452084124088 180224
1783629196180 42.96601028367877 182272
1783629197003 31.631163325160742 184320
1783629197881 64.14830363169312 186368
1783629198621 23.552131965756416 188416
1783629199345 31.868251714855433 190464
1783629200097 61.63162501528859 192512
1783629200896 40.717917596921325 194560
1783629201605 36.60739398561418 196608
1783629202411 11.465820208191872 198656
1783629203149 36.29230396822095 200704
1783629203843 67.0447091832757 202752
1783629204648 41.41492587327957 204800
1783629205329 24.44872404448688 206848
1783629206074 55.27985956519842 208896
1783629206878 31.169532988220453 210944
1783629207656 59.160686794668436 212992
1783629208555 29.362835559993982 215040
1783629209455 21.38491022773087 217088
1783629210258 97.27433156222105 219136
1783629211078 25.232787996530533 221184
1783629211874 55.9268185980618 223232
1783629212618 9.893159460276365 225280
1783629213424 63.73650623112917 227328
1783629214108 61.8621024414897 229376
1783629214815 50.18316683918238 231424
1783629215534 45.643633380532265 233472
1783629216334 48.92396788671613 235520
1783629217029 53.210164446383715 237568
1783629217747 63.05086226761341 239616
1783629218455 24.933946631848812 241664
1783629219161 85.46566312760115 243712
1783629219991 57.103886576369405 245760
1783629220797 22.523797458037734 247808
1783629221626 29.53184400498867 249856
1783629222374 41.68227391317487 251904
1783629223129 25.805562494322658 253952
1783629223970 21.38907442614436 256000
1783629224793 23.658393064513803 258048
1783629225611 41.62060342542827 260096
1783629226511 53.44750188663602 262144
1783629227210 22.130991907790303 264192
1783629227939 67.11824725568295 266240
1783629228686 24.452263839542866 268288
1783629229601 84.39537557587028 270336
1783629230414 60.03290828689933 272384
1783629231144 65.55219943448901 274432
1783629231840 21.757207123562694 276480
1783629232592 41.87048077583313 278528
1783629233390 4.205658661201596 280576
1783629234195 30.325403828173876 282624
1783629234930 61.10168735682964 284672
1783629235649 55.72974785417318 286720
1783629236436 31.82042053900659 288768
1783629237272 101.81360989809036 290816
1783629238125 123.52702336758375 292864
1783629238944 38.73487080261111 294912
1783629239755 21.949110889807343 296960
1783629240567 87.65227577835321 299008
1783629241394 54.54003748297691 301056
1783629242207 69.77014379575849 303104
1783629243011 46.281932627782226 305152
1783629243834 15.423650432378054 307200
1783629244522 43.34646691381931 309248
1783629245330 26.494969476014376 311296
1783629246112 33.22632172331214 313344
1783629246815 33.77991710603237 315392
1783629247536 27.924572870135307 317440
1783629248227 63.560263972729445 319488
1783629249066 57.3548714928329 321536
1783629249878 57.427163334563375 323584
1783629250667 78.43864769116044 325632
1783629251361 73.5018484480679 327680
1783629252155 83.18740554153919 329728
1783629252899 38.2124061062932 331776
1783629253722 133.99227099120617 333824
1783629254507 76.02164803817868 335872
1783629255218 66.62270785495639 337920
1783629255990 61.56240074709058 339968
1783629256799 103.5152112133801 342016
1783629257542 68.86933112516999 344064
1783629258307 47.096604868769646 346112
1783629259123 120.11458990722895 348160
1783629259910 59.91523281484842 350208
1783629260693 43.34018091112375 352256
1783629261486 55.15158240869641 354304
1783629262319 152.41387528181076 356352
1783629263008 80.18862625956535 358400
1783629263705 121.32478623092175 360448
1783629264431 68.56859666109085 362496
1783629265319 55.3568927384913 364544
1783629266113 98.29707060009241 366592
1783629266850 91.17242829501629 368640
1783629267646 51.01801901310682 370688
1783629268322 60.73052139207721 372736
1783629269100 31.89345532655716 374784
1783629269940 87.70462721213698 376832
1783629270761 38.67478094249964 378880
1783629271572 94.20148415118456 380928
1783629272388 66.2336790971458 382976
1783629273216 62.442115381360054 385024
1783629273961 68.80727876350284 387072
1783629274657 71.54227959364653 389120
1783629275416 62.99782308936119 391168
1783629276222 29.100953424349427 393216
1783629277004 89.42743561789393 395264
1783629277892 75.81056363508105 397312
1783629278714 65.81756703928113 399360
1783629279410 37.24884386360645 401408
1783629280150 57.406247831881046 403456
1783629280849 75.5117468945682 405504
1783629281603 33.26494746282697 407552
1783629282320 23.85806743428111 409600
1783629283078 15.99273100309074 411648
1783629283897 28.15202571079135 413696
1783629284685 73.44346399232745 415744
1783629285395 58.18703622370958 417792
1783629286176 84.03569603338838 419840
1783629287009 64.17783545330167 421888
1783629287704 59.19932825118303 423936
1783629288438 70.65128014236689 425984
1783629289224 79.75839657709002 428032
1783629290016 46.56655705347657 430080
1783629290799 66.51139141991735 432128
1783629291610 43.845114164054394 434176
1783629292308 81.97591488063335 436224
1783629293098 61.81800380721688 438272
1783629293908 64.09628117084503 440320
1783629294746 68.8585101775825 442368
1783629295515 44.39797076955438 444416
1783629296300 69.1398427337408 446464
1783629297100 55.44629650935531 448512
1783629297888 115.19066448509693 450560
1783629298660 65.47535341978073 452608
1783629299398 106.49238093942404 454656
1783629300189 47.45831720530987 456704
1783629301026 44.52430009841919 458752
1783629301760 89.37342797219753 460800
1783629302574 48.056254625320435 462848
1783629303347 40.25625656917691 464896
1783629304140 106.99220754951239 466944
1783629304881 45.51975943893194 468992
1783629305686 91.64502159506083 471040
1783629306502 58.001814778894186 473088
1783629307321 98.07006612792611 475136
1783629308134 37.53879635035992 477184
1783629308981 86.78576345741749 479232
1783629309707 88.43103791028261 481280
1783629310478 75.9748710244894 483328
1783629311313 63.107758451253176 485376
1783629312076 72.51140612363815 487424
1783629312796 52.811636216938496 489472
1783629313624 47.77313198521733 491520
1783629314450 25.84662363305688 493568
1783629315161 60.03741756081581 495616
1783629315944 137.6080922111869 497664
1783629316734 57.45068087056279 499712
1783629316923 22.0628560423851 500000
