1783629128288 1884.2063360214233 2048
1783629129144 1089.6607365608215 4096
1783629129989 2147.1956701278687 6144
1783629130684 818.2795553207397 8192
1783629131372 695.6800007820129 10240
1783629132171 636.220912694931 12288
1783629132946 880.7812490463257 14336
1783629133749 1074.984572172165 16384
1783629134538 698.468056678772 18432
1783629135344 446.298411488533 20480
1783629136151 460.91662991046906 22528
1783629136962 409.2505805492401 24576
1783629137654 355.4048761129379 26624
1783629138402 410.7938040494919 28672
1783629139195 370.07142186164856 30720
1783629139906 538.9562828540802 32768
1783629140642 301.96362042427063 34816
1783629141477 278.98138988018036 36864
1783629142218 256.8026386499405 38912
1783629143023 456.55380749702454 40960
1783629143842 227.60966050624847 43008
1783629144553 135.25771233439445 45056
1783629145291 420.6658650636673 47104
1783629146213 237.20465457439423 49152
1783629147071 210.8195042014122 51200
1783629147882 139.99180594086647 53248
1783629148623 354.12844836711884 55296
1783629149437 139.74442449212074 57344
1783629150261 185.53238579630852 59392
1783629151135 367.71091520786285 61440
1783629151947 216.79271960258484 63488
1783629152662 194.4680312871933 65536
1783629153397 246.4016454219818 67584
1783629154224 84.58077365159988 69632
1783629154978 126.19493234157562 71680
1783629155796 79.56254291534424 73728
1783629156591 169.5414412021637 75776
1783629157384 74.93383115530014 77824
1783629158146 53.672786861658096 79872
1783629158960 70.11555296182632 81920
1783629159705 164.63228765130043 83968
1783629160432 317.5647985339165 86016
1783629161288 166.88331496715546 88064
1783629162015 92.66282732784748 90112
1783629162760 120.77692154049873 92160
1783629163602 72.98367741703987 94208
1783629164286 110.25296401977539 96256
1783629164969 103.4361045062542 98304
1783629165802 86.38362361490726 100352
1783629166648 32.02252756804228 102400
1783629167485 205.57266747951508 104448
1783629168303 70.57848715782166 106496
1783629169015 79.76986441016197 108544
1783629169805 29.862558752298355 110592
1783629170633 67.72759011387825 112640
1783629171393 27.841926768422127 114688
1783629172218 29.287742994725704 116736
1783629173018 19.378009669482708 118784
1783629173733 23.07486090809107 120832
1783629174474 81.7379874587059 122880
1783629175258 30.05918762087822 124928
1783629176032 28.937398299574852 126976
1783629176808 18.591640576720238 129024
1783629177603 25.475895442068577 131072
1783629178322 19.856180265545845 133120
1783629179012 12.498612213879824 135168
1783629179848 12.358712751418352 137216
1783629180560 69.03205744177103 139264
1783629181316 13.998792849481106 141312
1783629182059 21.00866238027811 143360
1783629182845 46.36699778959155 145408
1783629183530 16.764892004430294 147456
1783629184220 15.73563164845109 149504
1783629185009 22.777042850852013 151552
1783629185703 45.515500742942095 153600
1783629186393 57.23101718351245 155648
1783629187200 14.319604806602001 157696
1783629187957 11.437015306204557 159744
1783629188626 13.79034961014986 161792
1783629189405 84.48476298898458 163840
1783629190183 51.951995853334665 165888
1783629190974 14.505932593718171 167936
1783629191781 10.89413377456367 169984
1783629192500 17.093992728739977 172032
1783629193182 49.635927334427834 174080
1783629193860 68.7862662859261 176128
1783629194578 73.33352544158697 178176
1783629195398 11.838812686502934 180224
1783629196180 85.95213707536459 182272
1783629197003 63.280438121408224 184320
1783629197881 128.3160325884819 186368
1783629198621 47.12446280568838 188416
1783629199345 63.757045678794384 190464
1783629200097 123.28263558447361 192512
1783629200896 81.45646383240819 194560
1783629201605 73.2422439455986 196608
1783629202411 22.955546014010906 198656
1783629203149 72.60992846637964 200704
1783629203843 134.11046225577593 202752
1783629204648 82.85096879303455 204800
1783629205329 48.91813247650862 206848
1783629206074 110.58661763370037 208896
1783629206878 62.36185397207737 210944
1783629207656 118.34411984682083 212992
1783629208555 58.74317958205938 215040
1783629209455 42.787355586886406 217088
1783629210258 194.5685919523239 219136
1783629211078 50.48670896142721 221184
1783629211874 111.8762679323554 223232
1783629212618 19.8081315420568 225280
1783629213424 127.49303109943867 227328
1783629214108 123.74755566567183 229376
1783629214815 100.38522651791573 231424
1783629215534 91.30774092674255 233472
1783629216334 97.87018806487322 235520
1783629217029 106.4438371360302 237568
1783629217747 126.12340622395277 239616
1783629218455 49.88950088992715 241664
1783629219161 170.9529360383749 243712
1783629219991 114.22705687209964 245760
1783629220797 45.06605679914355 247808
1783629221626 59.08466190099716 249856
1783629222374 83.38395241647959 251904
1783629223129 51.62829042971134 253952
1783629223970 42.799703150987625 256000
1783629224793 47.34140528738499 258048
1783629225611 83.26744382455945 260096
1783629226511 106.9209756553173 262144
1783629227210 44.279098235070705 264192
1783629227939 134.25657015293837 266240
1783629228686 48.92834973335266 268288
1783629229601 168.81216008216143 270336
1783629230414 120.08621089160442 272384
1783629231144 131.12510093301535 274432
1783629231840 43.54119125008583 276480
1783629232592 83.76109211146832 278528
1783629233390 8.43087326362729 280576
1783629234195 60.67141493409872 282624
1783629234930 122.2227735966444 284672
1783629235649 111.4845609292388 286720
1783629236436 63.658098224550486 288768
1783629237272 203.64391592144966 290816
1783629238125 247.07297411561012 292864
1783629238944 77.49545581638813 294912
1783629239755 43.91389040276408 296960
1783629240567 175.32617967575788 299008
1783629241394 109.10469065606594 301056
1783629242207 139.56047774851322 303104
1783629243011 92.58611743152142 305152
1783629243834 30.869031369686127 307200
1783629244522 86.71238487958908 309248
1783629245330 53.00809978693724 311296
1783629246112 66.4768017232418 313344
1783629246815 67.58065936714411 315392
1783629247536 55.86675291508436 317440
1783629248227 127.13935427367687 319488
1783629249066 114.72951036691666 321536
1783629249878 114.87178916111588 323584
1783629250667 156.897942148149 325632
1783629251361 147.023904658854 327680
1783629252155 166.39109008014202 329728
1783629252899 76.44571426510811 331776
1783629253722 268.0097117424011 333824
1783629254507 152.0651059895754 335872
1783629255218 133.26253797113895 337920
1783629255990 123.14350009709597 339968
1783629256799 207.05143496394157 342016
1783629257542 137.7537334561348 344064
1783629258307 94.21250614523888 346112
1783629259123 240.24987280368805 348160
1783629259910 119.84737226366997 350208
1783629260693 86.70020430535078 352256
1783629261486 110.3185717985034 354304
1783629262319 304.8485803902149 356352
1783629263008 160.3996825441718 358400
1783629263705 242.67449901998043 360448
1783629264431 137.15671261399984 362496
1783629265319 110.73181676119566 364544
1783629266113 196.6170322149992 366592
1783629266850 182.36953098326921 368640
1783629267646 102.05111825466156 370688
1783629268322 121.48074688017368 372736
1783629269100 63.80583307147026 374784
1783629269940 175.42835629731417 376832
1783629270761 77.36834385246038 378880
1783629271572 188.42303505539894 380928
1783629272388 132.48604010045528 382976
1783629273216 124.89901215583086 385024
1783629273961 137.63286544382572 387072
1783629274657 143.1033555045724 389120
1783629275416 126.01852908730507 391168
1783629276222 58.22190007939935 393216
1783629277004 178.8749885559082 395264
1783629277892 151.64221826940775 397312
1783629278714 131.6523253917694 399360
1783629279410 74.51933649927378 401408
1783629280150 114.83243132382631 403456
1783629280849 151.04705333709717 405504
1783629281603 66.54874616861343 407552
1783629282320 47.73597854375839 409600
1783629283078 32.00320451334119 411648
1783629283897 56.33328827470541 413696
1783629284685 146.90979240089655 415744
1783629285395 116.39392821490765 417792
1783629286176 168.09148962050676 419840
1783629287009 128.3751968666911 421888
1783629287704 118.41700547933578 423936
1783629288438 141.32231210917234 425984
1783629289224 159.5399426072836 428032
1783629290016 93.15068688988686 430080
1783629290799 133.0409301444888 432128
1783629291610 87.7067263647914 434176
1783629292308 163.9709469974041 436224
1783629293098 123.6602182239294 438272
1783629293908 128.21381590515375 440320
1783629294746 137.74222280830145 442368
1783629295515 88.81321934610605 444416
1783629296300 138.3008187711239 446464
1783629297100 110.9115047454834 448512
1783629297888 230.40272462368011 450560
1783629298660 130.97448693960905 452608
1783629299398 213.0021488070488 454656
1783629300189 94.93766935169697 456704
1783629301026 89.06909829378128 458752
1783629301760 178.7658744007349 460800
1783629302574 96.1362396851182 462848
1783629303347 80.5312232375145 464896
1783629304140 213.99894024431705 466944
1783629304881 91.05845019221306 468992
1783629305686 183.30725958943367 471040
1783629306502 116.02242767810822 473088
1783629307321 196.15759381651878 475136
1783629308134 75.09275791049004 477184
1783629308981 173.59085273742676 479232
1783629309707 176.88396686315536 481280
1783629310478 151.96851833164692 483328
1783629311313 126.2300482019782 485376
1783629312076 145.038924112916 487424
1783629312796 105.63919162750244 489472
1783629313624 95.56586948037148 491520
1783629314450 51.71241137385368 493568
1783629315161 120.08943974971771 495616
1783629315944 275.2365079820156 497664
1783629316734 114.91846849024296 499712
1783629316923 44.145849442481996 500000
