1783692285307 1.3850593008100986 2048
1783692293000 1.3826147094368935 4096
1783692300940 1.3715457152575254 6144
1783692308645 1.3732059421017766 8192
1783692316923 1.361075178720057 10240
1783692325492 1.3505438333377242 12288
1783692333763 1.3377412157133222 14336
1783692341972 1.3349648527801037 16384
1783692349894 1.317860939539969 18432
1783692358153 1.2912117885425687 20480
1783692366265 1.2921059122309089 22528
1783692369520 1.2695177160203457 24576
1783692370522 1.2648155018687248 26624
1783692371516 1.2683624001219869 28672
1783692372681 1.2624942576512694 30720
1783692373967 1.2720277542248368 32768
1783692375194 1.1831440646201372 34816
1783692376405 1.1724839890375733 36864
1783692377635 1.2105610510334373 38912
1783692380669 1.1733476324006915 40960
1783692386512 1.2499006232246757 43008
1783692394006 1.1669507855549455 45056
1783692402094 1.1889688894152641 47104
1783692410349 1.2262222561985254 49152
1783692418178 1.167601827532053 51200
1783692426706 1.1186471981927752 53248
1783692434853 1.098257469944656 55296
1783692443282 1.154441861435771 57344
1783692451626 1.0752428779378533 59392
1783692455981 1.12350953835994 61440
1783692457057 1.0491867838427424 63488
1783692458032 1.071172021329403 65536
1783692459110 1.0777497868984938 67584
1783692460633 0.9863288728520274 69632
1783692467696 1.1367383236065507 71680
1783692472999 1.181036981754005 73728
1783692481527 1.064340541139245 75776
1783692489736 1.0712142866104841 77824
1783692498270 1.091059872880578 79872
1783692507004 1.0932742739096284 81920
1783692515600 1.0934828156605363 83968
1783692523854 1.0913684405386448 86016
1783692532194 1.0506897326558828 88064
1783692540625 1.0399307305924594 90112
1783692548856 1.0523035498335958 92160
1783692557278 0.872483710758388 94208
1783692565602 0.9902657992206514 96256
1783692574324 0.957764754537493 98304
1783692582319 0.9432137059047818 100352
1783692590967 0.9443701081909239 102400
1783692596329 1.0654605594463646 104448
1783692597270 0.9697897555306554 106496
1783692598610 1.0102592296898365 108544
1783692599714 0.9746478325687349 110592
1783692600889 1.0831292839720845 112640
1783692607122 1.0324510405771434 114688
1783692612169 0.930921240709722 116736
1783692620131 1.003926804754883 118784
1783692628451 0.8258119518868625 120832
1783692636816 0.8752684462815523 122880
1783692645092 0.8610162297263741 124928
1783692653164 0.8944171303883195 126976
1783692661529 0.9185567181557417 129024
1783692669463 0.8359219571575522 131072
1783692677460 0.8747707917355001 133120
1783692685468 0.8596398863010108 135168
1783692693077 0.9252527789212763 137216
1783692701050 0.91645886329934 139264
1783692708644 0.8515230254270136 141312
1783692716677 0.962180694565177 143360
1783692724531 0.8426880105398595 145408
1783692732410 0.8877025162801147 147456
1783692740654 0.6737985406070948 149504
1783692748360 0.9219166319817305 151552
1783692756546 0.8779403436928988 153600
1783692764020 0.8563468055799603 155648
1783692772033 0.9463809905573726 157696
1783692779913 0.7726391199976206 159744
1783692788127 0.8813571464270353 161792
1783692796402 0.7943433704786003 163840
1783692804272 0.8855850961990654 165888
1783692812440 0.8088861950673163 167936
1783692820204 0.9724556864239275 169984
1783692828178 0.8413244099356234 172032
1783692836211 0.7571204067207873 174080
1783692844459 0.838819473516196 176128
1783692852620 0.8728120848536491 178176
1783692860378 0.8466115230694413 180224
1783692868154 0.8380547971464694 182272
1783692875780 0.8368030907586217 184320
1783692883421 0.8435648758895695 186368
1783692891433 0.7719693467952311 188416
1783692899004 0.8725846139714122 190464
1783692905479 0.838073265273124 192512
1783692913639 0.8893634807318449 194560
1783692922048 0.7980136447586119 196608
1783692930589 0.8325816676951945 198656
1783692938893 0.7810956006869674 200704
1783692947416 0.8663890650495887 202752
1783692955699 0.9010541727766395 204800
1783692964069 0.8848888287320733 206848
1783692972150 0.7848843154497445 208896
1783692980425 0.8224222376011312 210944
1783692981411 0.8931479584425688 212992
1783692984197 0.8049014937132597 215040
1783692990571 0.9052437809295952 217088
1783692998947 0.7973707932978868 219136
1783693007219 0.8574700020253658 221184
1783693015771 0.7800694759935141 223232
1783693023952 0.8554811868816614 225280
1783693032541 0.8326957253739238 227328
1783693041040 0.7171883690170944 229376
1783693049081 0.8484585108235478 231424
1783693057454 0.828544600866735 233472
1783693065797 0.8231445122510195 235520
1783693074261 0.8438640763051808 237568
1783693082317 0.7926358403638005 239616
1783693090795 0.752634041942656 241664
1783693099021 0.8636348824948072 243712
1783693107626 0.5822468409314752 245760
1783693116088 0.7630998925305903 247808
1783693123684 0.7907095476984978 249856
1783693132173 0.8235867139883339 251904
1783693140467 0.7234744541347027 253952
1783693148315 0.8555049663409591 256000
1783693156050 0.7154178791679442 258048
1783693164052 0.805141840595752 260096
1783693172232 0.6460765688680112 262144
1783693179855 0.8414573511108756 264192
1783693187785 0.8444014950655401 266240
1783693195544 0.8423042856156826 268288
1783693203630 0.833531423471868 270336
1783693211393 0.8553485106676817 272384
1783693218668 0.8214032403193414 274432
1783693226736 0.8039286895655096 276480
1783693234449 0.6813579816371202 278528
1783693242480 0.8083457490429282 280576
1783693250307 0.73368707485497 282624
1783693258373 0.8447309224866331 284672
1783693266491 0.7307657492347062 286720
1783693274457 0.8001813301816583 288768
1783693282848 0.7314699008129537 290816
1783693290958 0.7301151379942894 292864
1783693298743 0.7528235628269613 294912
1783693306559 0.8029867615550756 296960
1783693314726 0.8357913964428008 299008
1783693322721 0.8403586577624083 301056
1783693328932 0.6832729517482221 303104
1783693335996 0.7605354874394834 305152
1783693344279 0.789538795594126 307200
1783693352638 0.7018710533156991 309248
1783693360776 0.7728625582531095 311296
1783693368701 0.8787788785994053 313344
1783693377365 0.8192401872947812 315392
1783693385608 0.7682913481257856 317440
1783693394412 0.7915487000718713 319488
1783693402707 0.7930513177998364 321536
1783693411152 0.8687554881908 323584
1783693419513 0.8293359405361116 325632
1783693428288 0.7581305732019246 327680
1783693436013 0.7022236660122871 329728
1783693444123 0.8559189680963755 331776
1783693453073 0.8683833475224674 333824
1783693461757 0.8135391948744655 335872
1783693470582 0.8649981468915939 337920
1783693478554 0.706721318885684 339968
1783693486969 0.8205568832345307 342016
1783693495112 0.721015996299684 344064
1783693504008 0.8581557362340391 346112
1783693512358 0.7009627232328057 348160
1783693520661 0.8044094759970903 350208
1783693529462 0.749448352959007 352256
1783693537537 0.7984105702489614 354304
1783693546289 0.865634395275265 356352
1783693554279 0.8442724673077464 358400
1783693562725 0.85983961308375 360448
1783693570673 0.7708448995836079 362496
1783693578770 0.8377025462687016 364544
1783693586981 0.6668538311496377 366592
1783693595390 0.834277143701911 368640
1783693603766 0.8113621775992215 370688
1783693611846 0.8698549927212298 372736
1783693620321 0.8375060162506998 374784
1783693627853 0.7124758786521852 376832
1783693635755 0.8193568419665098 378880
1783693643677 0.7482626135461032 380928
1783693646018 0.951856276486069 382976
1783693650947 0.8831009548157454 385024
1783693658839 0.8672757796011865 387072
1783693666434 0.7912658359855413 389120
1783693672928 0.7905062772333622 391168
1783693680854 0.7922500092536211 393216
1783693688715 0.7575239767320454 395264
1783693696885 0.8559669102542102 397312
1783693704645 0.9186748336069286 399360
1783693712851 0.7451849533244967 401408
1783693720655 0.7784504918381572 403456
1783693728623 0.8245170302689075 405504
1783693736578 0.8686331678181887 407552
1783693744472 0.8643103605136275 409600
1783693752749 0.8721313835121691 411648
1783693760892 0.956471050158143 413696
1783693769272 0.9083339660428464 415744
1783693777192 0.6789747239090502 417792
1783693785598 0.7976615149527788 419840
1783693793665 0.7746417908929288 421888
1783693802018 0.8094378877431154 423936
1783693809994 0.9063207544386387 425984
1783693817950 0.8556858180090785 428032
1783693826128 0.8019482190720737 430080
1783693834078 0.8175118900835514 432128
1783693842181 0.8452946986071765 434176
1783693850118 0.8127750372514129 436224
1783693858319 0.8038929188624024 438272
1783693866506 0.7642300548031926 440320
1783693874798 0.8144948044791818 442368
1783693883289 0.8017174261622131 444416
1783693891474 0.8727579209953547 446464
1783693900009 0.7470176708884537 448512
1783693908230 0.8048994238488376 450560
1783693912868 0.7466092342510819 452608
1783693914464 0.8659749664366245 454656
1783693922018 0.7025021966546774 456704
1783693927194 0.8248600377701223 458752
1783693935865 0.72692701080814 460800
1783693943806 0.8093821792863309 462848
1783693952071 0.7873398722149432 464896
1783693960256 0.8553037978708744 466944
1783693968779 0.8162345876917243 468992
1783693977344 0.7009986727498472 471040
1783693985895 0.848920464515686 473088
1783693994509 0.7898690765723586 475136
1783694002633 0.6960380198433995 477184
1783694011180 0.7586870566010475 479232
1783694019182 0.7835147371515632 481280
1783694027858 0.8254525945521891 483328
1783694035660 0.7236632937565446 485376
1783694044007 0.7610101257450879 487424
1783694052166 0.8287878734990954 489472
1783694060587 0.8701756922528148 491520
1783694068937 0.8049978348426521 493568
1783694077108 0.6899662474170327 495616
1783694085680 0.7806972577236593 497664
1783694093815 0.7220255243591964 499712
1783694102286 0.7926050005480647 501760
1783694109809 0.7137747416272759 503808
1783694117812 0.8355375719256699 505856
1783694125665 0.7747801607474685 507904
1783694133482 0.78311867127195 509952
1783694141438 0.752217176835984 512000
1783694149227 0.7642774530686438 514048
1783694156305 0.7420542230829597 516096
1783694164030 0.7481023445725441 518144
1783694172120 0.8633232326246798 520192
1783694180305 0.8828491205349565 522240
1783694187755 0.838383280672133 524288
1783694195554 0.8195191170088947 526336
1783694203378 0.7402814631350338 528384
1783694211238 0.8630936765111983 530432
1783694218862 0.8608601805754006 532480
1783694226780 0.8071814491413534 534528
1783694235111 0.8023135997354984 536576
1783694242951 0.9044965165667236 538624
1783694251234 0.743018186185509 540672
1783694259039 0.8558960086666048 542720
1783694267030 0.8752143299207091 544768
1783694275043 0.8678445308469236 546816
1783694283412 0.8152635744772851 548864
1783694291606 0.7818260686472058 550912
1783694299602 0.7272420655936003 552960
1783694307937 0.7614961401559412 555008
1783694315832 0.7079949718900025 557056
1783694324044 0.8225269680842757 559104
1783694332111 0.8047414566390216 561152
1783694340451 0.7545604230836034 563200
1783694348986 0.8003275049850345 565248
1783694357166 0.7498432323336601 567296
1783694365524 0.786958945915103 569344
1783694373532 0.6622792552225292 571392
1783694382032 0.8170534493401647 573440
1783694390101 0.6882547298446298 575488
1783694398716 0.8163997512310743 577536
1783694406846 0.6736006936989725 579584
1783694415507 0.7577868439257145 581632
1783694423830 0.620430218288675 583680
1783694432039 0.7301223003305495 585728
1783694440382 0.7689296053722501 587776
1783694448727 0.763725196942687 589824
1783694457356 0.7092401464469731 591872
1783694465567 0.7252533766441047 593920
1783694474184 0.7485036039724946 595968
1783694482468 0.7860937090590596 598016
1783694490771 0.7707742187194526 600064
1783694498960 0.7794634932652116 602112
1783694507596 0.7871284089051187 604160
1783694515963 0.7368694948963821 606208
1783694524467 0.6824511829763651 608256
1783694533085 0.7285827142186463 610304
1783694541258 0.7584262010641396 612352
1783694549919 0.7876645498909056 614400
1783694557931 0.7844263496808708 616448
1783694566630 0.7925603613257408 618496
1783694574798 0.7717038029804826 620544
1783694583246 0.7567762471735477 622592
1783694591022 0.7747053657658398 624640
1783694599193 0.7190833580680192 626688
1783694607208 0.7199551812373102 628736
1783694615301 0.7823995077051222 630784
1783694621283 0.6649195859208703 632832
1783694622317 0.7637788574211299 634880
1783694623371 0.7582365730777383 636928
1783694626626 0.8420904567465186 638976
1783694633027 0.7621971881017089 641024
1783694634128 0.7407726589590311 643072
1783694635128 0.6796394744887948 645120
1783694639556 0.6594503899104893 647168
1783694640960 0.7649029181338847 649216
1783694641966 0.6763325501233339 651264
