1783692285307 265.0 2048
1783692293000 265.0 4096
1783692300940 263.0 6144
1783692308645 263.0 8192
1783692316923 260.0 10240
1783692325492 256.0 12288
1783692333763 255.0 14336
1783692341972 254.0 16384
1783692349894 254.0 18432
1783692358153 254.0 20480
1783692366265 254.0 22528
1783692369520 267.0 24576
1783692370522 286.0 26624
1783692371516 305.0 28672
1783692372681 323.0 30720
1783692373967 339.0 32768
1783692375194 356.0 34816
1783692376405 373.0 36864
1783692377635 388.0 38912
1783692380669 397.0 40960
1783692386512 394.0 43008
1783692394006 387.0 45056
1783692402094 378.0 47104
1783692410349 370.0 49152
1783692418178 364.0 51200
1783692426706 357.0 53248
1783692434853 351.0 55296
1783692443282 346.0 57344
1783692451626 341.0 59392
1783692455981 344.0 61440
1783692457057 353.0 63488
1783692458032 363.0 65536
1783692459110 372.0 67584
1783692460633 380.0 69632
1783692467696 377.0 71680
1783692472999 377.0 73728
1783692481527 371.0 75776
1783692489736 366.0 77824
1783692498270 361.0 79872
1783692507004 357.0 81920
1783692515600 352.0 83968
1783692523854 349.0 86016
1783692532194 345.0 88064
1783692540625 342.0 90112
1783692548856 339.0 92160
1783692557278 336.0 94208
1783692565602 334.0 96256
1783692574324 331.0 98304
1783692582319 329.0 100352
1783692590967 326.0 102400
1783692596329 327.0 104448
1783692597270 333.0 106496
1783692598610 338.0 108544
1783692599714 343.0 110592
1783692600889 348.0 112640
1783692607122 348.0 114688
1783692612169 348.0 116736
1783692620131 346.0 118784
1783692628451 344.0 120832
1783692636816 342.0 122880
1783692645092 339.0 124928
1783692653164 338.0 126976
1783692661529 336.0 129024
1783692669463 334.0 131072
1783692677460 332.0 133120
1783692685468 331.0 135168
1783692693077 330.0 137216
1783692701050 328.0 139264
1783692708644 327.0 141312
1783692716677 326.0 143360
1783692724531 325.0 145408
1783692732410 324.0 147456
1783692740654 322.0 149504
1783692748360 321.0 151552
1783692756546 320.0 153600
1783692764020 319.0 155648
1783692772033 318.0 157696
1783692779913 318.0 159744
1783692788127 316.0 161792
1783692796402 315.0 163840
1783692804272 314.0 165888
1783692812440 313.0 167936
1783692820204 313.0 169984
1783692828178 312.0 172032
1783692836211 311.0 174080
1783692844459 310.0 176128
1783692852620 309.0 178176
1783692860378 309.0 180224
1783692868154 308.0 182272
1783692875780 308.0 184320
1783692883421 307.0 186368
1783692891433 306.0 188416
1783692899004 306.0 190464
1783692905479 306.0 192512
1783692913639 305.0 194560
1783692922048 305.0 196608
1783692930589 304.0 198656
1783692938893 303.0 200704
1783692947416 302.0 202752
1783692955699 302.0 204800
1783692964069 301.0 206848
1783692972150 300.0 208896
1783692980425 300.0 210944
1783692981411 302.0 212992
1783692984197 304.0 215040
1783692990571 304.0 217088
1783692998947 303.0 219136
1783693007219 303.0 221184
1783693015771 302.0 223232
1783693023952 301.0 225280
1783693032541 301.0 227328
1783693041040 300.0 229376
1783693049081 299.0 231424
1783693057454 299.0 233472
1783693065797 298.0 235520
1783693074261 298.0 237568
1783693082317 297.0 239616
1783693090795 297.0 241664
1783693099021 296.0 243712
1783693107626 296.0 245760
1783693116088 295.0 247808
1783693123684 295.0 249856
1783693132173 294.0 251904
1783693140467 294.0 253952
1783693148315 294.0 256000
1783693156050 293.0 258048
1783693164052 293.0 260096
1783693172232 293.0 262144
1783693179855 292.0 264192
1783693187785 292.0 266240
1783693195544 292.0 268288
1783693203630 291.0 270336
1783693211393 291.0 272384
1783693218668 291.0 274432
1783693226736 291.0 276480
1783693234449 291.0 278528
1783693242480 290.0 280576
1783693250307 290.0 282624
1783693258373 290.0 284672
1783693266491 289.0 286720
1783693274457 289.0 288768
1783693282848 289.0 290816
1783693290958 288.0 292864
1783693298743 288.0 294912
1783693306559 288.0 296960
1783693314726 288.0 299008
1783693322721 288.0 301056
1783693328932 288.0 303104
1783693335996 288.0 305152
1783693344279 287.0 307200
1783693352638 287.0 309248
1783693360776 287.0 311296
1783693368701 287.0 313344
1783693377365 286.0 315392
1783693385608 286.0 317440
1783693394412 286.0 319488
1783693402707 285.0 321536
1783693411152 285.0 323584
1783693419513 285.0 325632
1783693428288 284.0 327680
1783693436013 284.0 329728
1783693444123 284.0 331776
1783693453073 283.0 333824
1783693461757 283.0 335872
1783693470582 283.0 337920
1783693478554 283.0 339968
1783693486969 282.0 342016
1783693495112 282.0 344064
1783693504008 282.0 346112
1783693512358 281.0 348160
1783693520661 281.0 350208
1783693529462 281.0 352256
1783693537537 281.0 354304
1783693546289 280.0 356352
1783693554279 280.0 358400
1783693562725 280.0 360448
1783693570673 280.0 362496
1783693578770 280.0 364544
1783693586981 279.0 366592
1783693595390 279.0 368640
1783693603766 279.0 370688
1783693611846 279.0 372736
1783693620321 279.0 374784
1783693627853 279.0 376832
1783693635755 278.0 378880
1783693643677 278.0 380928
1783693646018 279.0 382976
1783693650947 280.0 385024
1783693658839 280.0 387072
1783693666434 280.0 389120
1783693672928 280.0 391168
1783693680854 280.0 393216
1783693688715 280.0 395264
1783693696885 279.0 397312
1783693704645 279.0 399360
1783693712851 279.0 401408
1783693720655 279.0 403456
1783693728623 279.0 405504
1783693736578 279.0 407552
1783693744472 279.0 409600
1783693752749 279.0 411648
1783693760892 278.0 413696
1783693769272 278.0 415744
1783693777192 278.0 417792
1783693785598 278.0 419840
1783693793665 278.0 421888
1783693802018 278.0 423936
1783693809994 277.0 425984
1783693817950 277.0 428032
1783693826128 277.0 430080
1783693834078 277.0 432128
1783693842181 277.0 434176
1783693850118 277.0 436224
1783693858319 277.0 438272
1783693866506 277.0 440320
1783693874798 276.0 442368
1783693883289 276.0 444416
1783693891474 276.0 446464
1783693900009 276.0 448512
1783693908230 276.0 450560
1783693912868 276.0 452608
1783693914464 277.0 454656
1783693922018 277.0 456704
1783693927194 278.0 458752
1783693935865 277.0 460800
1783693943806 277.0 462848
1783693952071 277.0 464896
1783693960256 277.0 466944
1783693968779 277.0 468992
1783693977344 277.0 471040
1783693985895 276.0 473088
1783693994509 276.0 475136
1783694002633 276.0 477184
1783694011180 276.0 479232
1783694019182 276.0 481280
1783694027858 276.0 483328
1783694035660 276.0 485376
1783694044007 275.0 487424
1783694052166 275.0 489472
1783694060587 275.0 491520
1783694068937 275.0 493568
1783694077108 275.0 495616
1783694085680 275.0 497664
1783694093815 275.0 499712
1783694102286 274.0 501760
1783694109809 274.0 503808
1783694117812 274.0 505856
1783694125665 274.0 507904
1783694133482 274.0 509952
1783694141438 274.0 512000
1783694149227 274.0 514048
1783694156305 274.0 516096
1783694164030 274.0 518144
1783694172120 274.0 520192
1783694180305 274.0 522240
1783694187755 274.0 524288
1783694195554 274.0 526336
1783694203378 274.0 528384
1783694211238 274.0 530432
1783694218862 274.0 532480
1783694226780 274.0 534528
1783694235111 274.0 536576
1783694242951 274.0 538624
1783694251234 273.0 540672
1783694259039 273.0 542720
1783694267030 273.0 544768
1783694275043 273.0 546816
1783694283412 273.0 548864
1783694291606 273.0 550912
1783694299602 273.0 552960
1783694307937 273.0 555008
1783694315832 273.0 557056
1783694324044 273.0 559104
1783694332111 273.0 561152
1783694340451 273.0 563200
1783694348986 272.0 565248
1783694357166 272.0 567296
1783694365524 272.0 569344
1783694373532 272.0 571392
1783694382032 272.0 573440
1783694390101 272.0 575488
1783694398716 272.0 577536
1783694406846 272.0 579584
1783694415507 272.0 581632
1783694423830 271.0 583680
1783694432039 271.0 585728
1783694440382 271.0 587776
1783694448727 271.0 589824
1783694457356 271.0 591872
1783694465567 271.0 593920
1783694474184 271.0 595968
1783694482468 271.0 598016
1783694490771 271.0 600064
1783694498960 271.0 602112
1783694507596 270.0 604160
1783694515963 270.0 606208
1783694524467 270.0 608256
1783694533085 270.0 610304
1783694541258 270.0 612352
1783694549919 270.0 614400
1783694557931 270.0 616448
1783694566630 270.0 618496
1783694574798 270.0 620544
1783694583246 270.0 622592
1783694591022 270.0 624640
1783694599193 269.0 626688
1783694607208 269.0 628736
1783694615301 269.0 630784
1783694621283 270.0 632832
1783694622317 270.0 634880
1783694623371 271.0 636928
1783694626626 272.0 638976
1783694633027 272.0 641024
1783694634128 272.0 643072
1783694635128 273.0 645120
1783694639556 273.0 647168
1783694640960 274.0 649216
1783694641966 275.0 651264
