1783692285307 -0.003787517944147112 2048
1783692293000 -0.0017422523887944408 4096
1783692300940 -0.004272785437933635 6144
1783692308645 -0.0024404231407970656 8192
1783692316923 -0.0022739475243724883 10240
1783692325492 -0.002251911620987812 12288
1783692333763 -0.0033165112108690664 14336
1783692341972 -0.002712176716158865 16384
1783692349894 -0.0025293591897934675 18432
1783692358153 -0.0019882764645444695 20480
1783692366265 -0.0012282946554478258 22528
1783692369520 -0.002800778203891241 24576
1783692370522 -0.0015972183846315602 26624
1783692371516 -0.001917527622936177 28672
1783692372681 -0.002568080057244515 30720
1783692373967 -0.007756709797831718 32768
1783692375194 -0.0020328636601334438 34816
1783692376405 -0.0027549226288101636 36864
1783692377635 -0.0024851644184309407 38912
1783692380669 -0.0028992308471060824 40960
1783692386512 -0.0028925899423484225 43008
1783692394006 -0.0008500100884702988 45056
1783692402094 -0.0011690769824781455 47104
1783692410349 -0.0031625814153812826 49152
1783692418178 -0.004388980752992211 51200
1783692426706 -0.004195618195808493 53248
1783692434853 -0.0021690233879780862 55296
1783692443282 -0.006016850591549883 57344
1783692451626 -0.0028865267613582546 59392
1783692455981 -0.0026097468507941812 61440
1783692457057 -0.004872515262832167 63488
1783692458032 -0.003223293308110442 65536
1783692459110 -0.0035659655623021536 67584
1783692460633 -0.0031029409146867692 69632
1783692467696 -0.0025854509258351754 71680
1783692472999 -0.00488494059027289 73728
1783692481527 -0.0014108222421782557 75776
1783692489736 -0.004259001660102513 77824
1783692498270 -0.0046852651685185265 79872
1783692507004 -0.0015928205975797027 81920
1783692515600 -0.0018314432636543643 83968
1783692523854 -0.004671705182772712 86016
1783692532194 -0.0030508864801959135 88064
1783692540625 -0.002871471249818569 90112
1783692548856 -0.004014037152956007 92160
1783692557278 -0.0011709075206454145 94208
1783692565602 -0.004356745339464396 96256
1783692574324 -0.0043943620985373855 98304
1783692582319 -0.002029949429925182 100352
1783692590967 -0.0037242988491925644 102400
1783692596329 -0.0026130777314392617 104448
1783692597270 -0.0005445452407002449 106496
1783692598610 -0.0014831411535851657 108544
1783692599714 -0.0026046995371871162 110592
1783692600889 -0.0035808082575385924 112640
1783692607122 -0.002792827368466533 114688
1783692612169 -0.0018217599354102276 116736
1783692620131 -0.0009587783297320129 118784
1783692628451 -0.0021851818164577708 120832
1783692636816 -0.0026272782633895986 122880
1783692645092 -0.0021475766334333457 124928
1783692653164 -0.0024336614642379573 126976
1783692661529 -0.002038000529864803 129024
1783692669463 -0.004918146209092811 131072
1783692677460 -0.001999704849367845 133120
1783692685468 -0.0016439701903436799 135168
1783692693077 -0.00011889626330230385 137216
1783692701050 -0.0014066431158425985 139264
1783692708644 -0.0007932436819828581 141312
1783692716677 -0.0007562866667285562 143360
1783692724531 -0.001194060929265106 145408
1783692732410 -0.0004120769299333915 147456
1783692740654 -0.0012967627044417895 149504
1783692748360 -0.002617409847516683 151552
1783692756546 -0.004194332528641098 153600
1783692764020 -0.002455136189382756 155648
1783692772033 -0.0033465468677604804 157696
1783692779913 -0.0026618403262546053 159744
1783692788127 -0.001840352755607455 161792
1783692796402 -0.0009500751712039346 163840
1783692804272 -0.0009486616345384391 165888
1783692812440 -0.0002536099491408095 167936
1783692820204 -0.0032135523197212024 169984
1783692828178 -0.0007900785494712181 172032
1783692836211 -0.00011333797556289937 174080
1783692844459 -0.001634680337701866 176128
1783692852620 -0.0004282657773728715 178176
1783692860378 -0.0007926379466880462 180224
1783692868154 -0.0025332947552669793 182272
1783692875780 -0.0023356240963039454 184320
1783692883421 -0.0008879562010406516 186368
1783692891433 -0.0001136867704190081 188416
1783692899004 -0.0018835486262105405 190464
1783692905479 -0.0009030827459355351 192512
1783692913639 -0.0021579819376711384 194560
1783692922048 -0.0013816459868394304 196608
1783692930589 -0.001987621984881116 198656
1783692938893 -0.002070466625809786 200704
1783692947416 -0.0016686391536495648 202752
1783692955699 -0.000978513799054781 204800
1783692964069 -0.004945892287651077 206848
1783692972150 -0.0013056845782557502 208896
1783692980425 -0.0021351813320507063 210944
1783692981411 -0.0017306644240306923 212992
1783692984197 -0.0012894086576125119 215040
1783692990571 -0.002740604177233763 217088
1783692998947 -0.0011365815771569032 219136
1783693007219 -0.0003105453379248502 221184
1783693015771 -0.0006888708303449675 223232
1783693023952 -0.003043502762011485 225280
1783693032541 -0.0015013372831162997 227328
1783693041040 -0.0022571766094188206 229376
1783693049081 -0.001069342892151326 231424
1783693057454 -0.0015311581682908582 233472
1783693065797 -0.004608318136888556 235520
1783693074261 -0.0012417848129189224 237568
1783693082317 9.348231469630264e-05 239616
1783693090795 -0.0004968087614543037 241664
1783693099021 -0.0012166033275207155 243712
1783693107626 3.259603363403585e-05 245760
1783693116088 -0.00027219858748139814 247808
1783693123684 -0.0022996456136752386 249856
1783693132173 -0.001751774893818947 251904
1783693140467 -0.0008910815777198877 253952
1783693148315 -0.000744440927519463 256000
1783693156050 -0.001458754055420286 258048
1783693164052 -0.0022284155547822593 260096
1783693172232 -0.0014360136519826483 262144
1783693179855 -0.0003302981313026976 264192
1783693187785 -0.0024259189813164994 266240
1783693195544 -0.0015660269418731332 268288
1783693203630 -0.0010575425794741022 270336
1783693211393 -0.001430974067261559 272384
1783693218668 -0.0017293235778197413 274432
1783693226736 -0.00045919985859654844 276480
1783693234449 -0.0014065401610423578 278528
1783693242480 -0.0013872036106477026 280576
1783693250307 -0.0019987760206277017 282624
1783693258373 -0.0012531749061963637 284672
1783693266491 -0.0014615928612329299 286720
1783693274457 -0.0012522689467004966 288768
1783693282848 -0.0006284666724241106 290816
1783693290958 -0.0020684372393589 292864
1783693298743 -0.0009781907538126688 294912
1783693306559 -0.0008735796254768502 296960
1783693314726 -0.002701593604797381 299008
1783693322721 -0.004416036612383323 301056
1783693328932 -0.00011186477422597818 303104
1783693335996 -0.001330128299741773 305152
1783693344279 -0.002071394439553842 307200
1783693352638 -0.001204098964080913 309248
1783693360776 -0.002425964474241482 311296
1783693368701 -0.0010903898528340505 313344
1783693377365 -0.0023028106388665037 315392
1783693385608 -0.0008253336600319017 317440
1783693394412 -0.0016029715625336394 319488
1783693402707 -0.004155959502895712 321536
1783693411152 -7.032622306724079e-05 323584
1783693419513 -5.95011115365196e-05 325632
1783693428288 -0.001239860184796271 327680
1783693436013 -0.0015949340631777886 329728
1783693444123 -0.00022119027562439442 331776
1783693453073 -0.0007875969167798758 333824
1783693461757 -0.0031415365992870647 335872
1783693470582 -0.0001668978584348224 337920
1783693478554 0.00036779743550141575 339968
1783693486969 -0.0010228930950688664 342016
1783693495112 -0.002484808554072515 344064
1783693504008 -0.0007920705829747021 346112
1783693512358 -0.0005241443395789247 348160
1783693520661 -0.002100149602483725 350208
1783693529462 -0.0015260561558534391 352256
1783693537537 -0.0017587617494427832 354304
1783693546289 -0.002522684033465339 356352
1783693554279 -0.0015433304361067712 358400
1783693562725 -0.0012887696484540356 360448
1783693570673 -0.0029412851563392906 362496
1783693578770 -0.0006280787820287514 364544
1783693586981 -0.002382297858275706 366592
1783693595390 -0.002609262298392423 368640
1783693603766 -0.0026458943139004987 370688
1783693611846 -0.0008562009024899453 372736
1783693620321 -0.007941675811707682 374784
1783693627853 -0.0008004231094673742 376832
1783693635755 0.00019258473912486807 378880
1783693643677 -0.0002649475009093294 380928
1783693646018 -0.001514358292297402 382976
1783693650947 -0.00015166129378485493 385024
1783693658839 -0.004260179729499214 387072
1783693666434 -0.000812412839877652 389120
1783693672928 -0.0026373489599791355 391168
1783693680854 -0.0012110522620787378 393216
1783693688715 -0.001677068006756599 395264
1783693696885 -0.0009132211853284389 397312
1783693704645 -0.004207880905596539 399360
1783693712851 -0.00013530375781556359 401408
1783693720655 -0.0005239715355855878 403456
1783693728623 -0.0011796804174082354 405504
1783693736578 -0.0027304036857458414 407552
1783693744472 -0.0012006164906779304 409600
1783693752749 -0.000948534445342375 411648
1783693760892 -0.0015904275969660375 413696
1783693769272 -0.0026282980397809297 415744
1783693777192 -0.002106644513332867 417792
1783693785598 -0.0001787230503396131 419840
1783693793665 -0.0017967945714190137 421888
1783693802018 -0.000994053627437097 423936
1783693809994 -0.0003018253937625559 425984
1783693817950 -0.0006113989147706889 428032
1783693826128 -0.0007618806230311748 430080
1783693834078 -0.001711886482553382 432128
1783693842181 -0.00023229088037624024 434176
1783693850118 -0.001983672107598977 436224
1783693858319 9.83499048743397e-05 438272
1783693866506 -0.0010603152695694007 440320
1783693874798 -0.0005407541302702157 442368
1783693883289 -0.0028215946877026 444416
1783693891474 -0.0007307758514798479 446464
1783693900009 -0.003310463984234957 448512
1783693908230 -0.0026834372438315768 450560
1783693912868 -0.0015489463658013847 452608
1783693914464 -0.0004566900934150908 454656
1783693922018 -0.001446829466658528 456704
1783693927194 -0.0018292872491656453 458752
1783693935865 -0.0010430451911815908 460800
1783693943806 -0.0010060553431685548 462848
1783693952071 -0.000976711437033373 464896
1783693960256 -0.0014581135492335306 466944
1783693968779 -0.002014237215917092 468992
1783693977344 -0.001488600373704685 471040
1783693985895 -0.0035306272184243426 473088
1783693994509 -0.001705317330561229 475136
1783694002633 -0.00038635481178062037 477184
1783694011180 -0.0006288136937655509 479232
1783694019182 0.00020868393767159432 481280
1783694027858 -0.0004463067061806214 483328
1783694035660 -0.0017880830218928168 485376
1783694044007 -0.0012446746241039364 487424
1783694052166 -0.0010372944952905527 489472
1783694060587 -0.003410532367297492 491520
1783694068937 -0.0005411213915067492 493568
1783694077108 -0.0005184179244679399 495616
1783694085680 -0.0006585138671653112 497664
1783694093815 -0.0016727305119275115 499712
1783694102286 -3.2004174499888904e-05 501760
1783694109809 -3.1603140087099746e-06 503808
1783694117812 -0.0012415767741913442 505856
1783694125665 -0.0006318939649645472 507904
1783694133482 -0.0005964160463918233 509952
1783694141438 -0.000875750989507651 512000
1783694149227 -0.002771542387563386 514048
1783694156305 -0.0006666425488219829 516096
1783694164030 -0.001681347086559981 518144
1783694172120 -0.00011118870315840468 520192
1783694180305 -1.1908536180271767e-05 522240
1783694187755 -0.0006703066337649943 524288
1783694195554 -0.00040656902274349704 526336
1783694203378 -0.0015185621605269262 528384
1783694211238 -0.003594502054511395 530432
1783694218862 -0.0018637166704138508 532480
1783694226780 -0.00302217706303054 534528
1783694235111 -0.0002080358699458884 536576
1783694242951 -0.0008156286176017602 538624
1783694251234 -0.0014679025302939408 540672
1783694259039 -0.0002675575015018694 542720
1783694267030 -0.0002614739969430957 544768
1783694275043 -0.0007064292876748368 546816
1783694283412 -0.0013813802233926253 548864
1783694291606 -0.00046957473023212515 550912
1783694299602 -0.0014566583031410119 552960
1783694307937 -0.0013783489994239062 555008
1783694315832 -0.0011349750820954796 557056
1783694324044 -0.0009081532552954741 559104
1783694332111 -0.0004634252327377908 561152
1783694340451 -0.0017609503065614263 563200
1783694348986 -0.0014944569120416418 565248
1783694357166 -0.0028325778621365316 567296
1783694365524 -0.001044595286657568 569344
1783694373532 -0.00020958977256668732 571392
1783694382032 -0.000574550211240421 573440
1783694390101 -0.0007352950087806676 575488
1783694398716 -0.001720524747724994 577536
1783694406846 -0.0016343445713573601 579584
1783694415507 -0.0015036340591905173 581632
1783694423830 -0.0016894258915272076 583680
1783694432039 -0.00027281752409180626 585728
1783694440382 -0.0004732204288302455 587776
1783694448727 -0.0019154519377480028 589824
1783694457356 -0.0006079418599256314 591872
1783694465567 -0.004264827566657914 593920
1783694474184 -0.0018848503077606438 595968
1783694482468 -0.0010280172391503584 598016
1783694490771 -0.0003358918420417467 600064
1783694498960 -0.0011403069643165509 602112
1783694507596 -0.0012880738668172853 604160
1783694515963 -0.00028952770662726834 606208
1783694524467 -0.0012762231426677317 608256
1783694533085 -0.00035986249713459983 610304
1783694541258 -0.003206258100362902 612352
1783694549919 -0.0014344788578455336 614400
1783694557931 -0.0008308459455292905 616448
1783694566630 -0.0007921731612441363 618496
1783694574798 -8.46212615215336e-05 620544
1783694583246 -0.0005662042531184852 622592
1783694591022 -0.0014612467639381066 624640
1783694599193 -0.0014559000028384617 626688
1783694607208 -0.0002844423070200719 628736
1783694615301 -0.00048516897186345886 630784
1783694621283 -0.0027842058780152 632832
1783694622317 -0.00037174494900682475 634880
1783694623371 -0.0003352388030180009 636928
1783694626626 -0.00038961054815445095 638976
1783694633027 -0.0030020529084140435 641024
1783694634128 -0.00029411280411295593 643072
1783694635128 -0.0007754688303975854 645120
1783694639556 -0.0024667243342264555 647168
1783694640960 -0.0007270649803103879 649216
1783694641966 -0.00011046635154343676 651264
