1783692285307 433.5800665616989 2048
1783692293000 283.44757902622223 4096
1783692300940 425.69736778736115 6144
1783692308645 339.63946652412415 8192
1783692316923 210.00031381845474 10240
1783692325492 323.83370846509933 12288
1783692333763 263.7051682472229 14336
1783692341972 255.68091118335724 16384
1783692349894 122.62004148960114 18432
1783692358153 278.81301951408386 20480
1783692366265 132.0025906264782 22528
1783692369520 142.09323853254318 24576
1783692370522 159.397528976202 26624
1783692371516 149.84279245138168 28672
1783692372681 165.46309009194374 30720
1783692373967 80.12619961798191 32768
1783692375194 132.26740977168083 34816
1783692376405 160.22647029161453 36864
1783692377635 102.20420578122139 38912
1783692380669 260.59276032447815 40960
1783692386512 96.69334863126278 43008
1783692394006 162.5439097881317 45056
1783692402094 117.43556213378906 47104
1783692410349 54.27294884622097 49152
1783692418178 133.86953508853912 51200
1783692426706 88.479701846838 53248
1783692434853 100.53958375751972 55296
1783692443282 33.67256070673466 57344
1783692451626 76.77305021882057 59392
1783692455981 48.42985785752535 61440
1783692457057 66.11060258746147 63488
1783692458032 66.13781698048115 65536
1783692459110 53.53563050925732 67584
1783692460633 70.17156012356281 69632
1783692467696 19.28457283973694 71680
1783692472999 21.58949190378189 73728
1783692481527 40.167303182184696 75776
1783692489736 28.689744763076305 77824
1783692498270 11.909451615065336 79872
1783692507004 23.416714064776897 81920
1783692515600 27.285340167582035 83968
1783692523854 14.105621449649334 86016
1783692532194 11.698569975793362 88064
1783692540625 18.679259706288576 90112
1783692548856 6.739385936409235 92160
1783692557278 32.55015929043293 94208
1783692565602 11.864395249634981 96256
1783692574324 11.933552615344524 98304
1783692582319 4.896793266758323 100352
1783692590967 6.964792184531689 102400
1783692596329 14.519323093816638 104448
1783692597270 21.119758212938905 106496
1783692598610 25.849144358187914 108544
1783692599714 4.893732622265816 110592
1783692600889 16.581479649990797 112640
1783692607122 4.34965306147933 114688
1783692612169 5.172785382717848 116736
1783692620131 7.227572387084365 118784
1783692628451 11.709138125181198 120832
1783692636816 19.959731018170714 122880
1783692645092 19.531937465071678 124928
1783692653164 4.05005744472146 126976
1783692661529 31.45964970625937 129024
1783692669463 18.25912271440029 131072
1783692677460 16.594458512961864 133120
1783692685468 4.466978607699275 135168
1783692693077 4.267802932299674 137216
1783692701050 26.654103878885508 139264
1783692708644 32.897150468081236 141312
1783692716677 51.791047006845474 143360
1783692724531 17.555020719766617 145408
1783692732410 48.00431585684419 147456
1783692740654 5.041115253698081 149504
1783692748360 40.41476258635521 151552
1783692756546 28.939851673319936 153600
1783692764020 43.23655992001295 155648
1783692772033 44.04928928986192 157696
1783692779913 19.00503169745207 159744
1783692788127 42.2657208815217 161792
1783692796402 72.91499611735344 163840
1783692804272 43.493543453514576 165888
1783692812440 58.51005911082029 167936
1783692820204 40.193063236773014 169984
1783692828178 56.2702458538115 172032
1783692836211 47.80108783021569 174080
1783692844459 48.31528449058533 176128
1783692852620 56.98924174904823 178176
1783692860378 55.8028049916029 180224
1783692868154 55.505082704126835 182272
1783692875780 40.59514074400067 184320
1783692883421 41.259606555104256 186368
1783692891433 72.70447492599487 188416
1783692899004 72.48164489865303 190464
1783692905479 71.10889718681574 192512
1783692913639 54.84291046112776 194560
1783692922048 74.62978143244982 196608
1783692930589 66.91780529171228 198656
1783692938893 77.01982087641954 200704
1783692947416 75.95258014649153 202752
1783692955699 72.57067487388849 204800
1783692964069 66.81375043094158 206848
1783692972150 77.8874703347683 208896
1783692980425 56.1839758977294 210944
1783692981411 68.59472655877471 212992
1783692984197 92.02239987999201 215040
1783692990571 71.85271260142326 217088
1783692998947 64.61833745241165 219136
1783693007219 72.3213839456439 221184
1783693015771 69.67189708352089 223232
1783693023952 64.42298641055822 225280
1783693032541 91.6723753362894 227328
1783693041040 81.9812053591013 229376
1783693049081 81.06787824630737 231424
1783693057454 98.17406326532364 233472
1783693065797 80.10167434066534 235520
1783693074261 70.00589156895876 237568
1783693082317 65.8740551918745 239616
1783693090795 74.28501644730568 241664
1783693099021 67.66090851277113 243712
1783693107626 37.319055899977684 245760
1783693116088 60.87604972720146 247808
1783693123684 83.77908128499985 249856
1783693132173 77.39310441166162 251904
1783693140467 71.09057833999395 253952
1783693148315 90.3083814010024 256000
1783693156050 78.77881225198507 258048
1783693164052 78.36718682944775 260096
1783693172232 63.21248388290405 262144
1783693179855 82.8539549857378 264192
1783693187785 114.2899307757616 266240
1783693195544 88.29822421073914 268288
1783693203630 80.21698199212551 270336
1783693211393 87.58506651222706 272384
1783693218668 98.02923673391342 274432
1783693226736 73.02008181810379 276480
1783693234449 40.61608221381903 278528
1783693242480 48.33058903366327 280576
1783693250307 67.88228325545788 282624
1783693258373 99.55757185816765 284672
1783693266491 73.777120500803 286720
1783693274457 59.97569190710783 288768
1783693282848 28.334029339253902 290816
1783693290958 35.79904051683843 292864
1783693298743 63.20593500882387 294912
1783693306559 82.03867530822754 296960
1783693314726 71.99512907117605 299008
1783693322721 81.58465929329395 301056
1783693328932 55.88998407870531 303104
1783693335996 77.04087821394205 305152
1783693344279 81.8801476508379 307200
1783693352638 62.014079727232456 309248
1783693360776 74.19545086473227 311296
1783693368701 64.91248539835215 313344
1783693377365 45.142960868775845 315392
1783693385608 67.00289433449507 317440
1783693394412 84.8834988027811 319488
1783693402707 70.51483401656151 321536
1783693411152 91.77988328039646 323584
1783693419513 69.50285520404577 325632
1783693428288 58.95086149871349 327680
1783693436013 67.54338376224041 329728
1783693444123 71.17018963396549 331776
1783693453073 54.88326795399189 333824
1783693461757 80.97727958112955 335872
1783693470582 71.35599464178085 337920
1783693478554 89.88384146988392 339968
1783693486969 83.37119668722153 342016
1783693495112 59.39025878161192 344064
1783693504008 71.95902168750763 346112
1783693512358 32.439099576324224 348160
1783693520661 71.26643767207861 350208
1783693529462 61.00245065242052 352256
1783693537537 47.68025179579854 354304
1783693546289 69.21762523800135 356352
1783693554279 54.441152676939964 358400
1783693562725 56.04905196279287 360448
1783693570673 55.70501637458801 362496
1783693578770 48.64239192381501 364544
1783693586981 40.99886017665267 366592
1783693595390 51.02740702033043 368640
1783693603766 67.33652140200138 370688
1783693611846 58.391170017421246 372736
1783693620321 53.85319394990802 374784
1783693627853 27.529411487281322 376832
1783693635755 35.03626345098019 378880
1783693643677 40.42600629478693 380928
1783693646018 41.79307384043932 382976
1783693650947 62.77201694250107 385024
1783693658839 56.54842585325241 387072
1783693666434 36.46201027557254 389120
1783693672928 44.73107637465 391168
1783693680854 15.15595018491149 393216
1783693688715 42.48087804019451 395264
1783693696885 40.55019160360098 397312
1783693704645 61.267813857644796 399360
1783693712851 32.9359867349267 401408
1783693720655 36.79705933853984 403456
1783693728623 43.213399950414896 405504
1783693736578 49.01839213445783 407552
1783693744472 53.93087214976549 409600
1783693752749 47.23743971809745 411648
1783693760892 65.70341964252293 413696
1783693769272 22.89020575210452 415744
1783693777192 23.019277051091194 417792
1783693785598 59.36791265383363 419840
1783693793665 25.00606352649629 421888
1783693802018 21.36791401170194 423936
1783693809994 39.43941369652748 425984
1783693817950 72.66946157068014 428032
1783693826128 35.933896109461784 430080
1783693834078 42.981948886066675 432128
1783693842181 37.258839286863804 434176
1783693850118 36.91844207793474 436224
1783693858319 30.28309207968414 438272
1783693866506 20.337452981621027 440320
1783693874798 47.79699740931392 442368
1783693883289 78.55897378176451 444416
1783693891474 28.88021558895707 446464
1783693900009 27.590048134326935 448512
1783693908230 56.64368426427245 450560
1783693912868 37.62610002234578 452608
1783693914464 60.15389534085989 454656
1783693922018 42.05817025527358 456704
1783693927194 45.089480102062225 458752
1783693935865 35.97950720414519 460800
1783693943806 72.31304792314768 462848
1783693952071 48.63426019996405 464896
1783693960256 68.09810750558972 466944
1783693968779 40.50350248068571 468992
1783693977344 60.08033533394337 471040
1783693985895 53.1305913515389 473088
1783693994509 46.33063906431198 475136
1783694002633 34.2042835932225 477184
1783694011180 18.14803908020258 479232
1783694019182 54.65436987578869 481280
1783694027858 62.3655901029706 483328
1783694035660 50.56637670844793 485376
1783694044007 38.92063225246966 487424
1783694052166 56.61691629886627 489472
1783694060587 66.02737280726433 491520
1783694068937 43.45982342585921 493568
1783694077108 36.40855675190687 495616
1783694085680 60.506266102194786 497664
1783694093815 60.90831062570214 499712
1783694102286 47.049818489700556 501760
1783694109809 62.510624304413795 503808
1783694117812 59.644056387245655 505856
1783694125665 43.28677775710821 507904
1783694133482 51.06077626347542 509952
1783694141438 51.37265460565686 512000
1783694149227 42.99701426550746 514048
1783694156305 39.41380849480629 516096
1783694164030 12.020824649371207 518144
1783694172120 69.58186836540699 520192
1783694180305 79.8287305701524 522240
1783694187755 54.56651296466589 524288
1783694195554 71.22810984030366 526336
1783694203378 35.89631286263466 528384
1783694211238 62.3365910500288 530432
1783694218862 42.29987836629152 532480
1783694226780 39.853342823684216 534528
1783694235111 68.78857859224081 536576
1783694242951 56.12998463958502 538624
1783694251234 34.26838368922472 540672
1783694259039 65.23529852926731 542720
1783694267030 33.080041974782944 544768
1783694275043 67.23173596709967 546816
1783694283412 70.40154699236155 548864
1783694291606 92.81826623156667 550912
1783694299602 68.03182223066688 552960
1783694307937 78.34049602597952 555008
1783694315832 28.579261906445026 557056
1783694324044 59.27809077501297 559104
1783694332111 42.638768047094345 561152
1783694340451 52.02862323075533 563200
1783694348986 77.66966972872615 565248
1783694357166 50.88678404688835 567296
1783694365524 46.022894483059645 569344
1783694373532 49.80400985479355 571392
1783694382032 67.91619343310595 573440
1783694390101 44.70997974276543 575488
1783694398716 64.92681105062366 577536
1783694406846 64.65497988462448 579584
1783694415507 76.56856862455606 581632
1783694423830 50.0938670784235 583680
1783694432039 67.34379104152322 585728
1783694440382 81.56540337949991 587776
1783694448727 42.999695375561714 589824
1783694457356 77.48837687075138 591872
1783694465567 31.0375126414001 593920
1783694474184 55.951621022075415 595968
1783694482468 58.00814001262188 598016
1783694490771 99.79583059251308 600064
1783694498960 61.57605962827802 602112
1783694507596 80.49567743390799 604160
1783694515963 104.69014318287373 606208
1783694524467 55.67437894269824 608256
1783694533085 40.33002955839038 610304
1783694541258 53.16894901543856 612352
1783694549919 62.522520411759615 614400
1783694557931 88.98985342681408 616448
1783694566630 65.65807750821114 618496
1783694574798 87.3943522349 620544
1783694583246 102.26827013492584 622592
1783694591022 67.1821621954441 624640
1783694599193 65.56828123703599 626688
1783694607208 41.966212689876556 628736
1783694615301 56.25808019191027 630784
1783694621283 53.54425002634525 632832
1783694622317 58.13354300707579 634880
1783694623371 74.31144419312477 636928
1783694626626 93.92966617643833 638976
1783694633027 59.08112929016352 641024
1783694634128 68.10778615623713 643072
1783694635128 37.59615386277437 645120
1783694639556 35.080921709537506 647168
1783694640960 66.13667450845242 649216
1783694641966 31.833112124353647 651264
