1783692285307 867.1954083442688 2048
1783692293000 566.9262939691544 4096
1783692300940 851.4307103157043 6144
1783692308645 679.3112812042236 8192
1783692316923 420.03239822387695 10240
1783692325492 647.6989297866821 12288
1783692333763 527.4437212944031 14336
1783692341972 511.393944978714 16384
1783692349894 245.27149951457977 18432
1783692358153 557.655840754509 20480
1783692366265 264.03348088264465 22528
1783692369520 284.21746814250946 24576
1783692370522 318.8235493898392 26624
1783692371516 299.71478754282 28672
1783692372681 330.9565649628639 30720
1783692373967 160.29335191845894 32768
1783692375194 264.5625469684601 34816
1783692376405 320.4819023013115 36864
1783692377635 204.43759447336197 38912
1783692380669 521.214786529541 40960
1783692386512 193.417479544878 43008
1783692394006 325.1128599643707 45056
1783692402094 234.89724200963974 47104
1783692410349 108.5767474770546 49152
1783692418178 267.77120065689087 51200
1783692426706 176.99016791582108 53248
1783692434853 201.10547098517418 55296
1783692443282 67.38024404644966 57344
1783692451626 153.57337847352028 59392
1783692455981 96.88740520179272 61440
1783692457057 132.2519343495369 63488
1783692458032 132.30350410938263 65536
1783692459110 107.09994840621948 67584
1783692460633 140.3690526485443 69632
1783692467696 38.597051203250885 71680
1783692472999 43.21237440407276 73728
1783692481527 80.3587146550417 75776
1783692489736 57.40943165123463 77824
1783692498270 23.8500948920846 79872
1783692507004 46.858479365706444 81920
1783692515600 54.5962131023407 83968
1783692523854 28.242413759231567 86016
1783692532194 23.4242555052042 88064
1783692540625 37.385060749948025 90112
1783692548856 13.507845990359783 92160
1783692557278 65.12011028826237 94208
1783692565602 23.757309287786484 96256
1783692574324 23.895049273967743 98304
1783692582319 9.81651071086526 100352
1783692590967 13.955920293927193 102400
1783692596329 29.065181590616703 104448
1783692597270 42.260001357644796 106496
1783692598610 51.721460275352 108544
1783692599714 9.81216760352254 110592
1783692600889 33.191783513873816 112640
1783692607122 8.725540824234486 114688
1783692612169 10.367832731455564 116736
1783692620131 14.477140851318836 118784
1783692628451 23.439162887632847 120832
1783692636816 39.942221730947495 122880
1783692645092 39.08539020642638 124928
1783692653164 8.122870586812496 126976
1783692661529 62.94174678251147 129024
1783692669463 36.544800125062466 131072
1783692677460 33.210411943495274 133120
1783692685468 8.95443794876337 135168
1783692693077 8.554348737001419 137216
1783692701050 53.32935055345297 139264
1783692708644 65.81291774660349 141312
1783692716677 103.60284995287657 143360
1783692724531 35.129283241927624 145408
1783692732410 96.027210123837 147456
1783692740654 10.09830002579838 149504
1783692748360 80.85319831222296 151552
1783692756546 57.90565050765872 153600
1783692764020 86.49515724182129 155648
1783692772033 88.12419944256544 157696
1783692779913 38.0308398604393 159744
1783692788127 84.55274957418442 161792
1783692796402 145.84777876734734 163840
1783692804272 87.00669652968645 165888
1783692812440 117.03680319339037 167936
1783692820204 80.41200294345617 169984
1783692828178 112.55889773368835 172032
1783692836211 95.61754477024078 174080
1783692844459 96.6506144925952 176128
1783692852620 113.99679636955261 178176
1783692860378 111.62412793934345 180224
1783692868154 111.03199271857738 182272
1783692875780 81.2116886228323 184320
1783692883421 82.53786012530327 186368
1783692891433 145.4246163368225 188416
1783692899004 144.9845085144043 190464
1783692905479 142.2363626509905 192512
1783692913639 109.70792391896248 194560
1783692922048 149.27828696370125 196608
1783692930589 133.85623663663864 198656
1783692938893 154.05940555036068 200704
1783692947416 151.92582577466965 202752
1783692955699 145.16132789850235 204800
1783692964069 133.65508951246738 206848
1783692972150 155.79324945807457 208896
1783692980425 112.38867144286633 210944
1783692981411 137.21077638864517 212992
1783692984197 184.06347635388374 215040
1783692990571 143.72901153564453 217088
1783692998947 129.25489647686481 219136
1783693007219 144.6605379730463 221184
1783693015771 139.36077299714088 223232
1783693023952 128.86916971206665 225280
1783693032541 183.36440709233284 227328
1783693041040 163.98126862943172 229376
1783693049081 162.15486381947994 231424
1783693057454 196.36775946617126 233472
1783693065797 160.22902919352055 235520
1783693074261 140.03114421665668 237568
1783693082317 131.76377588510513 239616
1783693090795 148.58607831597328 241664
1783693099021 135.34152223169804 243712
1783693107626 74.6496914178133 245760
1783693116088 121.76790599524975 247808
1783693123684 167.57857617735863 249856
1783693132173 154.8061843663454 251904
1783693140467 142.19740918278694 253952
1783693148315 180.63536247611046 256000
1783693156050 157.57485154271126 258048
1783693164052 156.75493296980858 260096
1783693172232 126.44076180458069 262144
1783693179855 165.72540014982224 264192
1783693187785 228.6016004383564 266240
1783693195544 176.61642640829086 268288
1783693203630 160.45274928212166 270336
1783693211393 175.1901022195816 272384
1783693218668 196.07836124300957 274432
1783693226736 146.05716079473495 276480
1783693234449 81.24860455840826 278528
1783693242480 96.68011927604675 280576
1783693250307 135.78323800861835 282624
1783693258373 199.13454449176788 284672
1783693266491 147.5717804133892 286720
1783693274457 119.96989150345325 288768
1783693282848 56.68394497036934 290816
1783693290958 71.61681974679232 292864
1783693298743 126.42888323962688 294912
1783693306559 164.09515750408173 296960
1783693314726 144.01237712800503 299008
1783693322721 163.194957613945 301056
1783693328932 111.79385749995708 303104
1783693335996 154.09962767362595 305152
1783693344279 163.78022882342339 307200
1783693352638 124.04460523277521 309248
1783693360776 148.41121119260788 311296
1783693368701 129.8447272181511 313344
1783693377365 90.30691189318895 315392
1783693385608 134.02280466258526 317440
1783693394412 169.7860355824232 319488
1783693402707 141.0538413822651 321536
1783693411152 183.5772820711136 323584
1783693419513 139.02241618931293 325632
1783693428288 117.91936556994915 327680
1783693436013 135.10400119423866 329728
1783693444123 142.357939183712 331776
1783693453073 109.7854787260294 333824
1783693461757 161.9771127998829 335872
1783693470582 142.72962254285812 337920
1783693478554 179.78108118474483 339968
1783693486969 166.76085063815117 342016
1783693495112 118.7999075204134 344064
1783693504008 143.93678987026215 346112
1783693512358 64.89326673001051 348160
1783693520661 142.55316345393658 350208
1783693529462 122.02294264733791 352256
1783693537537 95.37998963147402 354304
1783693546289 138.45760841667652 356352
1783693554279 108.90227843821049 358400
1783693562725 112.11787774413824 360448
1783693570673 111.43133214116096 362496
1783693578770 97.30279482156038 364544
1783693586981 82.01582241803408 366592
1783693595390 102.0767178684473 368640
1783693603766 134.69456180930138 370688
1783693611846 116.8014495074749 372736
1783693620321 107.73902077972889 374784
1783693627853 55.074673626571894 376832
1783693635755 70.08852826803923 378880
1783693643677 80.86750827729702 380928
1783693646018 83.60821378976107 382976
1783693650947 125.56199994683266 385024
1783693658839 113.12271744012833 387072
1783693666434 72.94147144258022 389120
1783693672928 89.4832378923893 391168
1783693680854 30.330167554318905 393216
1783693688715 84.98026094585657 395264
1783693696885 81.11932902038097 397312
1783693704645 122.56241772323847 399360
1783693712851 65.8871475532651 401408
1783693720655 73.61073572933674 403456
1783693728623 86.44564948230982 405504
1783693736578 98.05961734801531 407552
1783693744472 107.88143108785152 409600
1783693752749 94.49421866983175 411648
1783693760892 131.42914982140064 413696
1783693769272 45.80383474379778 415744
1783693777192 46.05634668469429 417792
1783693785598 118.7521356716752 419840
1783693793665 50.03121314942837 421888
1783693802018 42.75400482490659 423936
1783693809994 78.89755734056234 425984
1783693817950 145.35725991427898 428032
1783693826128 71.88535512983799 430080
1783693834078 85.98367159068584 432128
1783693842181 74.53504949063063 434176
1783693850118 73.85710680484772 436224
1783693858319 60.58206519857049 438272
1783693866506 40.692310839891434 440320
1783693874798 95.61136599630117 442368
1783693883289 157.1396247819066 444416
1783693891474 57.77934796363115 446464
1783693900009 55.201657585799694 448512
1783693908230 113.30883261561394 450560
1783693912868 75.27023021876812 452608
1783693914464 120.32602332532406 454656
1783693922018 84.13328411057591 456704
1783693927194 90.19911548495293 458752
1783693935865 71.97563920170069 460800
1783693943806 144.64429514110088 462848
1783693952071 97.28622016310692 464896
1783693960256 136.21623680740595 466944
1783693968779 81.02735838294029 468992
1783693977344 120.17766734957695 471040
1783693985895 106.28522238135338 473088
1783693994509 92.68048629164696 475136
1783694002633 68.42326085269451 477184
1783694011180 36.31250969879329 479232
1783694019182 109.32399246096611 481280
1783694027858 124.74858197569847 483328
1783694035660 101.15080294758081 485376
1783694044007 77.85897444188595 487424
1783694052166 113.25248308479786 489472
1783694060587 132.0789700895548 491520
1783694068937 86.93682862073183 493568
1783694077108 72.83194935321808 495616
1783694085680 121.0294633358717 497664
1783694093815 121.83440715074539 499712
1783694102286 94.11555284261703 501760
1783694109809 125.03553055226803 503808
1783694117812 119.3073061555624 505856
1783694125665 86.59031540155411 507904
1783694133482 102.1384074985981 509952
1783694141438 102.76210505515337 512000
1783694149227 86.01485724002123 514048
1783694156305 78.84379142522812 516096
1783694164030 24.059973884373903 518144
1783694172120 139.18122544139624 520192
1783694180305 159.67514110729098 522240
1783694187755 109.15113417804241 524288
1783694195554 142.47342316806316 526336
1783694203378 71.81046848744154 528384
1783694211238 124.69763243943453 530432
1783694218862 84.62070101872087 532480
1783694226780 79.72887417674065 534528
1783694235111 137.59361919760704 536576
1783694242951 112.27969115972519 538624
1783694251234 68.55456315726042 540672
1783694259039 130.48824992403388 542720
1783694267030 66.17811100184917 544768
1783694275043 134.48224195837975 546816
1783694283412 140.8221622556448 548864
1783694291606 185.6531080007553 550912
1783694299602 136.08110265433788 552960
1783694307937 156.69897900521755 555008
1783694315832 57.17495372146368 557056
1783694324044 118.57444836199284 559104
1783694332111 85.29455754160881 561152
1783694340451 104.0758596509695 563200
1783694348986 155.35833501815796 565248
1783694357166 101.79423014819622 567296
1783694365524 92.06361712515354 569344
1783694373532 99.62168426811695 571392
1783694382032 135.84987716376781 573440
1783694390101 89.43519516289234 575488
1783694398716 129.87339130043983 577536
1783694406846 129.3267004340887 579584
1783694415507 153.1553007364273 581632
1783694423830 100.20352166891098 583680
1783694432039 134.70272975042462 585728
1783694440382 163.1471327841282 587776
1783694448727 86.01849599927664 589824
1783694457356 154.99215480685234 591872
1783694465567 62.09805980324745 593920
1783694474184 111.92198244482279 595968
1783694482468 116.03405842930079 598016
1783694490771 199.60774740576744 600064
1783694498960 123.16998887807131 602112
1783694507596 161.00967346131802 604160
1783694515963 209.39560344815254 606208
1783694524467 111.36495847254992 608256
1783694533085 80.6753503754735 610304
1783694541258 106.35947918891907 612352
1783694549919 125.06366290152073 614400
1783694557931 177.99705728888512 616448
1783694566630 131.33359044790268 618496
1783694574798 174.804308578372 620544
1783694583246 204.55280977487564 622592
1783694591022 134.38274145126343 624640
1783694599193 131.15385541319847 626688
1783694607208 83.94739335030317 628736
1783694615301 112.53277842700481 630784
1783694621283 107.10736728459597 632832
1783694622317 116.28310459852219 634880
1783694623371 148.63872328400612 636928
1783694626626 187.87695249915123 638976
1783694633027 118.1835071593523 641024
1783694634128 136.23097574710846 643072
1783694635128 75.2074511796236 645120
1783694639556 70.17996540665627 647168
1783694640960 132.29010047018528 649216
1783694641966 63.67997208982706 651264
