1783661382891 21.0 2048
1783661383921 44.0 4096
1783661384882 67.0 6144
1783661385841 88.0 8192
1783661386809 109.0 10240
1783661387702 130.0 12288
1783661388590 152.0 14336
1783661389369 170.0 16384
1783661390335 189.0 18432
1783661391232 207.0 20480
1783661392055 226.0 22528
1783661392886 243.0 24576
1783661393757 257.0 26624
1783661394559 272.0 28672
1783661395379 281.0 30720
1783661396287 293.0 32768
1783661397137 304.0 34816
1783661398013 310.0 36864
1783661398955 317.0 38912
1783661399947 325.0 40960
1783661400860 333.0 43008
1783661401715 336.0 45056
1783661402661 346.0 47104
1783661403588 353.0 49152
1783661404493 359.0 51200
1783661405407 364.0 53248
1783661406614 371.0 55296
1783661407609 375.0 57344
1783661408676 379.0 59392
1783661409674 388.0 61440
1783661410567 396.0 63488
1783661411910 401.0 65536
1783661413034 407.0 67584
1783661414113 410.0 69632
1783661415256 415.0 71680
1783661416249 417.0 73728
1783661417625 422.0 75776
1783661418573 424.0 77824
1783661419805 427.0 79872
1783661420833 429.0 81920
1783661421735 431.0 83968
1783661422762 436.0 86016
1783661423817 439.0 88064
1783661425243 441.0 90112
1783661426685 444.0 92160
1783661427633 446.0 94208
1783661428497 449.0 96256
1783661429427 452.0 98304
1783661430465 455.0 100352
1783661431577 457.0 102400
1783661432453 461.0 104448
1783661433690 463.0 106496
1783661434594 465.0 108544
1783661435687 467.0 110592
1783661436633 470.0 112640
1783661437680 472.0 114688
1783661438839 474.0 116736
1783661439707 476.0 118784
1783661441068 478.0 120832
1783661442007 480.0 122880
1783661442798 482.0 124928
1783661443786 484.0 126976
1783661444710 486.0 129024
1783661445900 488.0 131072
1783661446701 490.0 133120
1783661448065 492.0 135168
1783661449201 494.0 137216
1783661450244 497.0 139264
1783661451500 499.0 141312
1783661452441 501.0 143360
1783661453420 503.0 145408
1783661454597 505.0 147456
1783661455501 507.0 149504
1783661456916 509.0 151552
1783661457839 511.0 153600
1783661458965 513.0 155648
1783661460083 515.0 157696
1783661460992 517.0 159744
1783661462180 519.0 161792
1783661463223 521.0 163840
1783661464222 524.0 165888
1783661465502 526.0 167936
1783661466513 528.0 169984
1783661467721 530.0 172032
1783661469147 532.0 174080
1783661470138 534.0 176128
1783661471312 536.0 178176
1783661472152 538.0 180224
1783661472969 541.0 182272
1783661474330 544.0 184320
1783661475401 547.0 186368
1783661476484 549.0 188416
1783661477600 552.0 190464
1783661478516 555.0 192512
1783661479868 558.0 194560
1783661480957 560.0 196608
1783661481932 562.0 198656
1783661482763 565.0 200704
1783661483703 568.0 202752
1783661484919 571.0 204800
1783661485765 573.0 206848
1783661486601 576.0 208896
1783661487909 578.0 210944
1783661488984 581.0 212992
1783661490128 584.0 215040
1783661491088 586.0 217088
1783661492032 590.0 219136
1783661493246 592.0 221184
1783661494238 595.0 223232
1783661495503 597.0 225280
1783661496618 600.0 227328
1783661497673 603.0 229376
1783661498955 606.0 231424
1783661500027 609.0 233472
1783661501179 612.0 235520
1783661502532 615.0 237568
1783661503636 618.0 239616
1783661504699 620.0 241664
1783661505967 624.0 243712
1783661506879 626.0 245760
1783661507921 628.0 247808
1783661508925 630.0 249856
1783661510274 633.0 251904
1783661511130 635.0 253952
1783661512111 637.0 256000
1783661513301 640.0 258048
1783661514254 643.0 260096
1783661515494 646.0 262144
1783661516640 648.0 264192
1783661517574 651.0 266240
1783661518868 653.0 268288
1783661519996 657.0 270336
1783661520990 660.0 272384
1783661522433 663.0 274432
1783661523545 665.0 276480
1783661524743 668.0 278528
1783661525717 670.0 280576
1783661526741 672.0 282624
1783661528070 675.0 284672
1783661528946 679.0 286720
1783661530241 681.0 288768
1783661531346 685.0 290816
1783661532352 689.0 292864
1783661533636 692.0 294912
1783661534789 694.0 296960
1783661535952 698.0 299008
1783661536946 701.0 301056
1783661537991 704.0 303104
1783661539377 707.0 305152
1783661540484 709.0 307200
1783661541419 713.0 309248
1783661542795 715.0 311296
1783661543873 718.0 313344
1783661544904 721.0 315392
1783661546239 724.0 317440
1783661547321 727.0 319488
1783661548414 731.0 321536
1783661549769 733.0 323584
1783661550847 737.0 325632
1783661551915 740.0 327680
1783661553202 743.0 329728
1783661554178 746.0 331776
1783661555457 752.0 333824
1783661556479 756.0 335872
1783661557491 759.0 337920
1783661558809 762.0 339968
1783661559873 766.0 342016
1783661561013 770.0 344064
1783661562280 774.0 346112
1783661563180 779.0 348160
1783661564481 783.0 350208
1783661565494 786.0 352256
1783661566432 789.0 354304
1783661567542 795.0 356352
1783661568595 799.0 358400
1783661569856 804.0 360448
1783661570913 808.0 362496
1783661572000 812.0 364544
1783661573377 816.0 366592
1783661574428 821.0 368640
1783661575642 825.0 370688
1783661576706 828.0 372736
1783661577710 832.0 374784
1783661578961 836.0 376832
1783661580117 840.0 378880
1783661581260 844.0 380928
1783661582218 848.0 382976
1783661583014 851.0 385024
1783661584257 855.0 387072
1783661585118 859.0 389120
1783661586215 862.0 391168
1783661587133 866.0 393216
1783661588057 870.0 395264
1783661589002 873.0 397312
1783661589868 876.0 399360
1783661590775 879.0 401408
1783661591661 882.0 403456
1783661592571 885.0 405504
1783661593413 888.0 407552
1783661594545 892.0 409600
1783661595475 894.0 411648
1783661596353 896.0 413696
1783661597280 901.0 415744
1783661598173 904.0 417792
1783661599539 907.0 419840
1783661600454 910.0 421888
1783661601376 914.0 423936
1783661602598 918.0 425984
1783661603469 922.0 428032
1783661604573 926.0 430080
1783661605536 930.0 432128
1783661606492 933.0 434176
1783661607439 937.0 436224
1783661608338 942.0 438272
1783661609443 946.0 440320
1783661610306 949.0 442368
1783661611326 953.0 444416
1783661612744 957.0 446464
1783661613701 960.0 448512
1783661614760 965.0 450560
1783661615687 969.0 452608
1783661616510 973.0 454656
1783661617670 977.0 456704
1783661618562 979.0 458752
1783661619823 983.0 460800
1783661620678 986.0 462848
1783661621854 990.0 464896
1783661622690 995.0 466944
1783661623644 998.0 468992
1783661624527 1002.0 471040
1783661625350 1005.0 473088
1783661626189 1010.0 475136
1783661627032 1013.0 477184
1783661628220 1017.0 479232
1783661629153 1021.0 481280
1783661630118 1024.0 483328
1783661630928 1028.0 485376
1783661631923 1031.0 487424
1783661632837 1035.0 489472
1783661633646 1038.0 491520
1783661634912 1042.0 493568
1783661635947 1044.0 495616
1783661637041 1049.0 497664
1783661638198 1052.0 499712
1783661639102 1057.0 501760
1783661640204 1061.0 503808
1783661641214 1065.0 505856
1783661642441 1070.0 507904
1783661643507 1073.0 509952
1783661644479 1078.0 512000
1783661645717 1082.0 514048
1783661646643 1086.0 516096
1783661647665 1091.0 518144
1783661648539 1096.0 520192
1783661649357 1100.0 522240
1783661650630 1105.0 524288
1783661651640 1111.0 526336
1783661652836 1116.0 528384
1783661653654 1120.0 530432
1783661654623 1125.0 532480
1783661655577 1130.0 534528
1783661656465 1135.0 536576
1783661657553 1139.0 538624
1783661658502 1143.0 540672
1783661659472 1146.0 542720
1783661660365 1151.0 544768
1783661661170 1155.0 546816
1783661662275 1159.0 548864
1783661663152 1163.0 550912
1783661664184 1167.0 552960
1783661665207 1170.0 555008
1783661666197 1173.0 557056
1783661667527 1177.0 559104
1783661668574 1181.0 561152
1783661669712 1185.0 563200
1783661670768 1188.0 565248
1783661671852 1191.0 567296
1783661673175 1195.0 569344
1783661674151 1198.0 571392
1783661675367 1202.0 573440
1783661676382 1206.0 575488
1783661677428 1208.0 577536
1783661678310 1212.0 579584
1783661679125 1214.0 581632
1783661680296 1218.0 583680
1783661681179 1221.0 585728
1783661682206 1225.0 587776
1783661683099 1228.0 589824
1783661684028 1231.0 591872
1783661684921 1235.0 593920
1783661685698 1239.0 595968
1783661686911 1244.0 598016
1783661687890 1247.0 600064
1783661689074 1252.0 602112
1783661690102 1258.0 604160
1783661691030 1263.0 606208
1783661692263 1268.0 608256
1783661693225 1273.0 610304
1783661694090 1277.0 612352
1783661695116 1282.0 614400
1783661696067 1287.0 616448
1783661697229 1291.0 618496
1783661698171 1296.0 620544
1783661699524 1301.0 622592
1783661700433 1305.0 624640
1783661701508 1310.0 626688
1783661702472 1314.0 628736
1783661703350 1317.0 630784
1783661704393 1321.0 632832
1783661705253 1326.0 634880
1783661706186 1329.0 636928
1783661707174 1333.0 638976
1783661708069 1337.0 641024
1783661709339 1342.0 643072
1783661710283 1347.0 645120
1783661711211 1350.0 647168
1783661712175 1355.0 649216
1783661713061 1359.0 651264
1783661714044 1363.0 653312
1783661714994 1368.0 655360
1783661716313 1371.0 657408
1783661717310 1375.0 659456
1783661718358 1380.0 661504
1783661719154 1384.0 663552
1783661720159 1389.0 665600
1783661721536 1394.0 667648
1783661722463 1399.0 669696
1783661723425 1402.0 671744
1783661724430 1408.0 673792
1783661725312 1413.0 675840
1783661726191 1417.0 677888
1783661727077 1421.0 679936
1783661728279 1425.0 681984
1783661729232 1429.0 684032
1783661730074 1435.0 686080
1783661731068 1440.0 688128
1783661731971 1444.0 690176
1783661733313 1446.0 692224
1783661734280 1452.0 694272
1783661735167 1458.0 696320
1783661736047 1463.0 698368
1783661736935 1468.0 700416
1783661738163 1473.0 702464
1783661739124 1479.0 704512
1783661739976 1484.0 706560
1783661740825 1490.0 708608
1783661741801 1496.0 710656
1783661742673 1503.0 712704
1783661743489 1508.0 714752
1783661744546 1514.0 716800
1783661745505 1521.0 718848
1783661746893 1527.0 720896
1783661747986 1533.0 722944
1783661749085 1539.0 724992
1783661750045 1545.0 727040
1783661750986 1551.0 729088
1783661752309 1556.0 731136
1783661753209 1561.0 733184
1783661754260 1568.0 735232
1783661755176 1574.0 737280
1783661756118 1582.0 739328
1783661757065 1587.0 741376
1783661757956 1594.0 743424
1783661759167 1601.0 745472
1783661760131 1606.0 747520
1783661761211 1612.0 749568
1783661762344 1616.0 751616
1783661763245 1621.0 753664
1783661764515 1627.0 755712
1783661765622 1632.0 757760
1783661766758 1638.0 759808
1783661767706 1642.0 761856
1783661768620 1647.0 763904
1783661769797 1653.0 765952
1783661770716 1658.0 768000
1783661771624 1662.0 770048
1783661772708 1667.0 772096
1783661773660 1671.0 774144
1783661774874 1676.0 776192
1783661775745 1680.0 778240
1783661776735 1686.0 780288
1783661777552 1690.0 782336
1783661778522 1694.0 784384
1783661779505 1699.0 786432
1783661780446 1704.0 788480
1783661781397 1709.0 790528
1783661782487 1714.0 792576
1783661783489 1719.0 794624
1783661784777 1725.0 796672
1783661785704 1729.0 798720
1783661786619 1733.0 800768
1783661787444 1739.0 802816
1783661788326 1745.0 804864
1783661789554 1751.0 806912
1783661790496 1757.0 808960
1783661791562 1762.0 811008
1783661792782 1766.0 813056
1783661793779 1772.0 815104
1783661794619 1777.0 817152
1783661795524 1783.0 819200
1783661796443 1789.0 821248
1783661797510 1795.0 823296
1783661798352 1801.0 825344
1783661799467 1807.0 827392
1783661800297 1814.0 829440
1783661801161 1818.0 831488
1783661802335 1824.0 833536
1783661803330 1830.0 835584
1783661804400 1832.0 837632
1783661805611 1839.0 839680
1783661806530 1845.0 841728
1783661807731 1849.0 843776
1783661808676 1854.0 845824
1783661809903 1860.0 847872
1783661810864 1866.0 849920
1783661811730 1871.0 851968
1783661812793 1877.0 854016
1783661813710 1881.0 856064
1783661814770 1887.0 858112
1783661815719 1893.0 860160
1783661816934 1899.0 862208
1783661817867 1906.0 864256
1783661818753 1914.0 866304
1783661819922 1920.0 868352
1783661820793 1927.0 870400
1783661821815 1934.0 872448
1783661823027 1940.0 874496
1783661824035 1947.0 876544
1783661825249 1951.0 878592
1783661826173 1957.0 880640
1783661827390 1962.0 882688
1783661828355 1968.0 884736
1783661829158 1975.0 886784
1783661830039 1981.0 888832
1783661830875 1988.0 890880
1783661832195 1992.0 892928
1783661833137 1998.0 894976
1783661834097 2005.0 897024
1783661835134 2009.0 899072
1783661836017 2016.0 901120
1783661837182 2023.0 903168
1783661838234 2030.0 905216
1783661839284 2034.0 907264
1783661840355 2041.0 909312
1783661841253 2047.0 911360
1783661842371 2053.0 913408
1783661843345 2060.0 915456
1783661844277 2066.0 917504
1783661845203 2070.0 919552
1783661846097 2075.0 921600
1783661847484 2080.0 923648
1783661848490 2087.0 925696
1783661849649 2093.0 927744
1783661850652 2099.0 929792
1783661851571 2104.0 931840
1783661852627 2110.0 933888
1783661853730 2115.0 935936
1783661854780 2119.0 937984
1783661856178 2124.0 940032
1783661857284 2132.0 942080
1783661858354 2138.0 944128
1783661859229 2145.0 946176
1783661860205 2152.0 948224
1783661861254 2158.0 950272
1783661862135 2165.0 952320
1783661863203 2172.0 954368
1783661864192 2178.0 956416
1783661865265 2185.0 958464
1783661866266 2191.0 960512
1783661867228 2195.0 962560
1783661868597 2200.0 964608
1783661869543 2206.0 966656
1783661870455 2213.0 968704
1783661871279 2220.0 970752
1783661872236 2226.0 972800
1783661873353 2233.0 974848
1783661874203 2239.0 976896
1783661875436 2246.0 978944
1783661876459 2252.0 980992
1783661877601 2258.0 983040
1783661878731 2265.0 985088
1783661879669 2269.0 987136
1783661880924 2274.0 989184
1783661881865 2282.0 991232
1783661882913 2284.0 993280
1783661884120 2292.0 995328
1783661885139 2299.0 997376
1783661886392 2303.0 999424
1783661886758 2304.0 1000000
