1783661382891 -196.5479087140715 2048
1783661383921 -151.0467400844707 4096
1783661384882 -206.40344866777323 6144
1783661385841 -151.50814475662622 8192
1783661386809 -129.5165620183363 10240
1783661387702 -132.07713204085846 12288
1783661388590 -163.80394410096332 14336
1783661389369 -160.11253325238948 16384
1783661390335 -137.97319280470165 18432
1783661391232 -109.60618940153772 20480
1783661392055 -115.5423412879192 22528
1783661392886 -82.96018315425673 24576
1783661393757 -95.55286480637392 26624
1783661394559 -105.49558544795465 28672
1783661395379 -91.51670894999043 30720
1783661396287 -90.2930663033545 32768
1783661397137 -101.12713481497637 34816
1783661398013 -90.37561799386249 36864
1783661398955 -63.120500558347146 38912
1783661399947 -123.41098202063704 40960
1783661400860 -136.7613377660921 43008
1783661401715 -108.12098275307531 45056
1783661402661 -65.9762765421605 47104
1783661403588 -42.59790144015191 49152
1783661404493 -25.75949126020754 51200
1783661405407 -17.694461134930396 53248
1783661406614 -56.24786651429829 55296
1783661407609 -57.89196436503678 57344
1783661408676 -62.373870061030686 59392
1783661409674 -53.18191571992698 61440
1783661410567 -45.04424441190169 63488
1783661411910 -36.04663189438175 65536
1783661413034 -38.63386670161027 67584
1783661414113 -41.089951916364704 69632
1783661415256 -41.659791870556894 71680
1783661416249 -32.97353290778778 73728
1783661417625 -24.063767549757564 75776
1783661418573 -14.68276303143505 77824
1783661419805 -10.186533391208874 79872
1783661420833 -6.882987710828209 81920
1783661421735 -20.639119635459394 83968
1783661422762 -45.070208543103796 86016
1783661423817 -70.81674036593468 88064
1783661425243 -60.629764549935736 90112
1783661426685 -42.350200390188796 92160
1783661427633 -39.28860785236312 94208
1783661428497 -34.937825424572914 96256
1783661429427 4.224514964841873 98304
1783661430465 28.411041142038773 100352
1783661431577 34.64151782114094 102400
1783661432453 26.69262584289935 104448
1783661433690 30.333445380656087 106496
1783661434594 9.671786380915911 108544
1783661435687 0.7580816665621775 110592
1783661436633 -20.645398868085987 112640
1783661437680 -22.924837666293868 114688
1783661438839 -27.159597944632072 116736
1783661439707 -33.89357123856178 118784
1783661441068 -42.72111043424789 120832
1783661442007 -46.90979605878867 122880
1783661442798 -58.40787685462535 124928
1783661443786 -52.732812385910634 126976
1783661444710 -43.719808129671584 129024
1783661445900 -39.47911475454166 131072
1783661446701 -38.6429358506786 133120
1783661448065 -51.636401885860856 135168
1783661449201 -58.34458046305025 137216
1783661450244 -65.30344413381988 139264
1783661451500 -65.47893613677917 141312
1783661452441 -60.656751115783585 143360
1783661453420 -65.6290763799111 145408
1783661454597 -61.46665855369601 147456
1783661455501 -60.67375599230875 149504
1783661456916 -54.13866200420964 151552
1783661457839 -57.51215116361063 153600
1783661458965 -45.44596163498826 155648
1783661460083 -42.85621216618186 157696
1783661460992 -35.29577124180726 159744
1783661462180 -32.395474226065026 161792
1783661463223 -33.668117121899044 163840
1783661464222 -31.344848154756033 165888
1783661465502 -34.832002952652545 167936
1783661466513 -36.053391330466724 169984
1783661467721 -29.08116963309478 172032
1783661469147 -23.443308940877706 174080
1783661470138 -23.952003426603188 176128
1783661471312 -31.76486225204676 178176
1783661472152 -33.864738424339905 180224
1783661472969 -37.973138183950304 182272
1783661474330 -37.94517457778046 184320
1783661475401 -54.11528273267934 186368
1783661476484 -58.88792952094061 188416
1783661477600 -67.2610499455521 190464
1783661478516 -44.04876698012311 192512
1783661479868 -49.35803925717327 194560
1783661480957 -34.517178692880044 196608
1783661481932 -42.8365257520909 198656
1783661482763 -23.92164800309934 200704
1783661483703 -17.441539617211898 202752
1783661484919 -20.228289554119375 204800
1783661485765 -23.17025471188129 206848
1783661486601 -35.59988837730773 208896
1783661487909 -23.03235098740654 210944
1783661488984 -36.63055368672319 212992
1783661490128 -25.20613845196927 215040
1783661491088 -18.72149423371328 217088
1783661492032 -4.382045390267423 219136
1783661493246 -5.149149537642449 221184
1783661494238 13.856795814829335 223232
1783661495503 12.907550965010335 225280
1783661496618 45.34387728478285 227328
1783661497673 50.476460030692934 229376
1783661498955 59.45791984267466 231424
1783661500027 33.5522200421508 233472
1783661501179 33.46126952899831 235520
1783661502532 10.01128494213667 237568
1783661503636 -12.994293390232977 239616
1783661504699 -25.812277278846153 241664
1783661505967 -52.10538508457021 243712
1783661506879 -77.33144280087046 245760
1783661507921 -62.78089493889992 247808
1783661508925 -57.77202705748808 249856
1783661510274 -51.676918555345466 251904
1783661511130 -43.4504709641957 253952
1783661512111 -34.45977362245928 256000
1783661513301 -42.36311688357306 258048
1783661514254 -25.962496054977557 260096
1783661515494 -7.4459083334879255 262144
1783661516640 -18.693816889650183 264192
1783661517574 -5.669812287505333 266240
1783661518868 -30.25527879347236 268288
1783661519996 -51.23927264886379 270336
1783661520990 -42.60918755702028 272384
1783661522433 -27.134173221720697 274432
1783661523545 -49.25596770567043 276480
1783661524743 -16.47513446505168 278528
1783661525717 -17.928382666152523 280576
1783661526741 -18.242101185443452 282624
1783661528070 3.145705604252967 284672
1783661528946 1.8159746183102654 286720
1783661530241 28.12756202851289 288768
1783661531346 41.31165289316194 290816
1783661532352 6.924041497666271 292864
1783661533636 17.771695315661383 294912
1783661534789 10.643338957184332 296960
1783661535952 1.2095997575404673 299008
1783661536946 13.153592072447902 301056
1783661537991 1.376910965381363 303104
1783661539377 26.76262952338779 305152
1783661540484 44.920159106993964 307200
1783661541419 63.02483019043613 309248
1783661542795 88.03758680249409 311296
1783661543873 116.17209377926213 313344
1783661544904 113.62786349856697 315392
1783661546239 134.28298344948888 317440
1783661547321 123.0411591978268 319488
1783661548414 134.6666505194256 321536
1783661549769 109.0868654830285 323584
1783661550847 87.08862386545091 325632
1783661551915 73.47280591498091 327680
1783661553202 59.92031727152046 329728
1783661554178 70.82681198629423 331776
1783661555457 60.45691230791336 333824
1783661556479 60.494535413583876 335872
1783661557491 44.75011980651095 337920
1783661558809 62.0074525592266 339968
1783661559873 46.42418646425466 342016
1783661561013 56.09935038905245 344064
1783661562280 77.15963702676477 346112
1783661563180 87.83349603041337 348160
1783661564481 91.33182334694382 350208
1783661565494 116.27031570757988 352256
1783661566432 121.65886635679985 354304
1783661567542 65.92185514989087 356352
1783661568595 72.94991714143492 358400
1783661569856 44.490777077778354 360448
1783661570913 50.23833193538635 362496
1783661572000 72.94955277834447 364544
1783661573377 91.88545360255969 366592
1783661574428 139.05180884930203 368640
1783661575642 146.29917296390957 370688
1783661576706 134.3991844106043 372736
1783661577710 127.72238495117503 374784
1783661578961 126.28765638728392 376832
1783661580117 134.5049155550435 378880
1783661581260 93.44649808762662 380928
1783661582218 103.27076200343029 382976
1783661583014 89.10933730676825 385024
1783661584257 84.54171664883691 387072
1783661585118 68.29661122887742 389120
1783661586215 66.43808738144195 391168
1783661587133 87.9505180933692 393216
1783661588057 84.91827219298908 395264
1783661589002 62.021384172971636 397312
1783661589868 59.58315122592391 399360
1783661590775 36.08473232795624 401408
1783661591661 23.911915328436926 403456
1783661592571 -2.2468450002175806 405504
1783661593413 8.88488316520995 407552
1783661594545 40.4292672686664 409600
1783661595475 62.33046535638232 411648
1783661596353 59.743211168891 413696
1783661597280 89.02989140642661 415744
1783661598173 95.23591251422795 417792
1783661599539 87.4404578041667 419840
1783661600454 71.67566182896311 421888
1783661601376 70.16764280026942 423936
1783661602598 62.451762231405304 425984
1783661603469 50.417690036643194 428032
1783661604573 74.37340482647826 430080
1783661605536 93.03152575487103 432128
1783661606492 90.74062772933605 434176
1783661607439 86.89507838415466 436224
1783661608338 101.9455387142902 438272
1783661609443 91.66913028013914 440320
1783661610306 72.72019195042628 442368
1783661611326 60.19690236269217 444416
1783661612744 46.971788266386795 446464
1783661613701 25.418427781313973 448512
1783661614760 -6.163291256622251 450560
1783661615687 -2.728535906553307 452608
1783661616510 -15.616555986188436 454656
1783661617670 -7.932643644923957 456704
1783661618562 -18.30809464348222 458752
1783661619823 -1.694284607663257 460800
1783661620678 10.838851989648578 462848
1783661621854 16.42436124399875 464896
1783661622690 33.025487202820514 466944
1783661623644 51.921934750882336 468992
1783661624527 69.89510646392503 471040
1783661625350 81.06907199962228 473088
1783661626189 71.64201403984333 475136
1783661627032 94.1344363385036 477184
1783661628220 75.79299534410046 479232
1783661629153 83.09968563922568 481280
1783661630118 59.771919673425714 483328
1783661630928 72.79839722810217 485376
1783661631923 80.26948290534791 487424
1783661632837 81.1912263020287 489472
1783661633646 115.96478502168529 491520
1783661634912 143.1112916196202 493568
1783661635947 150.69557763958684 495616
1783661637041 120.56694708952864 497664
1783661638198 126.01356220630778 499712
1783661639102 120.15955668273583 501760
1783661640204 113.336312223222 503808
1783661641214 96.96308264226202 505856
1783661642441 111.58253160993252 507904
1783661643507 91.80040501284671 509952
1783661644479 84.72874583606358 512000
1783661645717 97.52139693803684 514048
1783661646643 92.58618130177248 516096
1783661647665 109.63705438775779 518144
1783661648539 85.47433380989267 520192
1783661649357 111.2997906330626 522240
1783661650630 101.92430546142009 524288
1783661651640 122.37928932388357 526336
1783661652836 150.65740869266136 528384
1783661653654 141.6872007133418 530432
1783661654623 132.51468622322025 532480
1783661655577 126.50913308004287 534528
1783661656465 113.95148127123116 536576
1783661657553 105.61825431841275 538624
1783661658502 105.08750348927171 540672
1783661659472 108.3983571480978 542720
1783661660365 99.86523419746156 544768
1783661661170 110.82905949468781 546816
1783661662275 102.77479194827296 548864
1783661663152 87.74223085838408 550912
1783661664184 91.35633977285997 552960
1783661665207 87.88275214572366 555008
1783661666197 64.56336130730885 557056
1783661667527 76.59040115565861 559104
1783661668574 53.81612025537172 561152
1783661669712 68.8162647363117 563200
1783661670768 48.80391206001597 565248
1783661671852 52.38153922974756 567296
1783661673175 49.8251924802661 569344
1783661674151 71.60125243726281 571392
1783661675367 74.79249792852747 573440
1783661676382 87.1566344480606 575488
1783661677428 79.65812806832686 577536
1783661678310 109.88287610664986 579584
1783661679125 109.91519377391701 581632
1783661680296 107.0789381684838 583680
1783661681179 92.01402144576812 585728
1783661682206 79.15585042918147 587776
1783661683099 102.05139349048864 589824
1783661684028 112.18332709033382 591872
1783661684921 110.8967319182282 593920
1783661685698 112.66209024987862 595968
1783661686911 126.57913145534489 598016
1783661687890 106.81170868207832 600064
1783661689074 88.08892546193456 602112
1783661690102 60.288798397134826 604160
1783661691030 62.88891455502272 606208
1783661692263 112.52740921367918 608256
1783661693225 110.77739222502103 610304
1783661694090 116.42974752657183 612352
1783661695116 121.55292706885442 614400
1783661696067 80.88111972522941 616448
1783661697229 68.78779205913771 618496
1783661698171 44.19408106238693 620544
1783661699524 38.49873235779469 622592
1783661700433 78.67098357647066 624640
1783661701508 52.927292243436035 626688
1783661702472 75.33589217979306 628736
1783661703350 88.07298363512204 630784
1783661704393 72.15328172918967 632832
1783661705253 90.62615823937116 634880
1783661706186 104.58562031107098 636928
1783661707174 98.3273721704487 638976
1783661708069 89.70602271772425 641024
1783661709339 106.90432486061516 643072
1783661710283 102.71885861008249 645120
1783661711211 109.42824739054115 647168
1783661712175 126.1678514131273 649216
1783661713061 97.56693963588404 651264
1783661714044 99.96983207977709 653312
1783661714994 107.5369416461618 655360
1783661716313 103.11885610015386 657408
1783661717310 123.35321183225633 659456
1783661718358 152.24580695196389 661504
1783661719154 147.41358355071 663552
1783661720159 129.17555793882525 665600
1783661721536 140.06265289558084 667648
1783661722463 156.4424444560484 669696
1783661723425 168.4371536085302 671744
1783661724430 148.56240238377617 673792
1783661725312 149.6047149981149 675840
1783661726191 120.61193344205256 677888
1783661727077 105.1200838770526 679936
1783661728279 117.23270727416073 681984
1783661729232 138.15500232233188 684032
1783661730074 115.53275558249416 686080
1783661731068 148.62169485942619 688128
1783661731971 135.00683301522267 690176
1783661733313 137.1710503204501 692224
1783661734280 140.4538741262771 694272
1783661735167 136.76032594276896 696320
1783661736047 127.14808138710312 698368
1783661736935 138.63157822217184 700416
1783661738163 140.1656057887113 702464
1783661739124 130.07699714378546 704512
1783661739976 128.35499338758603 706560
1783661740825 117.6580755380317 708608
1783661741801 91.17938882179418 710656
1783661742673 116.8357177375457 712704
1783661743489 111.49138400438741 714752
1783661744546 100.02423011458805 716800
1783661745505 73.96798398630375 718848
1783661746893 72.00346646607547 720896
1783661747986 99.14794485235821 722944
1783661749085 101.23512564779068 724992
1783661750045 101.25608565952606 727040
1783661750986 79.65070639169153 729088
1783661752309 79.88798648994086 731136
1783661753209 116.17323465204836 733184
1783661754260 125.47866208615756 735232
1783661755176 143.60947123706848 737280
1783661756118 90.99944106170756 739328
1783661757065 127.64360133065023 741376
1783661757956 98.62388948685542 743424
1783661759167 113.91045864026493 745472
1783661760131 94.28750022192268 747520
1783661761211 95.52262815791897 749568
1783661762344 110.4633500274542 751616
1783661763245 128.08799072708754 753664
1783661764515 125.84546629960332 755712
1783661765622 131.45100118265705 757760
1783661766758 98.58784811720994 759808
1783661767706 98.84926469437615 761856
1783661768620 62.842721947201746 763904
1783661769797 74.67952207902347 765952
1783661770716 72.40112963275833 768000
1783661771624 55.62141878770622 770048
1783661772708 91.42947339330517 772096
1783661773660 92.92139329106739 774144
1783661774874 102.60626631072623 776192
1783661775745 118.2067565518399 778240
1783661776735 117.6999627313448 780288
1783661777552 128.56350589992354 782336
1783661778522 101.73558968619612 784384
1783661779505 117.69315601376063 786432
1783661780446 135.3847139140407 788480
1783661781397 105.13623318108719 790528
1783661782487 147.11017520257457 792576
1783661783489 141.27141041015193 794624
1783661784777 128.9417641307543 796672
1783661785704 140.19083057892604 798720
1783661786619 141.6311132147094 800768
1783661787444 128.21926337737358 802816
1783661788326 130.40922214749165 804864
1783661789554 125.3577516650223 806912
1783661790496 125.37003675644107 808960
1783661791562 130.41235929161886 811008
1783661792782 138.7784515023071 813056
1783661793779 155.3196341839128 815104
1783661794619 166.15305845990386 817152
1783661795524 132.81662247888616 819200
1783661796443 102.27735378288449 821248
1783661797510 111.40539220517455 823296
1783661798352 128.53332743449397 825344
1783661799467 174.95848569004258 827392
1783661800297 159.58617963256816 829440
1783661801161 157.12236320094988 831488
1783661802335 112.46403088766465 833536
1783661803330 111.75198555467686 835584
1783661804400 104.5364847303426 837632
1783661805611 113.12513859883468 839680
1783661806530 116.39186720740216 841728
1783661807731 102.5489459950982 843776
1783661808676 105.37409665068203 845824
1783661809903 90.6540601491636 847872
1783661810864 109.36395265047 849920
1783661811730 111.602217469067 851968
1783661812793 115.27257966564801 854016
1783661813710 123.57627771516952 856064
1783661814770 130.00387735030262 858112
1783661815719 153.5995789894853 860160
1783661816934 195.59651958106207 862208
1783661817867 168.2533392228754 864256
1783661818753 117.03252159343712 866304
1783661819922 76.57752132484072 868352
1783661820793 71.074970194456 870400
1783661821815 72.52612769171412 872448
1783661823027 80.84287313708906 874496
1783661824035 96.35206984651686 876544
1783661825249 106.09173921319288 878592
1783661826173 112.00785829296315 880640
1783661827390 143.76492620177828 882688
1783661828355 124.84909930589501 884736
1783661829158 114.50406423979408 886784
1783661830039 120.65589631823795 888832
1783661830875 125.87048379909906 890880
1783661832195 131.51969479979772 892928
1783661833137 154.6715678534064 894976
1783661834097 175.65617250649674 897024
1783661835134 177.91823396366306 899072
1783661836017 167.6590966574106 901120
1783661837182 154.5666681498498 903168
1783661838234 149.72029451632022 905216
1783661839284 170.9340937310681 907264
1783661840355 171.07168570843135 909312
1783661841253 173.86781477326798 911360
1783661842371 201.794439741175 913408
1783661843345 177.29127494688169 915456
1783661844277 154.505665759577 917504
1783661845203 143.22935936585162 919552
1783661846097 155.75818259490288 921600
1783661847484 135.29339711993475 923648
1783661848490 166.06241897900222 925696
1783661849649 137.2197939368418 927744
1783661850652 139.59864023655663 929792
1783661851571 120.6272248887027 931840
1783661852627 140.8531980568468 933888
1783661853730 159.60488929066207 935936
1783661854780 158.83098999648246 937984
1783661856178 167.63562218865263 940032
1783661857284 151.84482234072328 942080
1783661858354 150.6397796034994 944128
1783661859229 160.91657561929534 946176
1783661860205 178.29923835130953 948224
1783661861254 155.31403567296854 950272
1783661862135 193.77484052196442 952320
1783661863203 182.10990154470696 954368
1783661864192 217.30670559988113 956416
1783661865265 203.91247116090722 958464
1783661866266 222.5708280247988 960512
1783661867228 204.68805953182252 962560
1783661868597 186.55286626758135 964608
1783661869543 188.283792153447 966656
1783661870455 149.58263350637222 968704
1783661871279 138.0385076308943 970752
1783661872236 129.17047049366008 972800
1783661873353 114.01087735845002 974848
1783661874203 129.3235989662442 976896
1783661875436 124.0287154174194 978944
1783661876459 147.64754048734304 980992
1783661877601 155.65885098615044 983040
1783661878731 154.00498695017706 985088
1783661879669 146.21373002046985 987136
1783661880924 134.79758780660458 989184
1783661881865 92.31011618829669 991232
1783661882913 87.48478101202917 993280
1783661884120 114.80690825125502 995328
1783661885139 110.10384209260353 997376
1783661886392 123.4671144590573 999424
1783661886758 136.50459136755762 1000000
