1783660322923 1.0 2048
1783660323870 11.0 4096
1783660324937 12.0 6144
1783660326056 14.0 8192
1783660327221 20.0 10240
1783660328402 27.0 12288
1783660329589 31.0 14336
1783660330733 33.0 16384
1783660331868 34.0 18432
1783660333011 35.0 20480
1783660334108 36.0 22528
1783660335295 39.0 24576
1783660336446 41.0 26624
1783660337609 44.0 28672
1783660338734 45.0 30720
1783660339881 50.0 32768
1783660341030 52.0 34816
1783660342223 54.0 36864
1783660343368 55.0 38912
1783660344528 58.0 40960
1783660345696 62.0 43008
1783660346826 63.0 45056
1783660347963 64.0 47104
1783660349091 65.0 49152
1783660350285 68.0 51200
1783660351437 69.0 53248
1783660352539 70.0 55296
1783660353726 72.0 57344
1783660354898 74.0 59392
1783660356047 76.0 61440
1783660357186 77.0 63488
1783660358305 78.0 65536
1783660359384 81.0 67584
1783660360516 83.0 69632
1783660361623 84.0 71680
1783660362585 88.0 73728
1783660363565 90.0 75776
1783660364593 98.0 77824
1783660365568 99.0 79872
1783660366608 102.0 81920
1783660367705 103.0 83968
1783660368871 106.0 86016
1783660370028 107.0 88064
1783660371142 108.0 90112
1783660372219 109.0 92160
1783660373332 112.0 94208
1783660374481 113.0 96256
1783660375609 115.0 98304
1783660376707 116.0 100352
1783660377853 118.0 102400
1783660378933 119.0 104448
1783660380086 120.0 106496
1783660381185 125.0 108544
1783660382198 126.0 110592
1783660383214 128.0 112640
1783660384249 129.0 114688
1783660385180 130.0 116736
1783660386238 132.0 118784
1783660387168 134.0 120832
1783660388107 136.0 122880
1783660389095 138.0 124928
1783660390058 144.0 126976
1783660390979 146.0 129024
1783660392040 147.0 131072
1783660393032 148.0 133120
1783660393988 151.0 135168
1783660395050 153.0 137216
1783660396128 154.0 139264
1783660397190 155.0 141312
1783660398207 157.0 143360
1783660399223 158.0 145408
1783660400213 159.0 147456
1783660401358 161.0 149504
1783660402511 163.0 151552
1783660403618 164.0 153600
1783660404665 165.0 155648
1783660405670 167.0 157696
1783660406669 169.0 159744
1783660407706 171.0 161792
1783660408648 173.0 163840
1783660409588 175.0 165888
1783660410634 176.0 167936
1783660411675 178.0 169984
1783660412729 180.0 172032
1783660413754 181.0 174080
1783660414705 182.0 176128
1783660415628 183.0 178176
1783660416692 185.0 180224
1783660417912 186.0 182272
1783660419067 187.0 184320
1783660420213 188.0 186368
1783660421318 192.0 188416
1783660422409 193.0 190464
1783660423440 195.0 192512
1783660424474 200.0 194560
1783660425454 201.0 196608
1783660426388 203.0 198656
1783660427297 205.0 200704
1783660428216 207.0 202752
1783660429245 209.0 204800
1783660430216 210.0 206848
1783660431157 212.0 208896
1783660432054 213.0 210944
1783660432998 216.0 212992
1783660434045 217.0 215040
1783660434998 218.0 217088
1783660435977 219.0 219136
1783660436939 222.0 221184
1783660437977 224.0 223232
1783660439108 225.0 225280
1783660440259 227.0 227328
1783660441265 229.0 229376
1783660442291 230.0 231424
1783660443334 233.0 233472
1783660444248 235.0 235520
1783660445164 236.0 237568
1783660446268 237.0 239616
1783660447368 238.0 241664
1783660448422 241.0 243712
1783660449454 242.0 245760
1783660450509 243.0 247808
1783660451533 244.0 249856
1783660452427 246.0 251904
1783660453422 249.0 253952
1783660454471 252.0 256000
1783660455490 253.0 258048
1783660456462 254.0 260096
1783660457450 256.0 262144
1783660458386 258.0 264192
1783660459269 260.0 266240
1783660460165 261.0 268288
1783660461246 263.0 270336
1783660462211 264.0 272384
1783660463114 266.0 274432
1783660464169 268.0 276480
1783660465236 270.0 278528
1783660466262 272.0 280576
1783660467265 273.0 282624
1783660468229 276.0 284672
1783660469156 277.0 286720
1783660470068 278.0 288768
1783660471006 279.0 290816
1783660472034 281.0 292864
1783660472971 283.0 294912
1783660473872 284.0 296960
1783660474924 286.0 299008
1783660476059 287.0 301056
1783660477199 289.0 303104
1783660478356 292.0 305152
1783660479461 294.0 307200
1783660480522 296.0 309248
1783660481538 298.0 311296
1783660482567 302.0 313344
1783660483545 303.0 315392
1783660484512 306.0 317440
1783660485411 309.0 319488
1783660486416 311.0 321536
1783660487540 312.0 323584
1783660488540 315.0 325632
1783660489581 317.0 327680
1783660490529 319.0 329728
1783660491438 321.0 331776
1783660492324 323.0 333824
1783660493482 324.0 335872
1783660494494 326.0 337920
1783660495469 327.0 339968
1783660496396 329.0 342016
1783660497286 332.0 344064
1783660498197 334.0 346112
1783660499202 335.0 348160
1783660500193 338.0 350208
1783660501123 339.0 352256
1783660502022 341.0 354304
1783660503164 342.0 356352
1783660504272 345.0 358400
1783660505377 346.0 360448
1783660506477 347.0 362496
1783660507738 351.0 364544
1783660508753 352.0 366592
1783660509757 354.0 368640
1783660510655 356.0 370688
1783660511558 358.0 372736
1783660512556 360.0 374784
1783660513541 361.0 376832
1783660514479 362.0 378880
1783660515442 363.0 380928
1783660516417 366.0 382976
1783660517368 367.0 385024
1783660518412 370.0 387072
1783660519358 373.0 389120
1783660520376 374.0 391168
1783660521410 377.0 393216
1783660522497 378.0 395264
1783660523534 380.0 397312
1783660524515 381.0 399360
1783660525482 382.0 401408
1783660526390 385.0 403456
1783660527513 386.0 405504
1783660528644 390.0 407552
1783660529802 396.0 409600
1783660530923 398.0 411648
1783660532054 400.0 413696
1783660533183 404.0 415744
1783660534162 407.0 417792
1783660535154 409.0 419840
1783660536129 410.0 421888
1783660537176 411.0 423936
1783660538168 414.0 425984
1783660539141 415.0 428032
1783660540071 417.0 430080
1783660540994 418.0 432128
1783660541978 420.0 434176
1783660543097 423.0 436224
1783660544194 425.0 438272
1783660545233 426.0 440320
1783660546250 429.0 442368
1783660547222 432.0 444416
1783660548277 434.0 446464
1783660549308 436.0 448512
1783660550390 438.0 450560
1783660551511 440.0 452608
1783660552677 442.0 454656
1783660553779 444.0 456704
1783660554930 445.0 458752
1783660556063 447.0 460800
1783660557170 451.0 462848
1783660558213 453.0 464896
1783660559313 455.0 466944
1783660560381 458.0 468992
1783660561454 460.0 471040
1783660562536 461.0 473088
1783660563565 464.0 475136
1783660564474 465.0 477184
1783660565489 468.0 479232
1783660566505 470.0 481280
1783660567612 472.0 483328
1783660568713 473.0 485376
1783660569742 475.0 487424
1783660570716 476.0 489472
1783660571707 481.0 491520
1783660572718 483.0 493568
1783660573697 488.0 495616
1783660574705 489.0 497664
1783660575603 491.0 499712
1783660576722 493.0 501760
1783660577823 494.0 503808
1783660578888 496.0 505856
1783660579989 502.0 507904
1783660581047 503.0 509952
1783660582033 504.0 512000
1783660583072 507.0 514048
1783660584187 510.0 516096
1783660585282 512.0 518144
1783660586360 513.0 520192
1783660587502 516.0 522240
1783660588599 519.0 524288
1783660589671 520.0 526336
1783660590771 522.0 528384
1783660591854 524.0 530432
1783660592966 525.0 532480
1783660594017 527.0 534528
1783660595049 532.0 536576
1783660596124 533.0 538624
1783660597239 534.0 540672
1783660598258 541.0 542720
1783660599287 542.0 544768
1783660600323 544.0 546816
1783660601402 545.0 548864
1783660602562 546.0 550912
1783660603728 548.0 552960
1783660604853 551.0 555008
1783660605949 552.0 557056
1783660607076 557.0 559104
1783660608204 559.0 561152
1783660609335 560.0 563200
1783660610428 563.0 565248
1783660611582 567.0 567296
1783660612699 568.0 569344
1783660613713 570.0 571392
1783660614697 572.0 573440
1783660615875 573.0 575488
1783660616936 576.0 577536
1783660618058 577.0 579584
1783660619191 579.0 581632
1783660620265 581.0 583680
1783660621247 582.0 585728
1783660622282 584.0 587776
1783660623430 587.0 589824
1783660624541 589.0 591872
1783660625606 595.0 593920
1783660626692 600.0 595968
1783660627790 603.0 598016
1783660628784 605.0 600064
1783660629796 608.0 602112
1783660630733 612.0 604160
1783660631633 613.0 606208
1783660632664 616.0 608256
1783660633780 619.0 610304
1783660634862 621.0 612352
1783660635859 623.0 614400
1783660636838 624.0 616448
1783660637766 630.0 618496
1783660638693 633.0 620544
1783660639731 637.0 622592
1783660640833 638.0 624640
1783660641929 639.0 626688
1783660643047 641.0 628736
1783660644102 645.0 630784
1783660645142 647.0 632832
1783660646168 648.0 634880
1783660647124 652.0 636928
1783660648062 655.0 638976
1783660649100 657.0 641024
1783660650191 660.0 643072
1783660651300 661.0 645120
1783660652391 662.0 647168
1783660653406 665.0 649216
1783660654360 667.0 651264
1783660655271 668.0 653312
1783660656191 669.0 655360
1783660657235 673.0 657408
1783660658355 674.0 659456
1783660659378 675.0 661504
1783660660381 677.0 663552
1783660661355 679.0 665600
1783660662272 681.0 667648
1783660663198 685.0 669696
1783660664180 686.0 671744
1783660665294 688.0 673792
1783660666374 689.0 675840
1783660667447 690.0 677888
1783660668528 694.0 679936
1783660669523 696.0 681984
1783660670526 697.0 684032
1783660671474 699.0 686080
1783660672393 700.0 688128
1783660673472 701.0 690176
1783660674535 704.0 692224
1783660675672 705.0 694272
1783660676813 710.0 696320
1783660677926 712.0 698368
1783660679000 713.0 700416
1783660680123 715.0 702464
1783660681247 718.0 704512
1783660682354 719.0 706560
1783660683467 721.0 708608
1783660684536 723.0 710656
1783660685653 728.0 712704
1783660686740 729.0 714752
1783660687929 732.0 716800
1783660689048 733.0 718848
1783660690081 736.0 720896
1783660691074 738.0 722944
1783660692036 742.0 724992
1783660692989 743.0 727040
1783660693923 747.0 729088
1783660695029 748.0 731136
1783660696186 750.0 733184
1783660697341 752.0 735232
1783660698431 753.0 737280
1783660699573 756.0 739328
1783660700678 759.0 741376
1783660701799 762.0 743424
1783660702923 765.0 745472
1783660704015 768.0 747520
1783660705118 771.0 749568
1783660706246 772.0 751616
1783660707400 775.0 753664
1783660708491 776.0 755712
1783660709655 779.0 757760
1783660710827 781.0 759808
1783660711891 783.0 761856
1783660713038 784.0 763904
1783660714188 786.0 765952
1783660715346 791.0 768000
1783660716419 796.0 770048
1783660717614 797.0 772096
1783660718744 800.0 774144
1783660719897 802.0 776192
1783660720969 804.0 778240
1783660722088 805.0 780288
1783660723223 810.0 782336
1783660724400 812.0 784384
1783660725505 815.0 786432
1783660726641 820.0 788480
1783660727759 821.0 790528
1783660728879 823.0 792576
1783660730041 824.0 794624
1783660731188 828.0 796672
1783660732308 829.0 798720
1783660733462 832.0 800768
1783660734702 834.0 802816
1783660735882 837.0 804864
1783660737041 840.0 806912
1783660738168 841.0 808960
1783660739254 843.0 811008
1783660740351 844.0 813056
1783660741462 847.0 815104
1783660742544 849.0 817152
1783660743651 852.0 819200
1783660744750 853.0 821248
1783660745895 855.0 823296
1783660746902 857.0 825344
1783660747938 859.0 827392
1783660748975 862.0 829440
1783660749972 865.0 831488
1783660750975 868.0 833536
1783660751965 871.0 835584
1783660752976 874.0 837632
1783660754076 877.0 839680
1783660755240 884.0 841728
1783660756380 885.0 843776
1783660757525 887.0 845824
1783660758681 890.0 847872
1783660759793 892.0 849920
1783660760920 895.0 851968
1783660762033 896.0 854016
1783660763187 898.0 856064
1783660764290 901.0 858112
1783660765369 904.0 860160
1783660766492 906.0 862208
1783660767571 909.0 864256
1783660768648 911.0 866304
1783660769768 913.0 868352
1783660770973 914.0 870400
1783660772029 916.0 872448
1783660773026 918.0 874496
1783660774052 920.0 876544
1783660775090 923.0 878592
1783660776037 924.0 880640
1783660776968 927.0 882688
1783660778037 930.0 884736
1783660779086 932.0 886784
1783660780169 935.0 888832
1783660781243 937.0 890880
1783660782279 942.0 892928
1783660783341 944.0 894976
1783660784290 945.0 897024
1783660785187 947.0 899072
1783660786287 949.0 901120
1783660787408 951.0 903168
1783660788535 954.0 905216
1783660789595 957.0 907264
1783660790668 963.0 909312
1783660791674 965.0 911360
1783660792630 968.0 913408
1783660793554 972.0 915456
1783660794564 975.0 917504
1783660795709 980.0 919552
1783660796873 985.0 921600
1783660797934 993.0 923648
1783660798992 995.0 925696
1783660800167 998.0 927744
1783660801280 999.0 929792
1783660802311 1001.0 931840
1783660803295 1003.0 933888
1783660804262 1006.0 935936
1783660805201 1007.0 937984
1783660806077 1010.0 940032
1783660807146 1013.0 942080
1783660808195 1015.0 944128
1783660809254 1019.0 946176
1783660810353 1020.0 948224
1783660811436 1023.0 950272
1783660812454 1026.0 952320
1783660813410 1029.0 954368
1783660814329 1030.0 956416
1783660815384 1032.0 958464
1783660816485 1035.0 960512
1783660817547 1038.0 962560
1783660818595 1040.0 964608
1783660819639 1042.0 966656
1783660820612 1044.0 968704
1783660821632 1047.0 970752
1783660822611 1049.0 972800
1783660823572 1051.0 974848
1783660824626 1054.0 976896
1783660825730 1056.0 978944
1783660826737 1058.0 980992
1783660827785 1061.0 983040
1783660828778 1065.0 985088
1783660829708 1066.0 987136
1783660830659 1068.0 989184
1783660831664 1073.0 991232
1783660832713 1075.0 993280
1783660833819 1078.0 995328
1783660834876 1080.0 997376
1783660835890 1082.0 999424
1783660836225 1083.0 1000000
