1783660322923 -118.63025665283203 2048
1783660323870 -108.05491222034802 4096
1783660324937 -107.32494354248047 6144
1783660326056 -107.21608025687081 8192
1783660327221 -107.736767578125 10240
1783660328402 -107.52541809082031 12288
1783660329589 -109.18013954162598 14336
1783660330733 -108.02085647583007 16384
1783660331868 -107.70631828308106 18432
1783660333011 -107.19575653076171 20480
1783660334108 -105.84707298278809 22528
1783660335295 -103.07880363464355 24576
1783660336446 -101.16385803222656 26624
1783660337609 -99.412353515625 28672
1783660338734 -97.98918418884277 30720
1783660339881 -95.15823783874512 32768
1783660341030 -94.19682159423829 34816
1783660342223 -95.17128257751465 36864
1783660343368 -95.2206256866455 38912
1783660344528 -96.68172950744629 40960
1783660345696 -98.00781173706055 43008
1783660346826 -96.86172370910644 45056
1783660347963 -95.11526908874512 47104
1783660349091 -94.98030319213868 49152
1783660350285 -95.05579566955566 51200
1783660351437 -92.4490249633789 53248
1783660352539 -92.19421577453613 55296
1783660353726 -92.13088417053223 57344
1783660354898 -89.36814002990722 59392
1783660356047 -89.45581283569337 61440
1783660357186 -87.36554679870605 63488
1783660358305 -85.56245651245118 65536
1783660359384 -86.02218418121338 67584
1783660360516 -86.66525096893311 69632
1783660361623 -86.92765789031982 71680
1783660362585 -84.88385906219483 73728
1783660363565 -87.12684650421143 75776
1783660364593 -99.98785915374756 77824
1783660365568 -100.23725967407226 79872
1783660366608 -95.416868019104 81920
1783660367705 -92.8140287399292 83968
1783660368871 -96.01496486663818 86016
1783660370028 -96.2213581085205 88064
1783660371142 -93.77020092010498 90112
1783660372219 -91.07781581878662 92160
1783660373332 -89.51035575866699 94208
1783660374481 -86.73139171600342 96256
1783660375609 -79.53761310577393 98304
1783660376707 -75.79492855072021 100352
1783660377853 -71.61280126571656 102400
1783660378933 -69.89781856536865 104448
1783660380086 -67.9500337600708 106496
1783660381185 -72.15864114761352 108544
1783660382198 -68.5090823173523 110592
1783660383214 -64.5526873588562 112640
1783660384249 -62.21976613998413 114688
1783660385180 -60.786265754699706 116736
1783660386238 -56.03190574645996 118784
1783660387168 -59.145802879333495 120832
1783660388107 -62.96370143890381 122880
1783660389095 -62.070976638793944 124928
1783660390058 -68.68966999053956 126976
1783660390979 -62.67102022171021 129024
1783660392040 -63.13364887237549 131072
1783660393032 -62.02449860572815 133120
1783660393988 -71.52335925102234 135168
1783660395050 -64.49225536584854 137216
1783660396128 -57.85765575170517 139264
1783660397190 -56.240115797519685 141312
1783660398207 -48.862674224376676 143360
1783660399223 -42.0191464304924 145408
1783660400213 -40.62989739775658 147456
1783660401358 -32.63145989775658 149504
1783660402511 -18.439139646291732 151552
1783660403618 -10.4028828561306 153600
1783660404665 -7.708781522512436 155648
1783660405670 -7.751852124929428 157696
1783660406669 -8.89872059226036 159744
1783660407706 1.1454515039920807 161792
1783660408648 -1.4283338844776154 163840
1783660409588 4.434028309583664 165888
1783660410634 7.05578927397728 167936
1783660411675 1.9690673768520355 169984
1783660412729 5.871233367919922 172032
1783660413754 14.898105239868164 174080
1783660414705 16.048952484130858 176128
1783660415628 17.76038932800293 178176
1783660416692 19.480606269836425 180224
1783660417912 21.2020751953125 182272
1783660419067 29.755873107910155 184320
1783660420213 32.005913162231444 186368
1783660421318 29.106614112854004 188416
1783660422409 40.23514194488526 190464
1783660423440 34.89151496887207 192512
1783660424474 23.90816421508789 194560
1783660425454 25.55221824645996 196608
1783660426388 25.749551391601564 198656
1783660427297 19.389832305908204 200704
1783660428216 4.06838092803955 202752
1783660429245 5.096048164367676 204800
1783660430216 6.843569755554199 206848
1783660431157 11.37913875579834 208896
1783660432054 10.525322151184081 210944
1783660432998 2.4577850341796874 212992
1783660434045 14.452921676635743 215040
1783660434998 25.81041603088379 217088
1783660435977 35.52703514099121 219136
1783660436939 23.07621612548828 221184
1783660437977 25.20477237701416 223232
1783660439108 26.82270030975342 225280
1783660440259 33.735474014282225 227328
1783660441265 34.89048385620117 229376
1783660442291 37.25705795288086 231424
1783660443334 35.25276546478271 233472
1783660444248 35.97436466217041 235520
1783660445164 46.27104549407959 237568
1783660446268 47.183614540100095 239616
1783660447368 47.926119041442874 241664
1783660448422 46.48337116241455 243712
1783660449454 56.65465831756592 245760
1783660450509 56.69058132171631 247808
1783660451533 65.23715629577637 249856
1783660452427 67.91439247131348 251904
1783660453422 52.635060501098636 253952
1783660454471 51.01169395446777 256000
1783660455490 49.83690872192383 258048
1783660456462 50.65150184631348 260096
1783660457450 56.79649066925049 262144
1783660458386 44.57845897674561 264192
1783660459269 35.291946983337404 266240
1783660460165 46.84506359100342 268288
1783660461246 50.38613491058349 270336
1783660462211 50.191405296325684 272384
1783660463114 32.144528007507326 274432
1783660464169 35.79959354400635 276480
1783660465236 60.40795974731445 278528
1783660466262 61.10716361999512 280576
1783660467265 56.507236862182616 282624
1783660468229 53.17106971740723 284672
1783660469156 53.93984260559082 286720
1783660470068 66.9576904296875 288768
1783660471006 66.9463264465332 290816
1783660472034 82.04832191467285 292864
1783660472971 74.11894493103027 294912
1783660473872 66.28314666748047 296960
1783660474924 90.31617431640625 299008
1783660476059 82.7306900024414 301056
1783660477199 89.1200304031372 303104
1783660478356 86.879518699646 305152
1783660479461 82.17795619964599 307200
1783660480522 75.08180942535401 309248
1783660481538 63.48818531036377 311296
1783660482567 49.37428646087646 313344
1783660483545 47.59666271209717 315392
1783660484512 27.61760196685791 317440
1783660485411 22.676523780822755 319488
1783660486416 23.014538764953613 321536
1783660487540 32.99073657989502 323584
1783660488540 31.158154678344726 325632
1783660489581 31.277459716796876 327680
1783660490529 34.5665096282959 329728
1783660491438 50.76676559448242 331776
1783660492324 31.822875595092775 333824
1783660493482 31.273727035522462 335872
1783660494494 61.61075286865234 337920
1783660495469 58.64625549316406 339968
1783660496396 78.07107028961181 342016
1783660497286 65.71891803741455 344064
1783660498197 61.50887756347656 346112
1783660499202 70.25844917297363 348160
1783660500193 67.91439170837403 350208
1783660501123 73.13653411865235 352256
1783660502022 72.88304748535157 354304
1783660503164 81.61533813476562 356352
1783660504272 77.0141098022461 358400
1783660505377 76.90896682739258 360448
1783660506477 71.482177734375 362496
1783660507738 56.84501342773437 364544
1783660508753 70.24321975708008 366592
1783660509757 71.80143585205079 368640
1783660510655 64.26940002441407 370688
1783660511558 71.0929141998291 372736
1783660512556 68.98598213195801 374784
1783660513541 85.70957298278809 376832
1783660514479 85.91075477600097 378880
1783660515442 86.72290229797363 380928
1783660516417 94.37211189270019 382976
1783660517368 103.68206214904785 385024
1783660518412 88.05294265747071 387072
1783660519358 91.81182594299317 389120
1783660520376 106.16364707946778 391168
1783660521410 81.43786125183105 393216
1783660522497 95.55904350280761 395264
1783660523534 104.71524162292481 397312
1783660524515 103.12655906677246 399360
1783660525482 103.19814033508301 401408
1783660526390 94.50883026123047 403456
1783660527513 88.51099014282227 405504
1783660528644 97.89841423034667 407552
1783660529802 51.027622604370116 409600
1783660530923 54.68024787902832 411648
1783660532054 39.8923225402832 413696
1783660533183 6.464255523681641 415744
1783660534162 2.549618148803711 417792
1783660535154 1.3895133972167968 419840
1783660536129 18.292507934570313 421888
1783660537176 34.5630989074707 423936
1783660538168 62.141495895385745 425984
1783660539141 79.30971603393554 428032
1783660540071 93.39693298339844 430080
1783660540994 84.35521087646484 432128
1783660541978 101.14074745178223 434176
1783660543097 102.44992790222167 436224
1783660544194 112.12150344848632 438272
1783660545233 112.42001113891601 440320
1783660546250 113.37731285095215 442368
1783660547222 97.35919990539551 444416
1783660548277 97.66697731018067 446464
1783660549308 109.28862953186035 448512
1783660550390 91.73803691864013 450560
1783660551511 92.78314723968506 452608
1783660552677 93.63422946929931 454656
1783660553779 95.02082614898681 456704
1783660554930 112.86241397857665 458752
1783660556063 90.5646577835083 460800
1783660557170 108.73233013153076 462848
1783660558213 91.7340166091919 464896
1783660559313 91.26900997161866 466944
1783660560381 82.36830406188965 468992
1783660561454 81.33188667297364 471040
1783660562536 81.53083610534668 473088
1783660563565 71.68973350524902 475136
1783660564474 70.49106712341309 477184
1783660565489 60.907195281982425 479232
1783660566505 94.34138641357421 481280
1783660567612 70.67013092041016 483328
1783660568713 78.40623817443847 485376
1783660569742 88.90133705139161 487424
1783660570716 89.23375663757324 489472
1783660571707 71.93797187805175 491520
1783660572718 77.91544151306152 493568
1783660573697 52.81952438354492 495616
1783660574705 53.294559478759766 497664
1783660575603 47.0161190032959 499712
1783660576722 68.98959503173828 501760
1783660577823 61.16104431152344 503808
1783660578888 50.40766983032226 505856
1783660579989 33.61597785949707 507904
1783660581047 50.8190731048584 509952
1783660582033 44.29990119934082 512000
1783660583072 63.94397811889648 514048
1783660584187 64.56086921691895 516096
1783660585282 64.67468376159668 518144
1783660586360 64.69011116027832 520192
1783660587502 72.64240188598633 522240
1783660588599 70.96496124267578 524288
1783660589671 88.21870079040528 526336
1783660590771 87.67955513000489 528384
1783660591854 92.2617031097412 530432
1783660592966 92.28383674621583 532480
1783660594017 108.18144454956055 534528
1783660595049 90.92858772277832 536576
1783660596124 91.20299263000489 538624
1783660597239 90.65616874694824 540672
1783660598258 48.901516342163085 542720
1783660599287 66.22910423278809 544768
1783660600323 67.757612991333 546816
1783660601402 67.89887886047363 548864
1783660602562 68.05516700744629 550912
1783660603728 84.81105575561523 552960
1783660604853 88.65748519897461 555008
1783660605949 98.57000846862793 557056
1783660607076 68.92459678649902 559104
1783660608204 98.19086723327636 561152
1783660609335 109.07387504577636 563200
1783660610428 99.65008544921875 565248
1783660611582 54.290272903442386 567296
1783660612699 55.83774528503418 569344
1783660613713 55.801995849609376 571392
1783660614697 70.19151077270507 573440
1783660615875 69.95136108398438 575488
1783660616936 99.56771049499511 577536
1783660618058 110.48799133300781 579584
1783660619191 95.3752254486084 581632
1783660620265 111.63891716003418 583680
1783660621247 129.20000724792482 585728
1783660622282 122.63010292053222 587776
1783660623430 139.86929092407226 589824
1783660624541 122.16933555603028 591872
1783660625606 83.82272415161133 593920
1783660626692 34.8024959564209 595968
1783660627790 -1.188248062133789 598016
1783660628784 -1.2169055938720703 600064
1783660629796 -2.297219467163086 602112
1783660630733 -1.6411388397216797 604160
1783660631633 7.686920547485352 606208
1783660632664 18.461082458496094 608256
1783660633780 36.64084129333496 610304
1783660634862 36.75826873779297 612352
1783660635859 72.03902816772461 614400
1783660636838 72.61260147094727 616448
1783660637766 55.60373725891113 618496
1783660638693 55.406371688842775 620544
1783660639731 31.163844299316406 622592
1783660640833 42.59018898010254 624640
1783660641929 59.7300609588623 626688
1783660643047 66.4623867034912 628736
1783660644102 31.65725326538086 630784
1783660645142 35.94008598327637 632832
1783660646168 53.65440139770508 634880
1783660647124 77.44615898132324 636928
1783660648062 60.086842727661136 638976
1783660649100 90.2897933959961 641024
1783660650191 65.49075012207031 643072
1783660651300 76.43294944763184 645120
1783660652391 76.53573417663574 647168
1783660653406 94.51657791137696 649216
1783660654360 95.19199066162109 651264
1783660655271 92.89713897705079 653312
1783660656191 92.57608947753906 655360
1783660657235 104.16907844543456 657408
1783660658355 121.5409107208252 659456
1783660659378 139.2499912261963 661504
1783660660381 139.8257022857666 663552
1783660661355 149.16571311950685 665600
1783660662272 131.26517906188965 667648
1783660663198 114.33010215759278 669696
1783660664180 114.95147361755372 671744
1783660665294 128.78054695129396 673792
1783660666374 129.1672763824463 675840
1783660667447 129.22651176452638 677888
1783660668528 128.55920295715333 679936
1783660669523 117.34137344360352 681984
1783660670526 117.3783203125 684032
1783660671474 138.94304656982422 686080
1783660672393 138.95687026977538 688128
1783660673472 156.3458740234375 690176
1783660674535 156.07301635742186 692224
1783660675672 173.45131187438966 694272
1783660676813 103.36159248352051 696320
1783660677926 120.59910583496094 698368
1783660679000 121.43206634521485 700416
1783660680123 132.6214500427246 702464
1783660681247 114.74624938964844 704512
1783660682354 115.09456329345703 706560
1783660683467 116.64014053344727 708608
1783660684536 100.01933784484864 710656
1783660685653 91.32053337097167 712704
1783660686740 108.97281150817871 714752
1783660687929 112.5134838104248 716800
1783660689048 112.88668556213379 718848
1783660690081 98.50974369049072 720896
1783660691074 107.49065570831299 722944
1783660692036 72.31727352142335 724992
1783660692989 90.01671772003174 727040
1783660693923 108.25451717376708 729088
1783660695029 116.62904033660888 731136
1783660696186 117.57906932830811 733184
1783660697341 133.84561862945557 735232
1783660698431 134.11008548736572 737280
1783660699573 142.73778190612794 739328
1783660700678 123.3357889175415 741376
1783660701799 113.46390514373779 743424
1783660702923 110.87414226531982 745472
1783660704015 96.3274751663208 747520
1783660705118 77.81237506866455 749568
1783660706246 77.83509922027588 751616
1783660707400 72.222532081604 753664
1783660708491 84.03096675872803 755712
1783660709655 95.53787078857422 757760
1783660710827 109.9621368408203 759808
1783660711891 135.0761447906494 761856
1783660713038 134.80581245422363 763904
1783660714188 164.5896282196045 765952
1783660715346 133.90942993164063 768000
1783660716419 88.72289772033692 770048
1783660717614 88.6722858428955 772096
1783660718744 93.16854515075684 774144
1783660719897 89.88851776123047 776192
1783660720969 89.9818130493164 778240
1783660722088 90.30960998535156 780288
1783660723223 86.3910587310791 782336
1783660724400 100.68681869506835 784384
1783660725505 98.26388587951661 786432
1783660726641 79.14182548522949 788480
1783660727759 78.70704460144043 790528
1783660728879 95.33954200744628 792576
1783660730041 95.54299430847168 794624
1783660731188 96.77562294006347 796672
1783660732308 96.82609748840332 798720
1783660733462 107.65459976196288 800768
1783660734702 125.30158081054688 802816
1783660735882 119.29651527404785 804864
1783660737041 130.00902976989747 806912
1783660738168 129.90642280578612 808960
1783660739254 129.43160667419434 811008
1783660740351 128.95736961364747 813056
1783660741462 131.21014442443848 815104
1783660742544 133.4030673980713 817152
1783660743651 132.4679470062256 819200
1783660744750 132.2810001373291 821248
1783660745895 142.37622108459473 823296
1783660746902 155.9090774536133 825344
1783660747938 161.08243560791016 827392
1783660748975 141.16224975585936 829440
1783660749972 123.37653617858886 831488
1783660750975 108.37978324890136 833536
1783660751965 100.35467910766602 835584
1783660752976 88.47177200317383 837632
1783660754076 68.07959442138672 839680
1783660755240 18.091135787963868 841728
1783660756380 36.40403518676758 843776
1783660757525 38.95462226867676 845824
1783660758681 34.53041381835938 847872
1783660759793 52.415795135498044 849920
1783660760920 65.13473434448242 851968
1783660762033 83.59527893066407 854016
1783660763187 102.09808578491212 856064
1783660764290 136.18325004577636 858112
1783660765369 142.31485557556152 860160
1783660766492 133.1467197418213 862208
1783660767571 125.36305122375488 864256
1783660768648 138.73008766174317 866304
1783660769768 138.7789134979248 868352
1783660770973 139.08010139465333 870400
1783660772029 157.2274211883545 872448
1783660773026 139.07791290283203 874496
1783660774052 138.72579116821288 876544
1783660775090 151.78867797851564 878592
1783660776037 169.96660385131835 880640
1783660776968 160.56168670654296 882688
1783660778037 178.60641593933104 884736
1783660779086 162.65970191955566 886784
1783660780169 144.05947456359863 888832
1783660781243 119.49292945861816 890880
1783660782279 102.28847465515136 892928
1783660783341 102.15869483947753 894976
1783660784290 102.88364524841309 897024
1783660785187 121.96658058166504 899072
1783660786287 140.3144847869873 901120
1783660787408 157.39838905334472 903168
1783660788535 126.70508728027343 905216
1783660789595 132.85855712890626 907264
1783660790668 106.54447212219239 909312
1783660791674 97.38370475769042 911360
1783660792630 79.64359436035156 913408
1783660793554 52.22293395996094 915456
1783660794564 48.0442081451416 917504
1783660795709 48.05898017883301 919552
1783660796873 41.750115394592285 921600
1783660797934 -26.555490684509277 923648
1783660798992 0.22640323638916016 925696
1783660800167 21.176201820373535 927744
1783660801280 21.058860206604002 929792
1783660802311 39.50304546356201 931840
1783660803295 73.15254287719726 933888
1783660804262 103.80385665893554 935936
1783660805201 122.06408958435058 937984
1783660806077 140.11253814697267 940032
1783660807146 172.5897445678711 942080
1783660808195 159.6032802581787 944128
1783660809254 147.6532039642334 946176
1783660810353 148.0166217803955 948224
1783660811436 128.68910179138183 950272
1783660812454 129.1119426727295 952320
1783660813410 110.9721248626709 954368
1783660814329 129.46603813171387 956416
1783660815384 138.84227714538574 958464
1783660816485 146.91449241638185 960512
1783660817547 137.07571754455566 962560
1783660818595 156.34085083007812 964608
1783660819639 176.15927200317384 966656
1783660820612 171.13299331665038 968704
1783660821632 150.75020599365234 970752
1783660822611 159.98137435913085 972800
1783660823572 160.06389236450195 974848
1783660824626 140.92864418029785 976896
1783660825730 149.6534065246582 978944
1783660826737 169.18404159545898 980992
1783660827785 150.1884407043457 983040
1783660828778 134.32701301574707 985088
1783660829708 139.7270778656006 987136
1783660830659 156.64012641906737 989184
1783660831664 110.03122367858887 991232
1783660832713 110.32660903930665 993280
1783660833819 109.23296928405762 995328
1783660834876 126.98178291320801 997376
1783660835890 127.03608131408691 999424
1783660836225 112.55381393432617 1000000
