1783687965695 1.3850593008100986 2048
1783687966608 1.3826147094368935 4096
1783687967554 1.3715457152575254 6144
1783687968500 1.3732059421017766 8192
1783687969424 1.361075178720057 10240
1783687970270 1.3505438333377242 12288
1783687971225 1.3377412157133222 14336
1783687972108 1.3349648527801037 16384
1783687972920 1.317860939539969 18432
1783687973851 1.2912117885425687 20480
1783687975866 1.2921059122309089 22528
1783687980597 1.2695177160203457 24576
1783687984280 1.2648155018687248 26624
1783687985222 1.2683624001219869 28672
1783687986205 1.2624942576512694 30720
1783687987164 1.2720277542248368 32768
1783687988166 1.1831440646201372 34816
1783687989063 1.1724839890375733 36864
1783687990026 1.2105610510334373 38912
1783687990963 1.1733476324006915 40960
1783687991824 1.2499006232246757 43008
1783687992752 1.1669507855549455 45056
1783687993827 1.1889688894152641 47104
1783687994771 1.2262222561985254 49152
1783687995677 1.167601827532053 51200
1783687996711 1.1186471981927752 53248
1783687997651 1.098257469944656 55296
1783687998567 1.154441861435771 57344
1783687999477 1.0752428779378533 59392
1783688000329 1.12350953835994 61440
1783688001219 1.0491867838427424 63488
1783688002126 1.071172021329403 65536
