1783687965695 1209.0 2048
1783687966608 1571.0 4096
1783687967554 1729.0 6144
1783687968500 1821.0 8192
1783687969424 1888.0 10240
1783687970270 1960.0 12288
1783687971225 1984.0 14336
1783687972108 2021.0 16384
1783687972920 2066.0 18432
1783687973851 2079.0 20480
1783687975866 1898.0 22528
1783687980597 1480.0 24576
1783687984280 1312.0 26624
1783687985222 1351.0 28672
1783687986205 1383.0 30720
1783687987164 1414.0 32768
1783687988166 1440.0 34816
1783687989063 1470.0 36864
1783687990026 1495.0 38912
1783687990963 1519.0 40960
1783687991824 1545.0 43008
1783687992752 1567.0 45056
1783687993827 1579.0 47104
1783687994771 1597.0 49152
1783687995677 1616.0 51200
1783687996711 1627.0 53248
1783687997651 1643.0 55296
1783687998567 1659.0 57344
1783687999477 1674.0 59392
1783688000329 1691.0 61440
1783688001219 1705.0 63488
1783688002126 1719.0 65536
