1783687965695 -0.003787517944147112 2048
1783687966608 -0.0017422523887944408 4096
1783687967554 -0.004272785437933635 6144
1783687968500 -0.0024404231407970656 8192
1783687969424 -0.0022739475243724883 10240
1783687970270 -0.002251911620987812 12288
1783687971225 -0.0033165112108690664 14336
1783687972108 -0.002712176716158865 16384
1783687972920 -0.0025293591897934675 18432
1783687973851 -0.0019882764645444695 20480
1783687975866 -0.0012282946554478258 22528
1783687980597 -0.002800778203891241 24576
1783687984280 -0.0015972183846315602 26624
1783687985222 -0.001917527622936177 28672
1783687986205 -0.002568080057244515 30720
1783687987164 -0.007756709797831718 32768
1783687988166 -0.0020328636601334438 34816
1783687989063 -0.0027549226288101636 36864
1783687990026 -0.0024851644184309407 38912
1783687990963 -0.0028992308471060824 40960
1783687991824 -0.0028925899423484225 43008
1783687992752 -0.0008500100884702988 45056
1783687993827 -0.0011690769824781455 47104
1783687994771 -0.0031625814153812826 49152
1783687995677 -0.004388980752992211 51200
1783687996711 -0.004195618195808493 53248
1783687997651 -0.0021690233879780862 55296
1783687998567 -0.006016850591549883 57344
1783687999477 -0.0028865267613582546 59392
1783688000329 -0.0026097468507941812 61440
1783688001219 -0.004872515262832167 63488
1783688002126 -0.003223293308110442 65536
