1783687965695 433.5800665616989 2048
1783687966608 283.44757902622223 4096
1783687967554 425.69736778736115 6144
1783687968500 339.63946652412415 8192
1783687969424 210.00031381845474 10240
1783687970270 323.83370846509933 12288
1783687971225 263.7051682472229 14336
1783687972108 255.68091118335724 16384
1783687972920 122.62004148960114 18432
1783687973851 278.81301951408386 20480
1783687975866 132.0025906264782 22528
1783687980597 142.09323853254318 24576
1783687984280 159.397528976202 26624
1783687985222 149.84279245138168 28672
1783687986205 165.46309009194374 30720
1783687987164 80.12619961798191 32768
1783687988166 132.26740977168083 34816
1783687989063 160.22647029161453 36864
1783687990026 102.20420578122139 38912
1783687990963 260.59276032447815 40960
1783687991824 96.69334863126278 43008
1783687992752 162.5439097881317 45056
1783687993827 117.43556213378906 47104
1783687994771 54.27294884622097 49152
1783687995677 133.86953508853912 51200
1783687996711 88.479701846838 53248
1783687997651 100.53958375751972 55296
1783687998567 33.67256070673466 57344
1783687999477 76.77305021882057 59392
1783688000329 48.42985785752535 61440
1783688001219 66.11060258746147 63488
1783688002126 66.13781698048115 65536
