1783687965695 867.1954083442688 2048
1783687966608 566.9262939691544 4096
1783687967554 851.4307103157043 6144
1783687968500 679.3112812042236 8192
1783687969424 420.03239822387695 10240
1783687970270 647.6989297866821 12288
1783687971225 527.4437212944031 14336
1783687972108 511.393944978714 16384
1783687972920 245.27149951457977 18432
1783687973851 557.655840754509 20480
1783687975866 264.03348088264465 22528
1783687980597 284.21746814250946 24576
1783687984280 318.8235493898392 26624
1783687985222 299.71478754282 28672
1783687986205 330.9565649628639 30720
1783687987164 160.29335191845894 32768
1783687988166 264.5625469684601 34816
1783687989063 320.4819023013115 36864
1783687990026 204.43759447336197 38912
1783687990963 521.214786529541 40960
1783687991824 193.417479544878 43008
1783687992752 325.1128599643707 45056
1783687993827 234.89724200963974 47104
1783687994771 108.5767474770546 49152
1783687995677 267.77120065689087 51200
1783687996711 176.99016791582108 53248
1783687997651 201.10547098517418 55296
1783687998567 67.38024404644966 57344
1783687999477 153.57337847352028 59392
1783688000329 96.88740520179272 61440
1783688001219 132.2519343495369 63488
1783688002126 132.30350410938263 65536
