1783696115373 22.0 2048
1783696116415 43.0 4096
1783696118665 66.0 6144
1783696125938 86.0 8192
1783696133451 107.0 10240
1783696141539 126.0 12288
1783696143852 144.0 14336
1783696144833 156.0 16384
1783696145815 170.0 18432
1783696146852 187.0 20480
1783696148054 202.0 22528
1783696149266 216.0 24576
1783696150448 230.0 26624
1783696151657 243.0 28672
1783696152862 256.0 30720
1783696154156 265.0 32768
1783696155385 275.0 34816
1783696156609 282.0 36864
1783696157856 289.0 38912
1783696159067 301.0 40960
1783696160329 307.0 43008
1783696161575 323.0 45056
1783696162800 336.0 47104
1783696163976 343.0 49152
1783696165211 352.0 51200
1783696166466 363.0 53248
1783696167575 372.0 55296
1783696169948 376.0 57344
1783696176204 382.0 59392
1783696184535 389.0 61440
1783696190857 397.0 63488
1783696197045 402.0 65536
1783696202720 408.0 67584
1783696210709 415.0 69632
1783696219234 417.0 71680
1783696227917 419.0 73728
1783696236153 423.0 75776
1783696244466 426.0 77824
1783696249272 428.0 79872
1783696250193 431.0 81920
1783696251164 435.0 83968
1783696258806 437.0 86016
1783696265356 439.0 88064
1783696273684 442.0 90112
1783696282505 444.0 92160
1783696289704 447.0 94208
1783696295302 449.0 96256
1783696304224 451.0 98304
1783696313116 453.0 100352
1783696321933 455.0 102400
1783696330214 457.0 104448
1783696332665 460.0 106496
1783696333894 462.0 108544
1783696341605 464.0 110592
1783696347726 467.0 112640
1783696356324 469.0 114688
1783696364714 471.0 116736
1783696373027 473.0 118784
1783696381992 475.0 120832
1783696390323 477.0 122880
1783696399418 480.0 124928
1783696407943 482.0 126976
1783696416585 485.0 129024
1783696424860 487.0 131072
1783696433647 489.0 133120
1783696442296 491.0 135168
1783696451087 493.0 137216
1783696459272 496.0 139264
1783696467752 499.0 141312
1783696475865 502.0 143360
1783696480831 504.0 145408
1783696489321 507.0 147456
1783696497703 509.0 149504
1783696506263 512.0 151552
1783696514031 515.0 153600
1783696522082 518.0 155648
1783696529864 521.0 157696
1783696538327 523.0 159744
1783696546330 526.0 161792
1783696554324 531.0 163840
1783696562427 534.0 165888
1783696570738 538.0 167936
1783696579046 541.0 169984
1783696586740 545.0 172032
1783696595099 549.0 174080
1783696603038 552.0 176128
1783696611463 556.0 178176
1783696619460 560.0 180224
1783696627598 564.0 182272
1783696635947 567.0 184320
1783696644178 571.0 186368
1783696652707 576.0 188416
1783696660850 580.0 190464
1783696669307 585.0 192512
1783696677330 589.0 194560
1783696685930 594.0 196608
1783696694226 599.0 198656
1783696702572 604.0 200704
1783696711202 609.0 202752
1783696719178 614.0 204800
1783696727356 619.0 206848
1783696734831 625.0 208896
1783696742154 629.0 210944
1783696743981 634.0 212992
1783696745000 640.0 215040
1783696745894 645.0 217088
1783696746916 650.0 219136
1783696749819 655.0 221184
1783696756317 660.0 223232
1783696763150 665.0 225280
1783696772498 671.0 227328
1783696781279 677.0 229376
1783696789955 683.0 231424
1783696798881 689.0 233472
1783696807466 695.0 235520
1783696816719 700.0 237568
1783696825175 705.0 239616
1783696833253 711.0 241664
1783696840017 716.0 243712
1783696848476 719.0 245760
1783696856999 724.0 247808
1783696865158 730.0 249856
1783696873587 735.0 251904
1783696881859 740.0 253952
1783696890546 746.0 256000
1783696898878 752.0 258048
1783696907246 757.0 260096
1783696915680 762.0 262144
1783696924477 768.0 264192
1783696932830 775.0 266240
1783696941536 781.0 268288
1783696949496 787.0 270336
1783696957845 793.0 272384
1783696966332 800.0 274432
1783696974683 806.0 276480
1783696983366 810.0 278528
1783696991234 814.0 280576
1783696999540 820.0 282624
1783697007370 827.0 284672
1783697015659 833.0 286720
1783697023467 838.0 288768
1783697031900 842.0 290816
1783697040468 846.0 292864
1783697048447 852.0 294912
1783697056408 858.0 296960
1783697064362 864.0 299008
1783697072717 871.0 301056
1783697080332 876.0 303104
1783697088425 882.0 305152
1783697096553 888.0 307200
1783697104345 894.0 309248
1783697112359 900.0 311296
1783697120191 906.0 313344
1783697128242 910.0 315392
1783697136303 915.0 317440
1783697144550 921.0 319488
1783697152721 927.0 321536
1783697159777 933.0 323584
1783697168318 939.0 325632
1783697176363 944.0 327680
1783697184576 950.0 329728
1783697192666 956.0 331776
1783697199934 961.0 333824
1783697207640 967.0 335872
1783697215535 973.0 337920
1783697221440 980.0 339968
1783697230061 986.0 342016
1783697238846 991.0 344064
1783697247555 996.0 346112
1783697255982 1000.0 348160
1783697264780 1006.0 350208
1783697273178 1011.0 352256
1783697282207 1015.0 354304
1783697290786 1020.0 356352
1783697299147 1025.0 358400
1783697307830 1030.0 360448
1783697316652 1035.0 362496
1783697324997 1039.0 364544
1783697333856 1043.0 366592
1783697342448 1047.0 368640
1783697351047 1052.0 370688
1783697359953 1056.0 372736
1783697368183 1060.0 374784
1783697376710 1064.0 376832
1783697384988 1067.0 378880
1783697387065 1071.0 380928
1783697388067 1074.0 382976
1783697389024 1078.0 385024
1783697390203 1082.0 387072
1783697391352 1086.0 389120
1783697392461 1090.0 391168
1783697393641 1092.0 393216
1783697394927 1096.0 395264
1783697396123 1099.0 397312
1783697397281 1104.0 399360
1783697398497 1107.0 401408
1783697399645 1111.0 403456
1783697400683 1115.0 405504
1783697401736 1119.0 407552
1783697406553 1122.0 409600
1783697407609 1126.0 411648
1783697409138 1130.0 413696
