1783696115373 -190.3197649125647 2048
1783696116415 -145.0091437378399 4096
1783696118665 -161.68638008402726 6144
1783696125938 -151.0268105795979 8192
1783696133451 -104.19877553288116 10240
1783696141539 -158.82916091776136 12288
1783696143852 -141.86640960050119 14336
1783696144833 -144.21140671275538 16384
1783696145815 -111.48722758558638 18432
1783696146852 -144.55570061863426 20480
1783696148054 -102.97712245122727 22528
1783696149266 -98.07209153820432 24576
1783696150448 -109.27865613362621 26624
1783696151657 -90.53524516445867 28672
1783696152862 -84.44721900661996 30720
1783696154156 -80.77156629246129 32768
1783696155385 -86.63279099523086 34816
1783696156609 -133.11672168947172 36864
1783696157856 -114.87211444366025 38912
1783696159067 -132.38997852310746 40960
1783696160329 -105.70288214008356 43008
1783696161575 -57.665185344738845 45056
1783696162800 -52.094082974240834 47104
1783696163976 -39.40229618678999 49152
1783696165211 -49.722411477003945 51200
1783696166466 -64.12628104101428 53248
1783696167575 -47.40125748657723 55296
1783696169948 -51.291248464930916 57344
1783696176204 -53.09722375429783 59392
1783696184535 -47.44116647321556 61440
1783696190857 -30.758977121604083 63488
1783696197045 -29.07279091848895 65536
1783696202720 -32.09161789865144 67584
1783696210709 -39.0996883060635 69632
1783696219234 -39.944006881097884 71680
1783696227917 -36.40115615360233 73728
1783696236153 -25.55660953006886 75776
1783696244466 -27.55162262395233 77824
1783696249272 -19.12251107578295 79872
1783696250193 -1.8931330788767782 81920
1783696251164 15.603983633810966 83968
1783696258806 28.46591696840296 86016
1783696265356 33.175793988628534 88064
1783696273684 42.32594272484949 90112
1783696282505 50.51405133452816 92160
1783696289704 50.23626556480754 94208
1783696295302 58.09811922000888 96256
1783696304224 57.17743848094477 98304
1783696313116 60.693852872469805 100352
1783696321933 63.87025816597596 102400
1783696330214 50.36392612148428 104448
1783696332665 39.01314384415532 106496
1783696333894 28.433004822366986 108544
1783696341605 27.920179135395262 110592
1783696347726 21.75269157453271 112640
1783696356324 12.782090565372775 114688
1783696364714 11.983783635673717 116736
1783696373027 2.5750081655716572 118784
1783696381992 -1.9958246966063968 120832
1783696390323 9.223700298411886 122880
1783696399418 28.60927251165674 124928
1783696407943 36.66845026309992 126976
1783696416585 24.153340762927748 129024
1783696424860 49.33783256825356 131072
1783696433647 62.52475017326044 133120
1783696442296 62.829963523939384 135168
1783696451087 65.60670130436003 137216
1783696459272 50.75794264050036 139264
1783696467752 53.99121891830589 141312
1783696475865 45.46523954636068 143360
1783696480831 62.48931963417671 145408
1783696489321 62.53153393138066 147456
1783696497703 52.87849940781496 149504
1783696506263 60.74260362288288 151552
1783696514031 68.31748999034855 153600
1783696522082 84.01727469596025 155648
1783696529864 120.489679943331 157696
1783696538327 111.8673170973592 159744
1783696546330 135.02625737677303 161792
1783696554324 153.8686764239 163840
1783696562427 168.30409785304215 165888
1783696570738 176.28851449381574 167936
1783696579046 167.61955140138681 169984
1783696586740 164.25551249008785 172032
1783696595099 158.76268236615354 174080
1783696603038 141.44887897154132 176128
1783696611463 121.96784583146112 178176
1783696619460 97.00420898093483 180224
1783696627598 122.18505351862545 182272
1783696635947 93.98860020227278 184320
1783696644178 114.6672148917331 186368
1783696652707 123.33514626635767 188416
1783696660850 106.2838059505074 190464
1783696669307 91.19531408058617 192512
1783696677330 112.38997487500365 194560
1783696685930 101.66252408086561 196608
1783696694226 127.89244626172982 198656
1783696702572 162.2265957661029 200704
1783696711202 150.4347116279579 202752
1783696719178 140.03975570846686 204800
1783696727356 111.18043704257828 206848
1783696734831 120.02140355130726 208896
1783696742154 131.83915965490507 210944
1783696743981 156.18876747931768 212992
1783696745000 139.83255954044003 215040
1783696745894 121.61222970887881 217088
1783696746916 124.34489839890648 219136
1783696749819 131.9978261966324 221184
1783696756317 171.67600533446605 223232
1783696763150 194.0695025256592 225280
1783696772498 171.07970581037162 227328
1783696781279 176.54711577089614 229376
1783696789955 152.62323429925215 231424
1783696798881 126.40356733764244 233472
1783696807466 83.39561401235437 235520
1783696816719 56.072285163051866 237568
1783696825175 53.78609411354476 239616
1783696833253 75.75435328108996 241664
1783696840017 104.36292096327176 243712
1783696848476 123.4688188304577 245760
1783696856999 154.00738751412862 247808
1783696865158 170.85672142397817 249856
1783696873587 157.75141845709283 251904
1783696881859 126.4021010161462 253952
1783696890546 76.6826367969624 256000
1783696898878 96.813341319388 258048
1783696907246 106.98976453961181 260096
1783696915680 125.64248275361481 262144
1783696924477 141.09540266126558 264192
1783696932830 101.8692826831684 266240
1783696941536 64.78638898193189 268288
1783696949496 63.887944033646704 270336
1783696957845 85.53314972286941 272384
1783696966332 64.11317092108527 274432
1783696974683 92.60395818601756 276480
1783696983366 102.5757183656331 278528
1783696991234 144.11274504573333 280576
1783696999540 181.2530336376521 282624
1783697007370 135.3988784928619 284672
1783697015659 116.25360181651494 286720
1783697023467 105.02712806530607 288768
1783697031900 124.96670337644585 290816
1783697040468 164.48043297917857 292864
1783697048447 177.178382511359 294912
1783697056408 175.4695206759955 296960
1783697064362 126.47943130497865 299008
1783697072717 91.68723928270836 301056
1783697080332 88.04408687229535 303104
1783697088425 82.44641685970625 305152
1783697096553 98.5387046270818 307200
1783697104345 101.40373604837285 309248
1783697112359 100.57715837818014 311296
1783697120191 94.24379603941148 313344
1783697128242 102.3549229280795 315392
1783697136303 86.48997575596555 317440
1783697144550 65.2204209185167 319488
1783697152721 99.56823366458963 321536
1783697159777 54.53597474024311 323584
1783697168318 97.63036821137842 325632
1783697176363 86.60132554962459 327680
1783697184576 112.49325228156047 329728
1783697192666 120.67210767211768 331776
1783697199934 118.05122829378263 333824
1783697207640 76.00958744073218 335872
1783697215535 65.51147158498785 337920
1783697221440 27.91232626046201 339968
1783697230061 37.29209089590197 342016
1783697238846 63.213808878992154 344064
1783697247555 57.9048346726823 346112
1783697255982 102.16187193390545 348160
1783697264780 113.97743353810162 350208
1783697273178 101.89002699884823 352256
1783697282207 114.785209626993 354304
1783697290786 85.31221636118539 356352
1783697299147 78.70118251567717 358400
1783697307830 95.54925161273988 360448
1783697316652 97.40232047775159 362496
1783697324997 107.6549423641737 364544
1783697333856 132.6604377255774 366592
1783697342448 140.73013346465305 368640
1783697351047 111.05165732200093 370688
1783697359953 105.1639104812017 372736
1783697368183 92.58742051842685 374784
1783697376710 69.03800351005579 376832
1783697384988 87.71146026667854 378880
1783697387065 116.13638567889714 380928
1783697388067 84.1152871783484 382976
1783697389024 73.19141741279144 385024
1783697390203 79.77594765643008 387072
1783697391352 85.4944986053832 389120
1783697392461 62.75869540212144 391168
1783697393641 76.52232099301399 393216
1783697394927 95.9106856996375 395264
1783697396123 97.62031663037442 397312
1783697397281 69.396688097282 399360
1783697398497 65.56732384757534 401408
1783697399645 87.07616180708514 403456
1783697400683 89.12016637410348 405504
1783697401736 94.13552257058878 407552
1783697406553 107.44983636343007 409600
1783697407609 87.77386873695968 411648
1783697409138 45.049885774842075 413696
