1775485179729 -28.886683 8
1775485179742 -29.541367 11
1775485179765 -29.570914 17
1775485179779 -30.657607 20
1775485179801 -30.917161 25
1775485179818 -29.58527 29
1775485179832 -30.055567 32
1775485179886 -21.693016 46
1775485179928 -24.362151 57
1775485179955 -30.088986 64
1775485180006 -29.045391 68
1775485180073 -22.250906 79
1775485180093 -30.582848 81
1775485180118 -30.777403 85
1775485180172 -30.743519 94
1775485180190 -28.975817 97
1775485180226 -27.149824 103
1775485180237 -30.399747 105
1775485180265 -27.097428 112
1775485180299 -30.76305 121
1775485180327 -30.964701 128
