1783696115373 1.3850593008100986 2048
1783696116415 1.3826147094368935 4096
1783696118665 1.3715457152575254 6144
1783696125938 1.3732059421017766 8192
1783696133451 1.361075178720057 10240
1783696141539 1.3505438333377242 12288
1783696143852 1.3377412157133222 14336
1783696144833 1.3349648527801037 16384
1783696145815 1.317860939539969 18432
1783696146852 1.2912117885425687 20480
1783696148054 1.2921059122309089 22528
1783696149266 1.2695177160203457 24576
1783696150448 1.2648155018687248 26624
1783696151657 1.2683624001219869 28672
1783696152862 1.2624942576512694 30720
1783696154156 1.2720277542248368 32768
1783696155385 1.1831440646201372 34816
1783696156609 1.1724839890375733 36864
1783696157856 1.2105610510334373 38912
1783696159067 1.1733476324006915 40960
1783696160329 1.2499006232246757 43008
1783696161575 1.1669507855549455 45056
1783696162800 1.1889688894152641 47104
1783696163976 1.2262222561985254 49152
1783696165211 1.167601827532053 51200
1783696166466 1.1186471981927752 53248
1783696167575 1.098257469944656 55296
1783696169948 1.154441861435771 57344
1783696176204 1.0752428779378533 59392
1783696184535 1.12350953835994 61440
1783696190857 1.0491867838427424 63488
1783696197045 1.071172021329403 65536
1783696202720 1.0777497868984938 67584
1783696210709 0.9863288728520274 69632
1783696219234 1.1367383236065507 71680
1783696227917 1.181036981754005 73728
1783696236153 1.064340541139245 75776
1783696244466 1.0712142866104841 77824
1783696249272 1.091059872880578 79872
1783696250193 1.0932742739096284 81920
1783696251164 1.0934828156605363 83968
1783696258806 1.0913684405386448 86016
1783696265356 1.0506897326558828 88064
1783696273684 1.0399307305924594 90112
1783696282505 1.0523035498335958 92160
1783696289704 0.872483710758388 94208
1783696295302 0.9902657992206514 96256
1783696304224 0.957764754537493 98304
1783696313116 0.9432137059047818 100352
1783696321933 0.9443701081909239 102400
1783696330214 1.0654605594463646 104448
1783696332665 0.9697897555306554 106496
1783696333894 1.0102592296898365 108544
1783696341605 0.9746478325687349 110592
1783696347726 1.0831292839720845 112640
1783696356324 1.0324510405771434 114688
1783696364714 0.930921240709722 116736
1783696373027 1.003926804754883 118784
1783696381992 0.8258119518868625 120832
1783696390323 0.8752684462815523 122880
1783696399418 0.8610162297263741 124928
1783696407943 0.8944171303883195 126976
1783696416585 0.9185567181557417 129024
1783696424860 0.8359219571575522 131072
1783696433647 0.8747707917355001 133120
1783696442296 0.8596398863010108 135168
1783696451087 0.9252527789212763 137216
1783696459272 0.91645886329934 139264
1783696467752 0.8515230254270136 141312
1783696475865 0.962180694565177 143360
1783696480831 0.8426880105398595 145408
1783696489321 0.8877025162801147 147456
1783696497703 0.6737985406070948 149504
1783696506263 0.9219166319817305 151552
1783696514031 0.8779403436928988 153600
1783696522082 0.8563468055799603 155648
1783696529864 0.9463809905573726 157696
1783696538327 0.7726391199976206 159744
1783696546330 0.8813571464270353 161792
1783696554324 0.7943433704786003 163840
1783696562427 0.8855850961990654 165888
1783696570738 0.8088861950673163 167936
1783696579046 0.9724556864239275 169984
1783696586740 0.8413244099356234 172032
1783696595099 0.7571204067207873 174080
1783696603038 0.838819473516196 176128
1783696611463 0.8728120848536491 178176
1783696619460 0.8466115230694413 180224
1783696627598 0.8380547971464694 182272
1783696635947 0.8368030907586217 184320
1783696644178 0.8435648758895695 186368
1783696652707 0.7719693467952311 188416
1783696660850 0.8725846139714122 190464
1783696669307 0.838073265273124 192512
1783696677330 0.8893634807318449 194560
1783696685930 0.7980136447586119 196608
1783696694226 0.8325816676951945 198656
1783696702572 0.7810956006869674 200704
1783696711202 0.8663890650495887 202752
1783696719178 0.9010541727766395 204800
1783696727356 0.8848888287320733 206848
1783696734831 0.7848843154497445 208896
1783696742154 0.8224222376011312 210944
1783696743981 0.8931479584425688 212992
1783696745000 0.8049014937132597 215040
1783696745894 0.9052437809295952 217088
1783696746916 0.7973707932978868 219136
1783696749819 0.8574700020253658 221184
1783696756317 0.7800694759935141 223232
1783696763150 0.8554811868816614 225280
1783696772498 0.8326957253739238 227328
1783696781279 0.7171883690170944 229376
1783696789955 0.8484585108235478 231424
1783696798881 0.828544600866735 233472
1783696807466 0.8231445122510195 235520
1783696816719 0.8438640763051808 237568
1783696825175 0.7926358403638005 239616
1783696833253 0.752634041942656 241664
1783696840017 0.8636348824948072 243712
1783696848476 0.5822468409314752 245760
1783696856999 0.7630998925305903 247808
1783696865158 0.7907095476984978 249856
1783696873587 0.8235867139883339 251904
1783696881859 0.7234744541347027 253952
1783696890546 0.8555049663409591 256000
1783696898878 0.7154178791679442 258048
1783696907246 0.805141840595752 260096
1783696915680 0.6460765688680112 262144
1783696924477 0.8414573511108756 264192
1783696932830 0.8444014950655401 266240
1783696941536 0.8423042856156826 268288
1783696949496 0.833531423471868 270336
1783696957845 0.8553485106676817 272384
1783696966332 0.8214032403193414 274432
1783696974683 0.8039286895655096 276480
1783696983366 0.6813579816371202 278528
1783696991234 0.8083457490429282 280576
1783696999540 0.73368707485497 282624
1783697007370 0.8447309224866331 284672
1783697015659 0.7307657492347062 286720
1783697023467 0.8001813301816583 288768
1783697031900 0.7314699008129537 290816
1783697040468 0.7301151379942894 292864
1783697048447 0.7528235628269613 294912
1783697056408 0.8029867615550756 296960
1783697064362 0.8357913964428008 299008
1783697072717 0.8403586577624083 301056
1783697080332 0.6832729517482221 303104
1783697088425 0.7605354874394834 305152
1783697096553 0.789538795594126 307200
1783697104345 0.7018710533156991 309248
1783697112359 0.7728625582531095 311296
1783697120191 0.8787788785994053 313344
1783697128242 0.8192401872947812 315392
1783697136303 0.7682913481257856 317440
1783697144550 0.7915487000718713 319488
1783697152721 0.7930513177998364 321536
1783697159777 0.8687554881908 323584
1783697168318 0.8293359405361116 325632
1783697176363 0.7581305732019246 327680
1783697184576 0.7022236660122871 329728
1783697192666 0.8559189680963755 331776
1783697199934 0.8683833475224674 333824
1783697207640 0.8135391948744655 335872
1783697215535 0.8649981468915939 337920
1783697221440 0.706721318885684 339968
1783697230061 0.8205568832345307 342016
1783697238846 0.721015996299684 344064
1783697247555 0.8581557362340391 346112
1783697255982 0.7009627232328057 348160
1783697264780 0.8044094759970903 350208
1783697273178 0.749448352959007 352256
1783697282207 0.7984105702489614 354304
1783697290786 0.865634395275265 356352
1783697299147 0.8442724673077464 358400
1783697307830 0.85983961308375 360448
1783697316652 0.7708448995836079 362496
1783697324997 0.8377025462687016 364544
1783697333856 0.6668538311496377 366592
1783697342448 0.834277143701911 368640
1783697351047 0.8113621775992215 370688
1783697359953 0.8698549927212298 372736
1783697368183 0.8375060162506998 374784
1783697376710 0.7124758786521852 376832
1783697384988 0.8193568419665098 378880
1783697387065 0.7482626135461032 380928
1783697388067 0.951856276486069 382976
1783697389024 0.8831009548157454 385024
1783697390203 0.8672757796011865 387072
1783697391352 0.7912658359855413 389120
1783697392461 0.7905062772333622 391168
1783697393641 0.7922500092536211 393216
1783697394927 0.7575239767320454 395264
1783697396123 0.8559669102542102 397312
1783697397281 0.9186748336069286 399360
1783697398497 0.7451849533244967 401408
1783697399645 0.7784504918381572 403456
1783697400683 0.8245170302689075 405504
1783697401736 0.8686331678181887 407552
1783697406553 0.8643103605136275 409600
1783697407609 0.8721313835121691 411648
1783697409138 0.956471050158143 413696
