1783696115373 644.0 2048
1783696116415 970.0 4096
1783696118665 949.0 6144
1783696125938 596.0 8192
1783696133451 481.0 10240
1783696141539 418.0 12288
1783696143852 452.0 14336
1783696144833 502.0 16384
1783696145815 548.0 18432
1783696146852 590.0 20480
1783696148054 628.0 22528
1783696149266 662.0 24576
1783696150448 695.0 26624
1783696151657 726.0 28672
1783696152862 755.0 30720
1783696154156 780.0 32768
1783696155385 806.0 34816
1783696156609 830.0 36864
1783696157856 852.0 38912
1783696159067 873.0 40960
1783696160329 893.0 43008
1783696161575 912.0 45056
1783696162800 930.0 47104
1783696163976 949.0 49152
1783696165211 965.0 51200
1783696166466 981.0 53248
1783696167575 998.0 55296
1783696169948 992.0 57344
1783696176204 927.0 59392
1783696184535 849.0 61440
1783696190857 807.0 63488
1783696197045 772.0 65536
1783696202720 746.0 67584
1783696210709 706.0 69632
1783696219234 669.0 71680
1783696227917 637.0 73728
1783696236153 611.0 75776
1783696244466 588.0 77824
1783696249272 582.0 79872
1783696250193 593.0 81920
1783696251164 604.0 83968
1783696258806 586.0 86016
1783696265356 574.0 88064
1783696273684 558.0 90112
1783696282505 541.0 92160
1783696289704 530.0 94208
1783696295302 525.0 96256
1783696304224 511.0 98304
1783696313116 499.0 100352
1783696321933 488.0 102400
1783696330214 479.0 104448
1783696332665 483.0 106496
1783696333894 489.0 108544
1783696341605 482.0 110592
1783696347726 478.0 112640
1783696356324 469.0 114688
1783696364714 462.0 116736
1783696373027 455.0 118784
1783696381992 447.0 120832
1783696390323 441.0 122880
1783696399418 434.0 124928
1783696407943 429.0 126976
1783696416585 423.0 129024
1783696424860 419.0 131072
1783696433647 414.0 133120
1783696442296 409.0 135168
1783696451087 404.0 137216
1783696459272 401.0 139264
1783696467752 397.0 141312
1783696475865 394.0 143360
1783696480831 394.0 145408
1783696489321 390.0 147456
1783696497703 387.0 149504
1783696506263 384.0 151552
1783696514031 382.0 153600
1783696522082 379.0 155648
1783696529864 377.0 157696
1783696538327 374.0 159744
1783696546330 372.0 161792
1783696554324 370.0 163840
1783696562427 368.0 165888
1783696570738 366.0 167936
1783696579046 364.0 169984
1783696586740 362.0 172032
1783696595099 360.0 174080
1783696603038 358.0 176128
1783696611463 356.0 178176
1783696619460 355.0 180224
1783696627598 353.0 182272
1783696635947 351.0 184320
1783696644178 350.0 186368
1783696652707 348.0 188416
1783696660850 347.0 190464
1783696669307 345.0 192512
1783696677330 344.0 194560
1783696685930 342.0 196608
1783696694226 341.0 198656
1783696702572 339.0 200704
1783696711202 338.0 202752
1783696719178 337.0 204800
1783696727356 336.0 206848
1783696734831 335.0 208896
1783696742154 334.0 210944
1783696743981 337.0 212992
1783696745000 339.0 215040
1783696745894 342.0 217088
1783696746916 345.0 219136
1783696749819 346.0 221184
1783696756317 346.0 223232
1783696763150 346.0 225280
1783696772498 344.0 227328
1783696781279 342.0 229376
1783696789955 341.0 231424
1783696798881 339.0 233472
1783696807466 338.0 235520
1783696816719 337.0 237568
1783696825175 336.0 239616
1783696833253 335.0 241664
1783696840017 334.0 243712
1783696848476 333.0 245760
1783696856999 332.0 247808
1783696865158 331.0 249856
1783696873587 330.0 251904
1783696881859 329.0 253952
1783696890546 328.0 256000
1783696898878 328.0 258048
1783696907246 327.0 260096
1783696915680 326.0 262144
1783696924477 325.0 264192
1783696932830 324.0 266240
1783696941536 323.0 268288
1783696949496 322.0 270336
1783696957845 322.0 272384
1783696966332 321.0 274432
1783696974683 320.0 276480
1783696983366 319.0 278528
1783696991234 319.0 280576
1783696999540 318.0 282624
1783697007370 318.0 284672
1783697015659 317.0 286720
1783697023467 316.0 288768
1783697031900 316.0 290816
1783697040468 315.0 292864
1783697048447 314.0 294912
1783697056408 314.0 296960
1783697064362 314.0 299008
1783697072717 313.0 301056
1783697080332 313.0 303104
1783697088425 312.0 305152
1783697096553 312.0 307200
1783697104345 311.0 309248
1783697112359 311.0 311296
1783697120191 310.0 313344
1783697128242 310.0 315392
1783697136303 309.0 317440
1783697144550 309.0 319488
1783697152721 309.0 321536
1783697159777 308.0 323584
1783697168318 308.0 325632
1783697176363 307.0 327680
1783697184576 307.0 329728
1783697192666 307.0 331776
1783697199934 306.0 333824
1783697207640 306.0 335872
1783697215535 306.0 337920
1783697221440 306.0 339968
1783697230061 305.0 342016
1783697238846 305.0 344064
1783697247555 304.0 346112
1783697255982 304.0 348160
1783697264780 303.0 350208
1783697273178 303.0 352256
1783697282207 302.0 354304
1783697290786 302.0 356352
1783697299147 301.0 358400
1783697307830 301.0 360448
1783697316652 300.0 362496
1783697324997 300.0 364544
1783697333856 300.0 366592
1783697342448 299.0 368640
1783697351047 299.0 370688
1783697359953 298.0 372736
1783697368183 298.0 374784
1783697376710 298.0 376832
1783697384988 297.0 378880
1783697387065 298.0 380928
1783697388067 300.0 382976
1783697389024 301.0 385024
1783697390203 302.0 387072
1783697391352 304.0 389120
1783697392461 305.0 391168
1783697393641 306.0 393216
1783697394927 308.0 395264
1783697396123 309.0 397312
1783697397281 310.0 399360
1783697398497 312.0 401408
1783697399645 313.0 403456
1783697400683 314.0 405504
1783697401736 316.0 407552
1783697406553 316.0 409600
1783697407609 317.0 411648
1783697409138 318.0 413696
