1783696115373 -0.003787517944147112 2048
1783696116415 -0.0017422523887944408 4096
1783696118665 -0.004272785437933635 6144
1783696125938 -0.0024404231407970656 8192
1783696133451 -0.0022739475243724883 10240
1783696141539 -0.002251911620987812 12288
1783696143852 -0.0033165112108690664 14336
1783696144833 -0.002712176716158865 16384
1783696145815 -0.0025293591897934675 18432
1783696146852 -0.0019882764645444695 20480
1783696148054 -0.0012282946554478258 22528
1783696149266 -0.002800778203891241 24576
1783696150448 -0.0015972183846315602 26624
1783696151657 -0.001917527622936177 28672
1783696152862 -0.002568080057244515 30720
1783696154156 -0.007756709797831718 32768
1783696155385 -0.0020328636601334438 34816
1783696156609 -0.0027549226288101636 36864
1783696157856 -0.0024851644184309407 38912
1783696159067 -0.0028992308471060824 40960
1783696160329 -0.0028925899423484225 43008
1783696161575 -0.0008500100884702988 45056
1783696162800 -0.0011690769824781455 47104
1783696163976 -0.0031625814153812826 49152
1783696165211 -0.004388980752992211 51200
1783696166466 -0.004195618195808493 53248
1783696167575 -0.0021690233879780862 55296
1783696169948 -0.006016850591549883 57344
1783696176204 -0.0028865267613582546 59392
1783696184535 -0.0026097468507941812 61440
1783696190857 -0.004872515262832167 63488
1783696197045 -0.003223293308110442 65536
1783696202720 -0.0035659655623021536 67584
1783696210709 -0.0031029409146867692 69632
1783696219234 -0.0025854509258351754 71680
1783696227917 -0.00488494059027289 73728
1783696236153 -0.0014108222421782557 75776
1783696244466 -0.004259001660102513 77824
1783696249272 -0.0046852651685185265 79872
1783696250193 -0.0015928205975797027 81920
1783696251164 -0.0018314432636543643 83968
1783696258806 -0.004671705182772712 86016
1783696265356 -0.0030508864801959135 88064
1783696273684 -0.002871471249818569 90112
1783696282505 -0.004014037152956007 92160
1783696289704 -0.0011709075206454145 94208
1783696295302 -0.004356745339464396 96256
1783696304224 -0.0043943620985373855 98304
1783696313116 -0.002029949429925182 100352
1783696321933 -0.0037242988491925644 102400
1783696330214 -0.0026130777314392617 104448
1783696332665 -0.0005445452407002449 106496
1783696333894 -0.0014831411535851657 108544
1783696341605 -0.0026046995371871162 110592
1783696347726 -0.0035808082575385924 112640
1783696356324 -0.002792827368466533 114688
1783696364714 -0.0018217599354102276 116736
1783696373027 -0.0009587783297320129 118784
1783696381992 -0.0021851818164577708 120832
1783696390323 -0.0026272782633895986 122880
1783696399418 -0.0021475766334333457 124928
1783696407943 -0.0024336614642379573 126976
1783696416585 -0.002038000529864803 129024
1783696424860 -0.004918146209092811 131072
1783696433647 -0.001999704849367845 133120
1783696442296 -0.0016439701903436799 135168
1783696451087 -0.00011889626330230385 137216
1783696459272 -0.0014066431158425985 139264
1783696467752 -0.0007932436819828581 141312
1783696475865 -0.0007562866667285562 143360
1783696480831 -0.001194060929265106 145408
1783696489321 -0.0004120769299333915 147456
1783696497703 -0.0012967627044417895 149504
1783696506263 -0.002617409847516683 151552
1783696514031 -0.004194332528641098 153600
1783696522082 -0.002455136189382756 155648
1783696529864 -0.0033465468677604804 157696
1783696538327 -0.0026618403262546053 159744
1783696546330 -0.001840352755607455 161792
1783696554324 -0.0009500751712039346 163840
1783696562427 -0.0009486616345384391 165888
1783696570738 -0.0002536099491408095 167936
1783696579046 -0.0032135523197212024 169984
1783696586740 -0.0007900785494712181 172032
1783696595099 -0.00011333797556289937 174080
1783696603038 -0.001634680337701866 176128
1783696611463 -0.0004282657773728715 178176
1783696619460 -0.0007926379466880462 180224
1783696627598 -0.0025332947552669793 182272
1783696635947 -0.0023356240963039454 184320
1783696644178 -0.0008879562010406516 186368
1783696652707 -0.0001136867704190081 188416
1783696660850 -0.0018835486262105405 190464
1783696669307 -0.0009030827459355351 192512
1783696677330 -0.0021579819376711384 194560
1783696685930 -0.0013816459868394304 196608
1783696694226 -0.001987621984881116 198656
1783696702572 -0.002070466625809786 200704
1783696711202 -0.0016686391536495648 202752
1783696719178 -0.000978513799054781 204800
1783696727356 -0.004945892287651077 206848
1783696734831 -0.0013056845782557502 208896
1783696742154 -0.0021351813320507063 210944
1783696743981 -0.0017306644240306923 212992
1783696745000 -0.0012894086576125119 215040
1783696745894 -0.002740604177233763 217088
1783696746916 -0.0011365815771569032 219136
1783696749819 -0.0003105453379248502 221184
1783696756317 -0.0006888708303449675 223232
1783696763150 -0.003043502762011485 225280
1783696772498 -0.0015013372831162997 227328
1783696781279 -0.0022571766094188206 229376
1783696789955 -0.001069342892151326 231424
1783696798881 -0.0015311581682908582 233472
1783696807466 -0.004608318136888556 235520
1783696816719 -0.0012417848129189224 237568
1783696825175 9.348231469630264e-05 239616
1783696833253 -0.0004968087614543037 241664
1783696840017 -0.0012166033275207155 243712
1783696848476 3.259603363403585e-05 245760
1783696856999 -0.00027219858748139814 247808
1783696865158 -0.0022996456136752386 249856
1783696873587 -0.001751774893818947 251904
1783696881859 -0.0008910815777198877 253952
1783696890546 -0.000744440927519463 256000
1783696898878 -0.001458754055420286 258048
1783696907246 -0.0022284155547822593 260096
1783696915680 -0.0014360136519826483 262144
1783696924477 -0.0003302981313026976 264192
1783696932830 -0.0024259189813164994 266240
1783696941536 -0.0015660269418731332 268288
1783696949496 -0.0010575425794741022 270336
1783696957845 -0.001430974067261559 272384
1783696966332 -0.0017293235778197413 274432
1783696974683 -0.00045919985859654844 276480
1783696983366 -0.0014065401610423578 278528
1783696991234 -0.0013872036106477026 280576
1783696999540 -0.0019987760206277017 282624
1783697007370 -0.0012531749061963637 284672
1783697015659 -0.0014615928612329299 286720
1783697023467 -0.0012522689467004966 288768
1783697031900 -0.0006284666724241106 290816
1783697040468 -0.0020684372393589 292864
1783697048447 -0.0009781907538126688 294912
1783697056408 -0.0008735796254768502 296960
1783697064362 -0.002701593604797381 299008
1783697072717 -0.004416036612383323 301056
1783697080332 -0.00011186477422597818 303104
1783697088425 -0.001330128299741773 305152
1783697096553 -0.002071394439553842 307200
1783697104345 -0.001204098964080913 309248
1783697112359 -0.002425964474241482 311296
1783697120191 -0.0010903898528340505 313344
1783697128242 -0.0023028106388665037 315392
1783697136303 -0.0008253336600319017 317440
1783697144550 -0.0016029715625336394 319488
1783697152721 -0.004155959502895712 321536
1783697159777 -7.032622306724079e-05 323584
1783697168318 -5.95011115365196e-05 325632
1783697176363 -0.001239860184796271 327680
1783697184576 -0.0015949340631777886 329728
1783697192666 -0.00022119027562439442 331776
1783697199934 -0.0007875969167798758 333824
1783697207640 -0.0031415365992870647 335872
1783697215535 -0.0001668978584348224 337920
1783697221440 0.00036779743550141575 339968
1783697230061 -0.0010228930950688664 342016
1783697238846 -0.002484808554072515 344064
1783697247555 -0.0007920705829747021 346112
1783697255982 -0.0005241443395789247 348160
1783697264780 -0.002100149602483725 350208
1783697273178 -0.0015260561558534391 352256
1783697282207 -0.0017587617494427832 354304
1783697290786 -0.002522684033465339 356352
1783697299147 -0.0015433304361067712 358400
1783697307830 -0.0012887696484540356 360448
1783697316652 -0.0029412851563392906 362496
1783697324997 -0.0006280787820287514 364544
1783697333856 -0.002382297858275706 366592
1783697342448 -0.002609262298392423 368640
1783697351047 -0.0026458943139004987 370688
1783697359953 -0.0008562009024899453 372736
1783697368183 -0.007941675811707682 374784
1783697376710 -0.0008004231094673742 376832
1783697384988 0.00019258473912486807 378880
1783697387065 -0.0002649475009093294 380928
1783697388067 -0.001514358292297402 382976
1783697389024 -0.00015166129378485493 385024
1783697390203 -0.004260179729499214 387072
1783697391352 -0.000812412839877652 389120
1783697392461 -0.0026373489599791355 391168
1783697393641 -0.0012110522620787378 393216
1783697394927 -0.001677068006756599 395264
1783697396123 -0.0009132211853284389 397312
1783697397281 -0.004207880905596539 399360
1783697398497 -0.00013530375781556359 401408
1783697399645 -0.0005239715355855878 403456
1783697400683 -0.0011796804174082354 405504
1783697401736 -0.0027304036857458414 407552
1783697406553 -0.0012006164906779304 409600
1783697407609 -0.000948534445342375 411648
1783697409138 -0.0015904275969660375 413696
