1783696115373 433.5800665616989 2048
1783696116415 283.44757902622223 4096
1783696118665 425.69736778736115 6144
1783696125938 339.63946652412415 8192
1783696133451 210.00031381845474 10240
1783696141539 323.83370846509933 12288
1783696143852 263.7051682472229 14336
1783696144833 255.68091118335724 16384
1783696145815 122.62004148960114 18432
1783696146852 278.81301951408386 20480
1783696148054 132.0025906264782 22528
1783696149266 142.09323853254318 24576
1783696150448 159.397528976202 26624
1783696151657 149.84279245138168 28672
1783696152862 165.46309009194374 30720
1783696154156 80.12619961798191 32768
1783696155385 132.26740977168083 34816
1783696156609 160.22647029161453 36864
1783696157856 102.20420578122139 38912
1783696159067 260.59276032447815 40960
1783696160329 96.69334863126278 43008
1783696161575 162.5439097881317 45056
1783696162800 117.43556213378906 47104
1783696163976 54.27294884622097 49152
1783696165211 133.86953508853912 51200
1783696166466 88.479701846838 53248
1783696167575 100.53958375751972 55296
1783696169948 33.67256070673466 57344
1783696176204 76.77305021882057 59392
1783696184535 48.42985785752535 61440
1783696190857 66.11060258746147 63488
1783696197045 66.13781698048115 65536
1783696202720 53.53563050925732 67584
1783696210709 70.17156012356281 69632
1783696219234 19.28457283973694 71680
1783696227917 21.58949190378189 73728
1783696236153 40.167303182184696 75776
1783696244466 28.689744763076305 77824
1783696249272 11.909451615065336 79872
1783696250193 23.416714064776897 81920
1783696251164 27.285340167582035 83968
1783696258806 14.105621449649334 86016
1783696265356 11.698569975793362 88064
1783696273684 18.679259706288576 90112
1783696282505 6.739385936409235 92160
1783696289704 32.55015929043293 94208
1783696295302 11.864395249634981 96256
1783696304224 11.933552615344524 98304
1783696313116 4.896793266758323 100352
1783696321933 6.964792184531689 102400
1783696330214 14.519323093816638 104448
1783696332665 21.119758212938905 106496
1783696333894 25.849144358187914 108544
1783696341605 4.893732622265816 110592
1783696347726 16.581479649990797 112640
1783696356324 4.34965306147933 114688
1783696364714 5.172785382717848 116736
1783696373027 7.227572387084365 118784
1783696381992 11.709138125181198 120832
1783696390323 19.959731018170714 122880
1783696399418 19.531937465071678 124928
1783696407943 4.05005744472146 126976
1783696416585 31.45964970625937 129024
1783696424860 18.25912271440029 131072
1783696433647 16.594458512961864 133120
1783696442296 4.466978607699275 135168
1783696451087 4.267802932299674 137216
1783696459272 26.654103878885508 139264
1783696467752 32.897150468081236 141312
1783696475865 51.791047006845474 143360
1783696480831 17.555020719766617 145408
1783696489321 48.00431585684419 147456
1783696497703 5.041115253698081 149504
1783696506263 40.41476258635521 151552
1783696514031 28.939851673319936 153600
1783696522082 43.23655992001295 155648
1783696529864 44.04928928986192 157696
1783696538327 19.00503169745207 159744
1783696546330 42.2657208815217 161792
1783696554324 72.91499611735344 163840
1783696562427 43.493543453514576 165888
1783696570738 58.51005911082029 167936
1783696579046 40.193063236773014 169984
1783696586740 56.2702458538115 172032
1783696595099 47.80108783021569 174080
1783696603038 48.31528449058533 176128
1783696611463 56.98924174904823 178176
1783696619460 55.8028049916029 180224
1783696627598 55.505082704126835 182272
1783696635947 40.59514074400067 184320
1783696644178 41.259606555104256 186368
1783696652707 72.70447492599487 188416
1783696660850 72.48164489865303 190464
1783696669307 71.10889718681574 192512
1783696677330 54.84291046112776 194560
1783696685930 74.62978143244982 196608
1783696694226 66.91780529171228 198656
1783696702572 77.01982087641954 200704
1783696711202 75.95258014649153 202752
1783696719178 72.57067487388849 204800
1783696727356 66.81375043094158 206848
1783696734831 77.8874703347683 208896
1783696742154 56.1839758977294 210944
1783696743981 68.59472655877471 212992
1783696745000 92.02239987999201 215040
1783696745894 71.85271260142326 217088
1783696746916 64.61833745241165 219136
1783696749819 72.3213839456439 221184
1783696756317 69.67189708352089 223232
1783696763150 64.42298641055822 225280
1783696772498 91.6723753362894 227328
1783696781279 81.9812053591013 229376
1783696789955 81.06787824630737 231424
1783696798881 98.17406326532364 233472
1783696807466 80.10167434066534 235520
1783696816719 70.00589156895876 237568
1783696825175 65.8740551918745 239616
1783696833253 74.28501644730568 241664
1783696840017 67.66090851277113 243712
1783696848476 37.319055899977684 245760
1783696856999 60.87604972720146 247808
1783696865158 83.77908128499985 249856
1783696873587 77.39310441166162 251904
1783696881859 71.09057833999395 253952
1783696890546 90.3083814010024 256000
1783696898878 78.77881225198507 258048
1783696907246 78.36718682944775 260096
1783696915680 63.21248388290405 262144
1783696924477 82.8539549857378 264192
1783696932830 114.2899307757616 266240
1783696941536 88.29822421073914 268288
1783696949496 80.21698199212551 270336
1783696957845 87.58506651222706 272384
1783696966332 98.02923673391342 274432
1783696974683 73.02008181810379 276480
1783696983366 40.61608221381903 278528
1783696991234 48.33058903366327 280576
1783696999540 67.88228325545788 282624
1783697007370 99.55757185816765 284672
1783697015659 73.777120500803 286720
1783697023467 59.97569190710783 288768
1783697031900 28.334029339253902 290816
1783697040468 35.79904051683843 292864
1783697048447 63.20593500882387 294912
1783697056408 82.03867530822754 296960
1783697064362 71.99512907117605 299008
1783697072717 81.58465929329395 301056
1783697080332 55.88998407870531 303104
1783697088425 77.04087821394205 305152
1783697096553 81.8801476508379 307200
1783697104345 62.014079727232456 309248
1783697112359 74.19545086473227 311296
1783697120191 64.91248539835215 313344
1783697128242 45.142960868775845 315392
1783697136303 67.00289433449507 317440
1783697144550 84.8834988027811 319488
1783697152721 70.51483401656151 321536
1783697159777 91.77988328039646 323584
1783697168318 69.50285520404577 325632
1783697176363 58.95086149871349 327680
1783697184576 67.54338376224041 329728
1783697192666 71.17018963396549 331776
1783697199934 54.88326795399189 333824
1783697207640 80.97727958112955 335872
1783697215535 71.35599464178085 337920
1783697221440 89.88384146988392 339968
1783697230061 83.37119668722153 342016
1783697238846 59.39025878161192 344064
1783697247555 71.95902168750763 346112
1783697255982 32.439099576324224 348160
1783697264780 71.26643767207861 350208
1783697273178 61.00245065242052 352256
1783697282207 47.68025179579854 354304
1783697290786 69.21762523800135 356352
1783697299147 54.441152676939964 358400
1783697307830 56.04905196279287 360448
1783697316652 55.70501637458801 362496
1783697324997 48.64239192381501 364544
1783697333856 40.99886017665267 366592
1783697342448 51.02740702033043 368640
1783697351047 67.33652140200138 370688
1783697359953 58.391170017421246 372736
1783697368183 53.85319394990802 374784
1783697376710 27.529411487281322 376832
1783697384988 35.03626345098019 378880
1783697387065 40.42600629478693 380928
1783697388067 41.79307384043932 382976
1783697389024 62.77201694250107 385024
1783697390203 56.54842585325241 387072
1783697391352 36.46201027557254 389120
1783697392461 44.73107637465 391168
1783697393641 15.15595018491149 393216
1783697394927 42.48087804019451 395264
1783697396123 40.55019160360098 397312
1783697397281 61.267813857644796 399360
1783697398497 32.9359867349267 401408
1783697399645 36.79705933853984 403456
1783697400683 43.213399950414896 405504
1783697401736 49.01839213445783 407552
1783697406553 53.93087214976549 409600
1783697407609 47.23743971809745 411648
1783697409138 65.70341964252293 413696
