1783696115373 867.1954083442688 2048
1783696116415 566.9262939691544 4096
1783696118665 851.4307103157043 6144
1783696125938 679.3112812042236 8192
1783696133451 420.03239822387695 10240
1783696141539 647.6989297866821 12288
1783696143852 527.4437212944031 14336
1783696144833 511.393944978714 16384
1783696145815 245.27149951457977 18432
1783696146852 557.655840754509 20480
1783696148054 264.03348088264465 22528
1783696149266 284.21746814250946 24576
1783696150448 318.8235493898392 26624
1783696151657 299.71478754282 28672
1783696152862 330.9565649628639 30720
1783696154156 160.29335191845894 32768
1783696155385 264.5625469684601 34816
1783696156609 320.4819023013115 36864
1783696157856 204.43759447336197 38912
1783696159067 521.214786529541 40960
1783696160329 193.417479544878 43008
1783696161575 325.1128599643707 45056
1783696162800 234.89724200963974 47104
1783696163976 108.5767474770546 49152
1783696165211 267.77120065689087 51200
1783696166466 176.99016791582108 53248
1783696167575 201.10547098517418 55296
1783696169948 67.38024404644966 57344
1783696176204 153.57337847352028 59392
1783696184535 96.88740520179272 61440
1783696190857 132.2519343495369 63488
1783696197045 132.30350410938263 65536
1783696202720 107.09994840621948 67584
1783696210709 140.3690526485443 69632
1783696219234 38.597051203250885 71680
1783696227917 43.21237440407276 73728
1783696236153 80.3587146550417 75776
1783696244466 57.40943165123463 77824
1783696249272 23.8500948920846 79872
1783696250193 46.858479365706444 81920
1783696251164 54.5962131023407 83968
1783696258806 28.242413759231567 86016
1783696265356 23.4242555052042 88064
1783696273684 37.385060749948025 90112
1783696282505 13.507845990359783 92160
1783696289704 65.12011028826237 94208
1783696295302 23.757309287786484 96256
1783696304224 23.895049273967743 98304
1783696313116 9.81651071086526 100352
1783696321933 13.955920293927193 102400
1783696330214 29.065181590616703 104448
1783696332665 42.260001357644796 106496
1783696333894 51.721460275352 108544
1783696341605 9.81216760352254 110592
1783696347726 33.191783513873816 112640
1783696356324 8.725540824234486 114688
1783696364714 10.367832731455564 116736
1783696373027 14.477140851318836 118784
1783696381992 23.439162887632847 120832
1783696390323 39.942221730947495 122880
1783696399418 39.08539020642638 124928
1783696407943 8.122870586812496 126976
1783696416585 62.94174678251147 129024
1783696424860 36.544800125062466 131072
1783696433647 33.210411943495274 133120
1783696442296 8.95443794876337 135168
1783696451087 8.554348737001419 137216
1783696459272 53.32935055345297 139264
1783696467752 65.81291774660349 141312
1783696475865 103.60284995287657 143360
1783696480831 35.129283241927624 145408
1783696489321 96.027210123837 147456
1783696497703 10.09830002579838 149504
1783696506263 80.85319831222296 151552
1783696514031 57.90565050765872 153600
1783696522082 86.49515724182129 155648
1783696529864 88.12419944256544 157696
1783696538327 38.0308398604393 159744
1783696546330 84.55274957418442 161792
1783696554324 145.84777876734734 163840
1783696562427 87.00669652968645 165888
1783696570738 117.03680319339037 167936
1783696579046 80.41200294345617 169984
1783696586740 112.55889773368835 172032
1783696595099 95.61754477024078 174080
1783696603038 96.6506144925952 176128
1783696611463 113.99679636955261 178176
1783696619460 111.62412793934345 180224
1783696627598 111.03199271857738 182272
1783696635947 81.2116886228323 184320
1783696644178 82.53786012530327 186368
1783696652707 145.4246163368225 188416
1783696660850 144.9845085144043 190464
1783696669307 142.2363626509905 192512
1783696677330 109.70792391896248 194560
1783696685930 149.27828696370125 196608
1783696694226 133.85623663663864 198656
1783696702572 154.05940555036068 200704
1783696711202 151.92582577466965 202752
1783696719178 145.16132789850235 204800
1783696727356 133.65508951246738 206848
1783696734831 155.79324945807457 208896
1783696742154 112.38867144286633 210944
1783696743981 137.21077638864517 212992
1783696745000 184.06347635388374 215040
1783696745894 143.72901153564453 217088
1783696746916 129.25489647686481 219136
1783696749819 144.6605379730463 221184
1783696756317 139.36077299714088 223232
1783696763150 128.86916971206665 225280
1783696772498 183.36440709233284 227328
1783696781279 163.98126862943172 229376
1783696789955 162.15486381947994 231424
1783696798881 196.36775946617126 233472
1783696807466 160.22902919352055 235520
1783696816719 140.03114421665668 237568
1783696825175 131.76377588510513 239616
1783696833253 148.58607831597328 241664
1783696840017 135.34152223169804 243712
1783696848476 74.6496914178133 245760
1783696856999 121.76790599524975 247808
1783696865158 167.57857617735863 249856
1783696873587 154.8061843663454 251904
1783696881859 142.19740918278694 253952
1783696890546 180.63536247611046 256000
1783696898878 157.57485154271126 258048
1783696907246 156.75493296980858 260096
1783696915680 126.44076180458069 262144
1783696924477 165.72540014982224 264192
1783696932830 228.6016004383564 266240
1783696941536 176.61642640829086 268288
1783696949496 160.45274928212166 270336
1783696957845 175.1901022195816 272384
1783696966332 196.07836124300957 274432
1783696974683 146.05716079473495 276480
1783696983366 81.24860455840826 278528
1783696991234 96.68011927604675 280576
1783696999540 135.78323800861835 282624
1783697007370 199.13454449176788 284672
1783697015659 147.5717804133892 286720
1783697023467 119.96989150345325 288768
1783697031900 56.68394497036934 290816
1783697040468 71.61681974679232 292864
1783697048447 126.42888323962688 294912
1783697056408 164.09515750408173 296960
1783697064362 144.01237712800503 299008
1783697072717 163.194957613945 301056
1783697080332 111.79385749995708 303104
1783697088425 154.09962767362595 305152
1783697096553 163.78022882342339 307200
1783697104345 124.04460523277521 309248
1783697112359 148.41121119260788 311296
1783697120191 129.8447272181511 313344
1783697128242 90.30691189318895 315392
1783697136303 134.02280466258526 317440
1783697144550 169.7860355824232 319488
1783697152721 141.0538413822651 321536
1783697159777 183.5772820711136 323584
1783697168318 139.02241618931293 325632
1783697176363 117.91936556994915 327680
1783697184576 135.10400119423866 329728
1783697192666 142.357939183712 331776
1783697199934 109.7854787260294 333824
1783697207640 161.9771127998829 335872
1783697215535 142.72962254285812 337920
1783697221440 179.78108118474483 339968
1783697230061 166.76085063815117 342016
1783697238846 118.7999075204134 344064
1783697247555 143.93678987026215 346112
1783697255982 64.89326673001051 348160
1783697264780 142.55316345393658 350208
1783697273178 122.02294264733791 352256
1783697282207 95.37998963147402 354304
1783697290786 138.45760841667652 356352
1783697299147 108.90227843821049 358400
1783697307830 112.11787774413824 360448
1783697316652 111.43133214116096 362496
1783697324997 97.30279482156038 364544
1783697333856 82.01582241803408 366592
1783697342448 102.0767178684473 368640
1783697351047 134.69456180930138 370688
1783697359953 116.8014495074749 372736
1783697368183 107.73902077972889 374784
1783697376710 55.074673626571894 376832
1783697384988 70.08852826803923 378880
1783697387065 80.86750827729702 380928
1783697388067 83.60821378976107 382976
1783697389024 125.56199994683266 385024
1783697390203 113.12271744012833 387072
1783697391352 72.94147144258022 389120
1783697392461 89.4832378923893 391168
1783697393641 30.330167554318905 393216
1783697394927 84.98026094585657 395264
1783697396123 81.11932902038097 397312
1783697397281 122.56241772323847 399360
1783697398497 65.8871475532651 401408
1783697399645 73.61073572933674 403456
1783697400683 86.44564948230982 405504
1783697401736 98.05961734801531 407552
1783697406553 107.88143108785152 409600
1783697407609 94.49421866983175 411648
1783697409138 131.42914982140064 413696
