1783657758644 0.6890520080924034 2048
1783657759361 0.6769995423965156 4096
1783657760138 0.6582292430102825 6144
1783657760942 0.6398860700428486 8192
1783657761810 0.6197482412680984 10240
1783657762601 0.6116260644048452 12288
1783657763375 0.5930231120437384 14336
1783657764185 0.578010555356741 16384
1783657765107 0.5924323271028697 18432
1783657765904 0.5964200585149229 20480
1783657766705 0.5818662419915199 22528
1783657767543 0.5750637506134808 24576
1783657768446 0.5606740424409509 26624
1783657769253 0.5697869407013059 28672
1783657769974 0.5583486342802644 30720
1783657770752 0.5515516670420766 32768
1783657771550 0.5594490165822208 34816
1783657772280 0.5621180236339569 36864
1783657773083 0.5658247815445065 38912
1783657773887 0.5680179544724524 40960
1783657774643 0.564877396915108 43008
1783657775403 0.5644416213035583 45056
1783657776188 0.5726105226203799 47104
1783657777062 0.5761541896499693 49152
1783657777862 0.5754959881305695 51200
1783657778775 0.5835403841920197 53248
1783657779602 0.5594893181696534 55296
1783657780366 0.5581772257573903 57344
1783657781131 0.5683163129724562 59392
1783657781908 0.5625847955234349 61440
1783657783347 0.5727688292972744 63488
1783657784136 0.5633863578550518 65536
1783657784890 0.5650424398481846 67584
1783657785693 0.5542031754739583 69632
1783657786463 0.5764973098412156 71680
1783657787153 0.5698685739189386 73728
1783657787917 0.5764891281723976 75776
1783657788734 0.5651557568926364 77824
1783657789493 0.5724173090420663 79872
1783657790290 0.5736924763768911 81920
1783657791528 0.5634894026443362 83968
1783657792242 0.5615239450708032 86016
1783657793051 0.5619012857787311 88064
1783657793859 0.57623709179461 90112
1783657794660 0.5673770592547953 92160
1783657795460 0.5825607469305396 94208
1783657796160 0.5637383619323373 96256
1783657796935 0.5805608434602618 98304
1783657797703 0.5806142031215131 100352
1783657798525 0.578866112511605 102400
1783657799337 0.5794336022809148 104448
1783657800229 0.5631994679570198 106496
1783657800990 0.5767176849767566 108544
1783657801662 0.5731856469064951 110592
1783657802434 0.5787382391281426 112640
1783657803241 0.5765670309774578 114688
1783657803957 0.5834853262640536 116736
1783657804727 0.5894830413162708 118784
1783657805453 0.5882169990800321 120832
1783657806220 0.5667149825021625 122880
1783657807153 0.5795069904997945 124928
1783657808040 0.571192525792867 126976
1783657808794 0.5779070765711367 129024
1783657809579 0.5742864813655615 131072
1783657810393 0.5630451943725348 133120
1783657811199 0.5579130093101412 135168
1783657811928 0.5670125628821552 137216
1783657812642 0.5597144239582121 139264
1783657813420 0.5834846366196871 141312
1783657814186 0.5671831308864057 143360
1783657814995 0.5813653212971985 145408
1783657815748 0.5699949855916202 147456
1783657816531 0.561896342318505 149504
1783657817386 0.5777177824638784 151552
1783657818175 0.5664058076217771 153600
1783657818971 0.5688826600089669 155648
1783657819886 0.572375207208097 157696
1783657820700 0.5666542109102011 159744
1783657821430 0.5633067558519542 161792
1783657822182 0.5598737760446966 163840
1783657822990 0.5673488187603652 165888
1783657823765 0.5809544282965362 167936
1783657824540 0.5488312081433833 169984
1783657825419 0.5678677237592638 172032
1783657826218 0.5705421413294971 174080
1783657826938 0.5755141139961779 176128
1783657827655 0.5780809153802693 178176
1783657828456 0.5831742663867772 180224
1783657829140 0.565091734752059 182272
1783657829895 0.5462864097207785 184320
1783657830699 0.5638299896381795 186368
1783657831365 0.5747830923646688 188416
1783657832081 0.5736632593907416 190464
1783657832842 0.5648472192697227 192512
1783657833658 0.575040424708277 194560
1783657834445 0.5693190572783351 196608
1783657835272 0.565210422500968 198656
1783657835974 0.5688070685137063 200704
1783657836775 0.5627825357951224 202752
1783657837615 0.5458197109401226 204800
1783657838365 0.5395996232982725 206848
1783657839078 0.5484848550986499 208896
1783657839920 0.5514864698052406 210944
1783657840621 0.5539867244660854 212992
1783657841343 0.5528543973341584 215040
1783657842142 0.5367878635879606 217088
1783657842970 0.5511765386909246 219136
1783657843815 0.5277497393544763 221184
1783657844645 0.5231575577054173 223232
1783657845349 0.5134600945748389 225280
1783657846155 0.5215708543546498 227328
1783657846969 0.5271368282847106 229376
1783657847732 0.543460896005854 231424
1783657848547 0.5421435907483101 233472
1783657849393 0.5497747438494116 235520
1783657850213 0.5244981870055199 237568
1783657851016 0.5239345289301127 239616
1783657851894 0.5138136751484126 241664
1783657852700 0.5267739540431648 243712
1783657853397 0.5241556025575846 245760
1783657854213 0.5214136666618288 247808
1783657855073 0.5169390111695975 249856
1783657855845 0.5118598898407072 251904
1783657856641 0.5254493076354265 253952
1783657857492 0.5185272840317339 256000
1783657858220 0.5043393392115831 258048
1783657859011 0.515233226120472 260096
1783657859831 0.5128485809545964 262144
1783657860568 0.5116816011723131 264192
1783657861324 0.5138154956512153 266240
1783657862130 0.5303916952107102 268288
1783657862858 0.5274973644409329 270336
1783657863630 0.5285627956036478 272384
1783657864489 0.5180000327527523 274432
1783657865253 0.5180943619925529 276480
1783657866064 0.5105623549316078 278528
1783657866849 0.524037643102929 280576
1783657867621 0.5258061089552939 282624
1783657868334 0.5233045797795057 284672
1783657869154 0.5148301688022912 286720
1783657869831 0.5201577018015087 288768
1783657870532 0.5397643460892141 290816
1783657871250 0.5412556412629783 292864
1783657872018 0.5199163318611681 294912
1783657872814 0.552714379504323 296960
1783657873490 0.5231982972472906 299008
1783657874224 0.5488645043224096 301056
1783657874989 0.5343515498097986 303104
1783657875725 0.5398378316313028 305152
1783657876468 0.529669736744836 307200
1783657877273 0.5221474359277636 309248
1783657878059 0.5422142075840384 311296
1783657878927 0.5540881315246224 313344
1783657879729 0.5363341595511883 315392
1783657880422 0.5419041491113603 317440
1783657881101 0.5225597403477877 319488
1783657881914 0.5302109415642917 321536
1783657882723 0.5205263653770089 323584
1783657883573 0.5444213540758938 325632
1783657884374 0.5295528194401413 327680
1783657885084 0.5407084110192955 329728
1783657885814 0.5508963377214968 331776
1783657886637 0.5312074378598481 333824
1783657887307 0.5506948735564947 335872
1783657887992 0.5422081353608519 337920
1783657888865 0.5416769080329686 339968
1783657889584 0.5406044637784362 342016
1783657890277 0.5467592570930719 344064
1783657891033 0.542097304482013 346112
1783657891846 0.5237943984102458 348160
1783657892647 0.5391302751377225 350208
1783657893340 0.5349540850147605 352256
1783657894102 0.5469448170624673 354304
1783657894873 0.5357142072170973 356352
1783657895604 0.5383906944189221 358400
1783657896365 0.5203491856809705 360448
1783657897192 0.517303314525634 362496
1783657897998 0.5231723522301763 364544
1783657898812 0.5393924110103399 366592
1783657899654 0.5433727162890136 368640
1783657900452 0.5406032116152346 370688
1783657901234 0.5566320084035397 372736
1783657902042 0.5506294877268374 374784
1783657902933 0.5453540841117501 376832
1783657903780 0.5726615414023399 378880
1783657904457 0.5385204798076302 380928
1783657905231 0.5570204816758633 382976
1783657906051 0.5502736282069236 385024
1783657906761 0.5490038003772497 387072
1783657907528 0.5539679620414972 389120
1783657908322 0.5301998546347022 391168
1783657908994 0.5327325263060629 393216
1783657910192 0.5160443293862045 395264
1783657911051 0.5450321021489799 397312
1783657911899 0.5483889281749725 399360
1783657912605 0.5349682373926044 401408
1783657913328 0.5279673764016479 403456
1783657914113 0.5321488506160676 405504
1783657914830 0.5245213489979506 407552
1783657915532 0.5201002452522516 409600
1783657916328 0.5302532922942191 411648
1783657917081 0.5073624618817121 413696
1783657917977 0.5089610675349832 415744
1783657918818 0.4970808709040284 417792
1783657919602 0.4940547766163945 419840
1783657920444 0.5007063755765557 421888
1783657921247 0.515468065161258 423936
1783657922060 0.5133621757850051 425984
1783657922775 0.5161501616239548 428032
1783657923460 0.5403423521202058 430080
1783657924185 0.5300575722940266 432128
1783657924904 0.5324873221106827 434176
1783657925727 0.5250689284875989 436224
1783657926434 0.5238621386233717 438272
1783657927149 0.5100428368896246 440320
1783657927964 0.5236345240846276 442368
1783657928653 0.5174145062919706 444416
1783657929449 0.5213529004249722 446464
1783657930245 0.5163041073828936 448512
1783657930912 0.5176512799225748 450560
1783657931664 0.5019668957684189 452608
1783657932431 0.5108878733590245 454656
1783657933210 0.5185112555045635 456704
1783657934027 0.5102024651132524 458752
1783657934846 0.500887505011633 460800
1783657935543 0.49751085322350264 462848
1783657936288 0.510301221627742 464896
1783657937099 0.4978180294856429 466944
1783657937853 0.49871296528726816 468992
1783657938540 0.512431331211701 471040
1783657939370 0.525743257952854 473088
1783657940149 0.5261109920684248 475136
1783657940972 0.5096716454718262 477184
1783657941738 0.5166240364778787 479232
1783657942470 0.5049962399061769 481280
1783657943174 0.5258294336963445 483328
1783657943975 0.5380749681498855 485376
1783657944727 0.5146794221363962 487424
1783657945604 0.5142070194706321 489472
1783657946408 0.5184334442019463 491520
1783657947097 0.5094858424272388 493568
1783657947823 0.5140728633850813 495616
1783657948618 0.5181643103715032 497664
1783657949295 0.5340430524665862 499712
1783657949992 0.5248948119115084 501760
1783657950736 0.5157060548663139 503808
1783657951437 0.5368779208511114 505856
1783657952237 0.530307658482343 507904
1783657952953 0.5342974851373583 509952
1783657953650 0.5412494549527764 512000
1783657954391 0.5342956956010312 514048
1783657955123 0.5352788004092872 516096
1783657955891 0.5413231356069446 518144
1783657956543 0.5308040753006935 520192
1783657957258 0.5213192072696984 522240
1783657957976 0.5161261823959649 524288
1783657958690 0.5135493443813175 526336
1783657959497 0.5129595079924911 528384
1783657960177 0.5082809852901846 530432
1783657960877 0.5234771347604692 532480
1783657961657 0.5106287619564682 534528
1783657962372 0.5224068402312696 536576
1783657963174 0.5319501964841038 538624
1783657963958 0.5315057579427958 540672
1783657964636 0.5233008428476751 542720
1783657965314 0.5288909601513296 544768
1783657966034 0.5223284296225756 546816
1783657966766 0.5318580204620957 548864
1783657967532 0.5290115817915648 550912
1783657968289 0.5331545600201935 552960
1783657968994 0.5365076763555408 555008
1783657969806 0.5258095597382635 557056
1783657970584 0.5379299244377762 559104
1783657971310 0.5302396800834686 561152
1783657972098 0.5115610077045858 563200
1783657972792 0.5069416919723153 565248
1783657973544 0.5139693298842758 567296
1783657974342 0.5148552821483463 569344
1783657975053 0.5229534818790853 571392
1783657975725 0.5180721639189869 573440
1783657976491 0.5095482256729156 575488
1783657977199 0.517238205531612 577536
1783657977990 0.5152863846160471 579584
1783657978723 0.5015540106687695 581632
1783657979420 0.5174197759479284 583680
1783657980161 0.5122655599843711 585728
1783657980976 0.5242349479813129 587776
1783657981840 0.5004583348054439 589824
1783657982609 0.503951788879931 591872
1783657983282 0.5059041921049356 593920
1783657983986 0.5330505322199315 595968
1783657984776 0.5299711199477315 598016
1783657985560 0.5449608587659895 600064
1783657986390 0.5331238487269729 602112
1783657987127 0.534791360842064 604160
1783657987840 0.5610212320461869 606208
1783657988558 0.5676177330315113 608256
1783657989251 0.5592506062239408 610304
1783657990046 0.5623658918775618 612352
1783657990723 0.5479352348484099 614400
1783657991482 0.549687618156895 616448
1783657992263 0.5553484736010432 618496
1783657993100 0.5703482590615749 620544
1783657993879 0.5600838400423527 622592
1783657994575 0.5773906288668513 624640
1783657995286 0.5733744972385466 626688
1783657995966 0.558127268915996 628736
1783657996659 0.574525726493448 630784
1783657997467 0.5754531282000244 632832
1783657998136 0.5541930613107979 634880
1783657998894 0.5471985540352762 636928
1783657999632 0.5577460848726332 638976
1783658000325 0.5523032662458718 641024
1783658001090 0.5406808636616915 643072
1783658001799 0.5631387531757355 645120
1783658002486 0.5525050391443074 647168
1783658003291 0.5422084191814065 649216
1783658003948 0.5431025370489806 651264
1783658004605 0.5557145737111568 653312
1783658005418 0.553337128367275 655360
1783658006205 0.5763084879145026 657408
1783658006900 0.5618644878268242 659456
1783658007680 0.5611300570890307 661504
1783658008469 0.5633535203523934 663552
1783658009214 0.5705173318274319 665600
1783658009978 0.5515438141301274 667648
1783658010704 0.5492900111712515 669696
1783658011426 0.5496914016548544 671744
1783658012139 0.5479237269610167 673792
1783658012892 0.5642886688001454 675840
1783658013669 0.5417967273388058 677888
1783658014338 0.5508138937875628 679936
1783658015006 0.5302913112100214 681984
1783658015777 0.557746407110244 684032
1783658016558 0.5450686605181545 686080
1783658017424 0.5435656188055873 688128
1783658018218 0.53274394152686 690176
1783658019030 0.5301488100085407 692224
1783658019817 0.5199826944153756 694272
1783658020606 0.5134848000016063 696320
1783658021301 0.5270564677193761 698368
1783658022111 0.5202329228632152 700416
1783658022855 0.5173378423787653 702464
1783658023576 0.5227131750434637 704512
1783658024329 0.5230246679857373 706560
1783658025001 0.5201924566645175 708608
1783658025819 0.5203593550249934 710656
1783658026544 0.5224723888095468 712704
1783658027398 0.532648853957653 714752
1783658028195 0.5285648482386023 716800
1783658028994 0.53838807111606 718848
1783658029766 0.538726371480152 720896
1783658030535 0.5424034215975553 722944
1783658031278 0.5310911331325769 724992
1783658032088 0.5197491471190006 727040
1783658032884 0.5467314715497196 729088
1783658033669 0.5356581751257181 731136
1783658034349 0.5338846854865551 733184
1783658035092 0.5292371262330562 735232
1783658035897 0.5262510313186795 737280
1783658036719 0.522654996952042 739328
1783658037471 0.5134579304140061 741376
1783658038250 0.5171660357154906 743424
1783658039055 0.5087042113300413 745472
1783658039800 0.4938808251172304 747520
1783658040512 0.4957158009056002 749568
1783658041284 0.5057844980619848 751616
1783658042027 0.5275925272144377 753664
1783658042682 0.5262569608166814 755712
1783658043473 0.5277624640148133 757760
1783658044136 0.5060433116741478 759808
1783658044863 0.5032391713466495 761856
1783658045639 0.4968003141693771 763904
1783658046458 0.5008505596779287 765952
1783658047212 0.4803484966978431 768000
1783658048026 0.4911860325373709 770048
1783658048775 0.48918013367801905 772096
1783658049683 0.4853991570416838 774144
1783658050461 0.4967891916166991 776192
1783658051298 0.49817617191001773 778240
1783658052130 0.5010799756273627 780288
1783658052929 0.503114301012829 782336
1783658053772 0.5067471961956471 784384
1783658054542 0.5006515479180962 786432
1783658055292 0.5164134961087257 788480
1783658056009 0.5006624145898968 790528
1783658056821 0.4932313922327012 792576
1783658057624 0.5012073547113687 794624
1783658058326 0.49584548780694604 796672
1783658059005 0.5033604479394853 798720
1783658059739 0.5118573310319334 800768
1783658060675 0.5076845833100379 802816
1783658061439 0.5265507814474404 804864
1783658062246 0.5280490564182401 806912
1783658063002 0.5201519506517798 808960
1783658063753 0.5362447532825172 811008
1783658064510 0.547084379941225 813056
1783658065278 0.5429373343940824 815104
1783658066045 0.5248179065529257 817152
1783658066821 0.5611455915495753 819200
1783658067559 0.5389977130107582 821248
1783658068304 0.5331695131026208 823296
1783658069072 0.5513447225093842 825344
1783658069833 0.5535308988764882 827392
1783658070712 0.5600063656456769 829440
1783658071469 0.5678450125269592 831488
1783658072149 0.5713251843117177 833536
1783658072830 0.5514321909286082 835584
1783658073608 0.5724612316116691 837632
1783658074297 0.5682616718113422 839680
1783658075088 0.5424272401724011 841728
1783658075882 0.5548296151682734 843776
1783658076711 0.546518721152097 845824
1783658077461 0.5430187424644828 847872
1783658078136 0.5517110861837864 849920
1783658078883 0.5469001601450145 851968
1783658079660 0.5455971236806363 854016
1783658080434 0.5428175732959062 856064
1783658081192 0.5515453619882464 858112
1783658082024 0.5632362328469753 860160
1783658082804 0.5472701555117965 862208
1783658083583 0.5624591480009258 864256
1783658084244 0.5441915795672685 866304
1783658085100 0.537507944740355 868352
1783658085881 0.5132835090626031 870400
1783658086555 0.5264953130390495 872448
1783658087302 0.5316366623155773 874496
1783658088151 0.5346121322363615 876544
1783658088961 0.525207859929651 878592
1783658089765 0.5295546310953796 880640
1783658090531 0.5445101489312947 882688
1783658091252 0.5345725922379643 884736
1783658092072 0.5442423589993268 886784
1783658092810 0.5435982430353761 888832
1783658093589 0.5561395473778248 890880
1783658094283 0.5564869176596403 892928
1783658094968 0.5652865567244589 894976
1783658095686 0.5739520285278559 897024
1783658096369 0.5474546495825052 899072
1783658097131 0.5606103260070086 901120
1783658097925 0.5776583454571664 903168
1783658098620 0.5670212307013571 905216
1783658099399 0.5440325087402016 907264
1783658100177 0.5654956707730889 909312
1783658100966 0.5746680730953813 911360
1783658101778 0.5550811244174838 913408
1783658102559 0.5724589885212481 915456
1783658103401 0.55236646393314 917504
1783658104261 0.5639389539137483 919552
1783658105038 0.5770597434602678 921600
1783658105854 0.5623373934067786 923648
1783658106633 0.5649403361603618 925696
1783658107357 0.5694948439486325 927744
1783658108195 0.5626845434308052 929792
1783658109156 0.5646274369210005 931840
1783658109953 0.5470420215278864 933888
1783658110823 0.5367235101293772 935936
1783658111634 0.5475131771527231 937984
1783658112552 0.5524575710296631 940032
1783658113342 0.5593478619121015 942080
1783658114189 0.5428897391539067 944128
1783658115005 0.5289066438563168 946176
1783658115832 0.5300281525123864 948224
1783658116696 0.5336405667476356 950272
1783658117640 0.5302363806404173 952320
1783658118432 0.527579068671912 954368
1783658119152 0.5300339355599135 956416
1783658120018 0.5450440144632012 958464
1783658120721 0.5478890289086848 960512
1783658121663 0.5358606302179396 962560
1783658122508 0.5559227338526398 964608
1783658123336 0.5664105010218918 966656
1783658124121 0.5652870847843587 968704
1783658124839 0.5737166656181216 970752
1783658125702 0.557834540028125 972800
1783658126534 0.5612478437833488 974848
1783658127301 0.5752020636573434 976896
1783658128179 0.5468367338180542 978944
1783658128970 0.574196697678417 980992
1783658129740 0.575626527890563 983040
1783658130596 0.5725919208489358 985088
1783658131366 0.5562401884235442 987136
1783658132182 0.5673135290853679 989184
1783658133045 0.5712786791846156 991232
1783658133888 0.5501628876663744 993280
1783658134810 0.54038254939951 995328
1783658135650 0.5573873221874237 997376
1783658136540 0.5330976638942957 999424
1783658136890 0.5359702962968085 1000000
