1783657758644 2867.0 2048
1783657759361 2862.0 4096
1783657760138 2782.0 6144
1783657760942 2719.0 8192
1783657761810 2638.0 10240
1783657762601 2630.0 12288
1783657763375 2632.0 14336
1783657764185 2619.0 16384
1783657765107 2568.0 18432
1783657765904 2568.0 20480
1783657766705 2567.0 22528
1783657767543 2556.0 24576
1783657768446 2531.0 26624
1783657769253 2532.0 28672
1783657769974 2550.0 30720
1783657770752 2555.0 32768
1783657771550 2556.0 34816
1783657772280 2568.0 36864
1783657773083 2567.0 38912
1783657773887 2566.0 40960
1783657774643 2573.0 43008
1783657775403 2578.0 45056
1783657776188 2579.0 47104
1783657777062 2569.0 49152
1783657777862 2568.0 51200
1783657778775 2554.0 53248
1783657779602 2551.0 55296
1783657780366 2555.0 57344
1783657781131 2559.0 59392
1783657781908 2562.0 61440
1783657783347 2497.0 63488
1783657784136 2500.0 65536
1783657784890 2506.0 67584
1783657785693 2508.0 69632
1783657786463 2512.0 71680
1783657787153 2522.0 73728
1783657787917 2526.0 75776
1783657788734 2526.0 77824
1783657789493 2530.0 79872
1783657790290 2531.0 81920
1783657791528 2499.0 83968
1783657792242 2506.0 86016
1783657793051 2507.0 88064
1783657793859 2508.0 90112
1783657794660 2509.0 92160
1783657795460 2510.0 94208
1783657796160 2517.0 96256
1783657796935 2520.0 98304
1783657797703 2523.0 100352
1783657798525 2522.0 102400
1783657799337 2522.0 104448
1783657800229 2517.0 106496
1783657800990 2520.0 108544
1783657801662 2528.0 110592
1783657802434 2530.0 112640
1783657803241 2531.0 114688
1783657803957 2536.0 116736
1783657804727 2538.0 118784
1783657805453 2542.0 120832
1783657806220 2544.0 122880
1783657807153 2538.0 124928
1783657808040 2533.0 126976
1783657808794 2536.0 129024
1783657809579 2537.0 131072
1783657810393 2537.0 133120
1783657811199 2537.0 135168
1783657811928 2541.0 137216
1783657812642 2545.0 139264
1783657813420 2546.0 141312
1783657814186 2548.0 143360
1783657814995 2548.0 145408
1783657815748 2550.0 147456
1783657816531 2551.0 149504
1783657817386 2548.0 151552
1783657818175 2549.0 153600
1783657818971 2549.0 155648
1783657819886 2545.0 157696
1783657820700 2544.0 159744
1783657821430 2547.0 161792
1783657822182 2549.0 163840
1783657822990 2549.0 165888
1783657823765 2550.0 167936
1783657824540 2551.0 169984
1783657825419 2549.0 172032
1783657826218 2549.0 174080
1783657826938 2552.0 176128
1783657827655 2555.0 178176
1783657828456 2555.0 180224
1783657829140 2559.0 182272
1783657829895 2561.0 184320
1783657830699 2561.0 186368
1783657831365 2565.0 188416
1783657832081 2568.0 190464
1783657832842 2569.0 192512
1783657833658 2569.0 194560
1783657834445 2569.0 196608
1783657835272 2568.0 198656
1783657835974 2571.0 200704
1783657836775 2571.0 202752
1783657837615 2570.0 204800
1783657838365 2571.0 206848
1783657839078 2574.0 208896
1783657839920 2572.0 210944
1783657840621 2575.0 212992
1783657841343 2578.0 215040
1783657842142 2577.0 217088
1783657842970 2576.0 219136
1783657843815 2575.0 221184
1783657844645 2574.0 223232
1783657845349 2577.0 225280
1783657846155 2576.0 227328
1783657846969 2576.0 229376
1783657847732 2577.0 231424
1783657848547 2576.0 233472
1783657849393 2575.0 235520
1783657850213 2574.0 237568
1783657851016 2574.0 239616
1783657851894 2571.0 241664
1783657852700 2571.0 243712
1783657853397 2574.0 245760
1783657854213 2573.0 247808
1783657855073 2572.0 249856
1783657855845 2572.0 251904
1783657856641 2572.0 253952
1783657857492 2571.0 256000
1783657858220 2573.0 258048
1783657859011 2573.0 260096
1783657859831 2572.0 262144
1783657860568 2574.0 264192
1783657861324 2575.0 266240
1783657862130 2574.0 268288
1783657862858 2576.0 270336
1783657863630 2576.0 272384
1783657864489 2575.0 274432
1783657865253 2576.0 276480
1783657866064 2575.0 278528
1783657866849 2575.0 280576
1783657867621 2576.0 282624
1783657868334 2578.0 284672
1783657869154 2577.0 286720
1783657869831 2580.0 288768
1783657870532 2582.0 290816
1783657871250 2584.0 292864
1783657872018 2584.0 294912
1783657872814 2584.0 296960
1783657873490 2587.0 299008
1783657874224 2588.0 301056
1783657874989 2589.0 303104
1783657875725 2590.0 305152
1783657876468 2591.0 307200
1783657877273 2591.0 309248
1783657878059 2591.0 311296
1783657878927 2589.0 313344
1783657879729 2589.0 315392
1783657880422 2591.0 317440
1783657881101 2593.0 319488
1783657881914 2593.0 321536
1783657882723 2592.0 323584
1783657883573 2591.0 325632
1783657884374 2591.0 327680
1783657885084 2593.0 329728
1783657885814 2594.0 331776
1783657886637 2593.0 333824
1783657887307 2596.0 335872
1783657887992 2598.0 337920
1783657888865 2596.0 339968
1783657889584 2597.0 342016
1783657890277 2599.0 344064
1783657891033 2600.0 346112
1783657891846 2599.0 348160
1783657892647 2599.0 350208
1783657893340 2601.0 352256
1783657894102 2601.0 354304
1783657894873 2602.0 356352
1783657895604 2603.0 358400
1783657896365 2603.0 360448
1783657897192 2602.0 362496
1783657897998 2602.0 364544
1783657898812 2602.0 366592
1783657899654 2601.0 368640
1783657900452 2600.0 370688
1783657901234 2601.0 372736
1783657902042 2600.0 374784
1783657902933 2598.0 376832
1783657903780 2597.0 378880
1783657904457 2599.0 380928
1783657905231 2599.0 382976
1783657906051 2599.0 385024
1783657906761 2600.0 387072
1783657907528 2601.0 389120
1783657908322 2600.0 391168
1783657908994 2602.0 393216
1783657910192 2595.0 395264
1783657911051 2594.0 397312
1783657911899 2593.0 399360
1783657912605 2595.0 401408
1783657913328 2596.0 403456
1783657914113 2596.0 405504
1783657914830 2597.0 407552
1783657915532 2598.0 409600
1783657916328 2598.0 411648
1783657917081 2599.0 413696
1783657917977 2597.0 415744
1783657918818 2596.0 417792
1783657919602 2596.0 419840
1783657920444 2596.0 421888
1783657921247 2595.0 423936
1783657922060 2595.0 425984
1783657922775 2596.0 428032
1783657923460 2598.0 430080
1783657924185 2599.0 432128
1783657924904 2600.0 434176
1783657925727 2599.0 436224
1783657926434 2600.0 438272
1783657927149 2602.0 440320
1783657927964 2601.0 442368
1783657928653 2603.0 444416
1783657929449 2602.0 446464
1783657930245 2602.0 448512
1783657930912 2604.0 450560
1783657931664 2605.0 452608
1783657932431 2605.0 454656
1783657933210 2605.0 456704
1783657934027 2605.0 458752
1783657934846 2604.0 460800
1783657935543 2605.0 462848
1783657936288 2606.0 464896
1783657937099 2606.0 466944
1783657937853 2606.0 468992
1783657938540 2608.0 471040
1783657939370 2607.0 473088
1783657940149 2607.0 475136
1783657940972 2606.0 477184
1783657941738 2607.0 479232
1783657942470 2607.0 481280
1783657943174 2609.0 483328
1783657943975 2608.0 485376
1783657944727 2609.0 487424
1783657945604 2608.0 489472
1783657946408 2607.0 491520
1783657947097 2609.0 493568
1783657947823 2609.0 495616
1783657948618 2609.0 497664
1783657949295 2611.0 499712
1783657949992 2612.0 501760
1783657950736 2613.0 503808
1783657951437 2614.0 505856
1783657952237 2613.0 507904
1783657952953 2614.0 509952
1783657953650 2615.0 512000
1783657954391 2616.0 514048
1783657955123 2617.0 516096
1783657955891 2617.0 518144
1783657956543 2619.0 520192
1783657957258 2620.0 522240
1783657957976 2620.0 524288
1783657958690 2621.0 526336
1783657959497 2621.0 528384
1783657960177 2622.0 530432
1783657960877 2623.0 532480
1783657961657 2623.0 534528
1783657962372 2624.0 536576
1783657963174 2624.0 538624
1783657963958 2624.0 540672
1783657964636 2625.0 542720
1783657965314 2626.0 544768
1783657966034 2627.0 546816
1783657966766 2628.0 548864
1783657967532 2628.0 550912
1783657968289 2628.0 552960
1783657968994 2629.0 555008
1783657969806 2629.0 557056
1783657970584 2629.0 559104
1783657971310 2629.0 561152
1783657972098 2629.0 563200
1783657972792 2630.0 565248
1783657973544 2631.0 567296
1783657974342 2630.0 569344
1783657975053 2631.0 571392
1783657975725 2632.0 573440
1783657976491 2633.0 575488
1783657977199 2633.0 577536
1783657977990 2633.0 579584
1783657978723 2634.0 581632
1783657979420 2635.0 583680
1783657980161 2635.0 585728
1783657980976 2635.0 587776
1783657981840 2634.0 589824
1783657982609 2634.0 591872
1783657983282 2635.0 593920
1783657983986 2636.0 595968
1783657984776 2636.0 598016
1783657985560 2636.0 600064
1783657986390 2635.0 602112
1783657987127 2635.0 604160
1783657987840 2636.0 606208
1783657988558 2637.0 608256
1783657989251 2638.0 610304
1783657990046 2638.0 612352
1783657990723 2639.0 614400
1783657991482 2639.0 616448
1783657992263 2639.0 618496
1783657993100 2638.0 620544
1783657993879 2638.0 622592
1783657994575 2639.0 624640
1783657995286 2640.0 626688
1783657995966 2641.0 628736
1783657996659 2642.0 630784
1783657997467 2641.0 632832
1783657998136 2643.0 634880
1783657998894 2643.0 636928
1783657999632 2643.0 638976
1783658000325 2644.0 641024
1783658001090 2644.0 643072
1783658001799 2645.0 645120
1783658002486 2646.0 647168
1783658003291 2645.0 649216
1783658003948 2647.0 651264
1783658004605 2648.0 653312
1783658005418 2648.0 655360
1783658006205 2647.0 657408
1783658006900 2648.0 659456
1783658007680 2648.0 661504
1783658008469 2648.0 663552
1783658009214 2648.0 665600
1783658009978 2648.0 667648
1783658010704 2649.0 669696
1783658011426 2649.0 671744
1783658012139 2650.0 673792
1783658012892 2650.0 675840
1783658013669 2650.0 677888
1783658014338 2651.0 679936
1783658015006 2652.0 681984
1783658015777 2652.0 684032
1783658016558 2652.0 686080
1783658017424 2651.0 688128
1783658018218 2651.0 690176
1783658019030 2651.0 692224
1783658019817 2651.0 694272
1783658020606 2650.0 696320
1783658021301 2651.0 698368
1783658022111 2651.0 700416
1783658022855 2651.0 702464
1783658023576 2652.0 704512
1783658024329 2652.0 706560
1783658025001 2653.0 708608
1783658025819 2652.0 710656
1783658026544 2653.0 712704
1783658027398 2652.0 714752
1783658028195 2652.0 716800
1783658028994 2651.0 718848
1783658029766 2651.0 720896
1783658030535 2651.0 722944
1783658031278 2652.0 724992
1783658032088 2651.0 727040
1783658032884 2651.0 729088
1783658033669 2651.0 731136
1783658034349 2652.0 733184
1783658035092 2652.0 735232
1783658035897 2652.0 737280
1783658036719 2651.0 739328
1783658037471 2652.0 741376
1783658038250 2652.0 743424
1783658039055 2651.0 745472
1783658039800 2652.0 747520
1783658040512 2652.0 749568
1783658041284 2652.0 751616
1783658042027 2652.0 753664
1783658042682 2653.0 755712
1783658043473 2653.0 757760
1783658044136 2654.0 759808
1783658044863 2655.0 761856
1783658045639 2655.0 763904
1783658046458 2654.0 765952
1783658047212 2654.0 768000
1783658048026 2654.0 770048
1783658048775 2654.0 772096
1783658049683 2653.0 774144
1783658050461 2653.0 776192
1783658051298 2652.0 778240
1783658052130 2652.0 780288
1783658052929 2651.0 782336
1783658053772 2651.0 784384
1783658054542 2651.0 786432
1783658055292 2651.0 788480
1783658056009 2652.0 790528
1783658056821 2651.0 792576
1783658057624 2651.0 794624
1783658058326 2652.0 796672
1783658059005 2652.0 798720
1783658059739 2653.0 800768
1783658060675 2651.0 802816
1783658061439 2651.0 804864
1783658062246 2651.0 806912
1783658063002 2651.0 808960
1783658063753 2651.0 811008
1783658064510 2652.0 813056
1783658065278 2652.0 815104
1783658066045 2652.0 817152
1783658066821 2652.0 819200
1783658067559 2652.0 821248
1783658068304 2652.0 823296
1783658069072 2652.0 825344
1783658069833 2652.0 827392
1783658070712 2651.0 829440
1783658071469 2651.0 831488
1783658072149 2652.0 833536
1783658072830 2653.0 835584
1783658073608 2653.0 837632
1783658074297 2654.0 839680
1783658075088 2653.0 841728
1783658075882 2653.0 843776
1783658076711 2653.0 845824
1783658077461 2653.0 847872
1783658078136 2654.0 849920
1783658078883 2654.0 851968
1783658079660 2654.0 854016
1783658080434 2654.0 856064
1783658081192 2654.0 858112
1783658082024 2654.0 860160
1783658082804 2653.0 862208
1783658083583 2653.0 864256
1783658084244 2654.0 866304
1783658085100 2654.0 868352
1783658085881 2654.0 870400
1783658086555 2654.0 872448
1783658087302 2655.0 874496
1783658088151 2654.0 876544
1783658088961 2654.0 878592
1783658089765 2653.0 880640
1783658090531 2653.0 882688
1783658091252 2654.0 884736
1783658092072 2653.0 886784
1783658092810 2654.0 888832
1783658093589 2654.0 890880
1783658094283 2654.0 892928
1783658094968 2655.0 894976
1783658095686 2655.0 897024
1783658096369 2656.0 899072
1783658097131 2656.0 901120
1783658097925 2656.0 903168
1783658098620 2657.0 905216
1783658099399 2656.0 907264
1783658100177 2656.0 909312
1783658100966 2656.0 911360
1783658101778 2656.0 913408
1783658102559 2656.0 915456
1783658103401 2655.0 917504
1783658104261 2655.0 919552
1783658105038 2655.0 921600
1783658105854 2654.0 923648
1783658106633 2654.0 925696
1783658107357 2655.0 927744
1783658108195 2654.0 929792
1783658109156 2653.0 931840
1783658109953 2652.0 933888
1783658110823 2652.0 935936
1783658111634 2651.0 937984
1783658112552 2650.0 940032
1783658113342 2650.0 942080
1783658114189 2650.0 944128
1783658115005 2649.0 946176
1783658115832 2649.0 948224
1783658116696 2648.0 950272
1783658117640 2647.0 952320
1783658118432 2647.0 954368
1783658119152 2647.0 956416
1783658120018 2647.0 958464
1783658120721 2647.0 960512
1783658121663 2646.0 962560
1783658122508 2645.0 964608
1783658123336 2645.0 966656
1783658124121 2645.0 968704
1783658124839 2645.0 970752
1783658125702 2645.0 972800
1783658126534 2644.0 974848
1783658127301 2644.0 976896
1783658128179 2644.0 978944
1783658128970 2643.0 980992
1783658129740 2643.0 983040
1783658130596 2643.0 985088
1783658131366 2643.0 987136
1783658132182 2643.0 989184
1783658133045 2642.0 991232
1783658133888 2641.0 993280
1783658134810 2640.0 995328
1783658135650 2640.0 997376
1783658136540 2639.0 999424
1783658136890 2638.0 1000000
