1783657758644 -0.013108002458466217 2048
1783657759361 -0.007883821035647998 4096
1783657760138 -0.0074080897102248855 6144
1783657760942 -0.011662129025353352 8192
1783657761810 -0.011793690333433915 10240
1783657762601 -0.009373613833304262 12288
1783657763375 -0.007110523380106315 14336
1783657764185 -0.005600830900220899 16384
1783657765107 -0.004520856717135757 18432
1783657765904 -0.0026558488098089583 20480
1783657766705 -0.010400743991340278 22528
1783657767543 -0.003138573800242739 24576
1783657768446 -0.003436148355831392 26624
1783657769253 -0.002275067505252082 28672
1783657769974 -0.0036837045299762394 30720
1783657770752 -0.000460470935649937 32768
1783657771550 -0.0004473910230444744 34816
1783657772280 -0.0018541886420280207 36864
1783657773083 0.0004292255725886207 38912
1783657773887 0.00013085447426419705 40960
1783657774643 -0.0018624708609422669 43008
1783657775403 -0.003016573702552705 45056
1783657776188 -0.0009558219153404934 47104
1783657777062 0.0004215729750285391 49152
1783657777862 -0.001851066896051634 51200
1783657778775 -0.0029099948151269928 53248
1783657779602 -0.0028800735672120936 55296
1783657780366 0.0013324209503480233 57344
1783657781131 -0.003638537171354983 59392
1783657781908 -0.0023625515605090186 61440
1783657783347 -0.0011793241210398264 63488
1783657784136 -0.0002589562027424108 65536
1783657784890 -0.0015117158473003656 67584
1783657785693 -0.003508891852106899 69632
1783657786463 -0.0009204889138345607 71680
1783657787153 -0.001145579488365911 73728
1783657787917 -0.0019391024907235987 75776
1783657788734 -0.002245563628093805 77824
1783657789493 -0.0019280919386801543 79872
1783657790290 -0.004340321058407426 81920
1783657791528 -0.0033207343476533424 83968
1783657792242 -0.0011924114041903522 86016
1783657793051 0.0004488312879402656 88064
1783657793859 -0.001268799362151185 90112
1783657794660 -0.0054811599184176885 92160
1783657795460 -0.001724777655908838 94208
1783657796160 -0.002073609428407508 96256
1783657796935 -0.00046373694931389764 98304
1783657797703 -0.0004262144575477578 100352
1783657798525 0.00022961652757658157 102400
1783657799337 -0.006528702826471999 104448
1783657800229 -0.0036575548656401224 106496
1783657800990 -0.001094447308787494 108544
1783657801662 -0.0015447764744749293 110592
1783657802434 -0.001660037669353187 112640
1783657803241 -0.003993628175521735 114688
1783657803957 -0.004517510360528831 116736
1783657804727 -0.0011766137686208822 118784
1783657805453 -0.004339438117312966 120832
1783657806220 -0.0032563479835516773 122880
1783657807153 -0.002503068437363254 124928
1783657808040 -0.0014877263420203235 126976
1783657808794 0.0001784040650818497 129024
1783657809579 -0.0008728676584723871 131072
1783657810393 -0.0009313714072050061 133120
1783657811199 -0.0008091039344435558 135168
1783657811928 -0.0028667033511737827 137216
1783657812642 -0.0016562267192057334 139264
1783657813420 0.0003420623979764059 141312
1783657814186 -0.001214955325849587 143360
1783657814995 -0.00033932837322936393 145408
1783657815748 -0.002006826500291936 147456
1783657816531 -0.0007064383607939817 149504
1783657817386 -0.005591006687609479 151552
1783657818175 4.61261224700138e-05 153600
1783657818971 0.00021209735496086068 155648
1783657819886 7.33498418412637e-05 157696
1783657820700 0.00014416814155993052 159744
1783657821430 -0.0002797362431010697 161792
1783657822182 -0.003587203100323677 163840
1783657822990 -0.00018490301226847805 165888
1783657823765 -0.00019751647050725296 167936
1783657824540 -0.0010722647493821569 169984
1783657825419 -0.005411667763837613 172032
1783657826218 -0.0025321691337012453 174080
1783657826938 0.000244222093897406 176128
1783657827655 0.0002533377664803993 178176
1783657828456 -0.0018150511277781334 180224
1783657829140 -0.0024949138660304016 182272
1783657829895 -0.0037198372301645577 184320
1783657830699 5.961844181001652e-05 186368
1783657831365 0.0003327400263515301 188416
1783657832081 -0.0008387712587136775 190464
1783657832842 -0.0025111566974374 192512
1783657833658 -0.0019603874934546184 194560
1783657834445 -0.0003129371179966256 196608
1783657835272 -0.0014401807020476554 198656
1783657835974 -0.0005046878141001798 200704
1783657836775 0.00013508612391888164 202752
1783657837615 -0.00404240503848996 204800
1783657838365 -0.00012940823580720462 206848
1783657839078 -0.0006600090709980577 208896
1783657839920 -0.0008507992206432391 210944
1783657840621 -0.0006464735015470069 212992
1783657841343 0.0006754234455002006 215040
1783657842142 -0.0014551413769368082 217088
1783657842970 4.424351027410012e-05 219136
1783657843815 -0.0019294423946121242 221184
1783657844645 -0.00038702226265741047 223232
1783657845349 -0.001227180542628048 225280
1783657846155 -0.0017382071819156408 227328
1783657846969 -0.0006587010138900951 229376
1783657847732 -0.000229415760259144 231424
1783657848547 -0.0029149452020647004 233472
1783657849393 0.0003039634375454625 235520
1783657850213 -0.0016354549916286487 237568
1783657851016 -0.00015965126294759102 239616
1783657851894 -0.0008108048459689599 241664
1783657852700 -0.00012204762060719077 243712
1783657853397 -0.0007739622178632999 245760
1783657854213 0.00033545279075042345 247808
1783657855073 -0.0013069237538729794 249856
1783657855845 0.0006329924799501896 251904
1783657856641 0.00014960888802306727 253952
1783657857492 -0.008519743274518987 256000
1783657858220 -0.0036580419218807947 258048
1783657859011 -0.0013064867962384596 260096
1783657859831 0.0004783785007020924 262144
1783657860568 -0.001833295787946554 264192
1783657861324 -0.0008123430307023227 266240
1783657862130 -0.0011052762456529308 268288
1783657862858 0.0005218966434767935 270336
1783657863630 -0.0019503978874126915 272384
1783657864489 -0.0016084742965176702 274432
1783657865253 -0.0006278339533309918 276480
1783657866064 -0.0013752996092080139 278528
1783657866849 -0.002060502567474032 280576
1783657867621 -0.00046656696576974355 282624
1783657868334 -0.0002895786747103557 284672
1783657869154 0.0005179958170629106 286720
1783657869831 -0.001892415795737179 288768
1783657870532 -0.001994228852709057 290816
1783657871250 0.0007776719721732661 292864
1783657872018 -0.0016916585773287807 294912
1783657872814 -0.0003311575565021485 296960
1783657873490 -0.0025469871980021708 299008
1783657874224 -0.0008567773693357594 301056
1783657874989 -0.0032998067254084162 303104
1783657875725 -0.0010860622842301382 305152
1783657876468 -0.0012467529304558411 307200
1783657877273 -0.0023036106103972998 309248
1783657878059 -0.007482730197807541 311296
1783657878927 -0.002277769559441367 313344
1783657879729 -0.001827535201300634 315392
1783657880422 -0.00018484182874090038 317440
1783657881101 -0.0005321993085090071 319488
1783657881914 -0.00023032442913972773 321536
1783657882723 0.00011002468818333 323584
1783657883573 -0.001278894746064907 325632
1783657884374 -0.00015443959637195803 327680
1783657885084 -0.0013905188206990715 329728
1783657885814 -0.0005844988481840119 331776
1783657886637 -0.0009024720529851038 333824
1783657887307 -0.001774633718014229 335872
1783657887992 -0.0003434609952819301 337920
1783657888865 0.00018338342124479823 339968
1783657889584 -0.0002230275458714459 342016
1783657890277 -0.002826770520186983 344064
1783657891033 -0.0017081433543353342 346112
1783657891846 -0.0019775880209635943 348160
1783657892647 -0.004831143989576958 350208
1783657893340 -0.0002936029668489937 352256
1783657894102 -0.0013797448373225052 354304
1783657894873 -0.0021290828080964275 356352
1783657895604 -0.0005965191230643541 358400
1783657896365 -0.005005075239751022 360448
1783657897192 -0.0022860112330818083 362496
1783657897998 -0.0005834405164932832 364544
1783657898812 0.0005584021291724639 366592
1783657899654 4.8673111450625584e-05 368640
1783657900452 -0.0001436067195754731 370688
1783657901234 -0.0009583849350747187 372736
1783657902042 -0.0012489593609643634 374784
1783657902933 -0.0009482288078288548 376832
1783657903780 -0.0016490765956405085 378880
1783657904457 -0.0010904600167123135 380928
1783657905231 -0.004923759934172267 382976
1783657906051 -0.0007239095430122688 385024
1783657906761 -0.0016464612526760902 387072
1783657907528 -0.0024263218219857663 389120
1783657908322 -0.002995819731950178 391168
1783657908994 -0.002039773895376129 393216
1783657910192 -0.0010972602176479995 395264
1783657911051 -0.0010237970600428525 397312
1783657911899 -0.0007825797492841957 399360
1783657912605 -0.0009439206951356027 401408
1783657913328 -0.0005100631606183015 403456
1783657914113 -0.0012713501164398622 405504
1783657914830 -0.00030117038113530725 407552
1783657915532 -0.00012232098015374504 409600
1783657916328 0.0003113581442448776 411648
1783657917081 -0.00039933955122251064 413696
1783657917977 -0.0006002491099934559 415744
1783657918818 -0.0005709792676498182 417792
1783657919602 -0.0022733728401362896 419840
1783657920444 0.00023462869376089657 421888
1783657921247 -0.0010331412813684437 423936
1783657922060 -0.001492148614488542 425984
1783657922775 0.0002524551691749366 428032
1783657923460 -0.0011669395571516361 430080
1783657924185 -0.000867641247168649 432128
1783657924904 -0.0012002795956504997 434176
1783657925727 -0.0002118953525496181 436224
1783657926434 -0.0001660421803535428 438272
1783657927149 -0.0018550220192992128 440320
1783657927964 -0.002907873618823942 442368
1783657928653 -0.000609408802120015 444416
1783657929449 0.0007501353793486487 446464
1783657930245 -0.0007465666058124043 448512
1783657930912 -0.0013395030036917888 450560
1783657931664 -0.001041677129251184 452608
1783657932431 -0.00037921110561001115 454656
1783657933210 0.0004550525773083791 456704
1783657934027 -0.0010154427363886498 458752
1783657934846 -0.001295742804359179 460800
1783657935543 -0.002837116215232527 462848
1783657936288 -0.00023141763085732237 464896
1783657937099 -0.0026932149630738422 466944
1783657937853 -0.000359270805347478 468992
1783657938540 -0.001977108171558939 471040
1783657939370 -0.0002518659966881387 473088
1783657940149 0.0011832619566121139 475136
1783657940972 -0.0004785240307683125 477184
1783657941738 0.0003605820929806214 479232
1783657942470 -0.0017893700205604546 481280
1783657943174 -6.105205829953775e-05 483328
1783657943975 -0.000711812412191648 485376
1783657944727 -0.0019308959963382222 487424
1783657945604 -0.0006376663041010033 489472
1783657946408 -0.0006828277764725499 491520
1783657947097 -0.0004978878605470527 493568
1783657947823 -0.0035971848556073382 495616
1783657948618 -0.0010812604996317532 497664
1783657949295 -0.0006131540849310113 499712
1783657949992 -0.0017345972773910034 501760
1783657950736 0.000699495998560451 503808
1783657951437 -0.0007779658335493878 505856
1783657952237 -0.0010549287108005956 507904
1783657952953 0.00011703859127010219 509952
1783657953650 0.0006277645552472677 512000
1783657954391 -0.0002923177453340031 514048
1783657955123 0.00010945557187369559 516096
1783657955891 -0.001276847568078665 518144
1783657956543 -0.0007605369537486695 520192
1783657957258 2.6928501029033214e-06 522240
1783657957976 -0.000548934047401417 524288
1783657958690 -0.00183783968896023 526336
1783657959497 0.0007674696025787853 528384
1783657960177 -0.0012835497127525741 530432
1783657960877 -0.0016092680434667272 532480
1783657961657 -0.0008601995614299085 534528
1783657962372 -0.001511902464699233 536576
1783657963174 0.0002463780729158316 538624
1783657963958 -0.0004433653084561229 540672
1783657964636 -0.00019100176359643228 542720
1783657965314 0.000310772700686357 544768
1783657966034 -0.0006854658786323853 546816
1783657966766 -0.0013880171572964173 548864
1783657967532 -0.0018737617647275329 550912
1783657968289 -0.003365436099556973 552960
1783657968994 0.0004097595410712529 555008
1783657969806 -0.00177643399729277 557056
1783657970584 -0.0012028437322442187 559104
1783657971310 -0.0023010836739558727 561152
1783657972098 -0.0003492096730042249 563200
1783657972792 -0.0016707251634215936 565248
1783657973544 -0.004301871569623472 567296
1783657974342 0.0009462965681450441 569344
1783657975053 -0.0010681634776119608 571392
1783657975725 -0.0006036248632881325 573440
1783657976491 -0.0013828673581883777 575488
1783657977199 -0.0026008557506429497 577536
1783657977990 -0.0012647168041439727 579584
1783657978723 -0.0009627961298974697 581632
1783657979420 -0.0008072671444097068 583680
1783657980161 -0.0007366480313066859 585728
1783657980976 -0.001448662285838509 587776
1783657981840 -0.002644537074957043 589824
1783657982609 -0.0012074919104634319 591872
1783657983282 -0.0007898855083112721 593920
1783657983986 -0.0021590310207102448 595968
1783657984776 -0.0018050546350423247 598016
1783657985560 -0.000821638264824287 600064
1783657986390 -5.142486770637333e-06 602112
1783657987127 0.00015601770064677112 604160
1783657987840 2.8315338568063453e-05 606208
1783657988558 -0.0004839963530685054 608256
1783657989251 0.00024778976148809306 610304
1783657990046 0.00041119153320323676 612352
1783657990723 -0.0014579642374883406 614400
1783657991482 -0.004754664701977163 616448
1783657992263 -5.398806752054952e-05 618496
1783657993100 -3.633333653851878e-05 620544
1783657993879 0.00032573582575423643 622592
1783657994575 -0.00015281865853467025 624640
1783657995286 -0.0005346041143639013 626688
1783657995966 -0.002052244199148845 628736
1783657996659 0.00036277839717513416 630784
1783657997467 -0.0005245492902758997 632832
1783657998136 -0.0024135486819432117 634880
1783657998894 -0.0004450575106602628 636928
1783657999632 -0.001599428265762981 638976
1783658000325 -0.003377715896931477 641024
1783658001090 -0.002015358899370767 643072
1783658001799 -0.0013694877779926173 645120
1783658002486 -0.0015657610674679745 647168
1783658003291 -0.00032392450884799473 649216
1783658003948 2.979640703415498e-05 651264
1783658004605 -0.0021780646457045805 653312
1783658005418 0.0001257516778423451 655360
1783658006205 -0.00020860904623987153 657408
1783658006900 -0.0009295769596064929 659456
1783658007680 0.00011098723916802555 661504
1783658008469 -0.0013685816957149655 663552
1783658009214 -0.0004022554148832569 665600
1783658009978 -0.000924199015571503 667648
1783658010704 0.0011544478584255558 669696
1783658011426 -0.001988223026273772 671744
1783658012139 -0.0010744268802227452 673792
1783658012892 -3.327219747006893e-05 675840
1783658013669 -0.0010653281315171625 677888
1783658014338 -0.0028912994221172994 679936
1783658015006 -0.00037319810144254006 681984
1783658015777 -0.0004964090003340971 684032
1783658016558 -0.0007322674864553846 686080
1783658017424 -0.0016748578782426193 688128
1783658018218 -0.00014088014359003864 690176
1783658019030 -0.0001743416432873346 692224
1783658019817 0.0005640842027787585 694272
1783658020606 -0.0016495201452926267 696320
1783658021301 -0.0003197004843968898 698368
1783658022111 -0.0022175941776367836 700416
1783658022855 0.00020471647803788073 702464
1783658023576 -0.0007842549894121476 704512
1783658024329 -0.0010135889478988247 706560
1783658025001 -0.00038219630368985236 708608
1783658025819 -0.0020928703452227637 710656
1783658026544 -0.0015587644775223453 712704
1783658027398 -0.000985065881650371 714752
1783658028195 -0.0037423566900542937 716800
1783658028994 -0.0007427040218317416 718848
1783658029766 -0.0013960258966108086 720896
1783658030535 -0.002774664266325999 722944
1783658031278 -0.0019411939065321349 724992
1783658032088 -0.002998008632857818 727040
1783658032884 -0.000989441581623396 729088
1783658033669 -0.004213248252199264 731136
1783658034349 -0.0012377572602417786 733184
1783658035092 -0.0030361337412614375 735232
1783658035897 -0.0003031651140190661 737280
1783658036719 0.00012851620704168454 739328
1783658037471 -0.0005170288495719433 741376
1783658038250 -0.00045855487405788153 743424
1783658039055 -0.0033509208842588123 745472
1783658039800 -0.0020977034691895824 747520
1783658040512 -0.002378175933699822 749568
1783658041284 -0.0004984265251550823 751616
1783658042027 -0.0016723557018849533 753664
1783658042682 -0.0005118126791785471 755712
1783658043473 -0.0012328032353252638 757760
1783658044136 -0.0012814281653845683 759808
1783658044863 -0.0012223730591358617 761856
1783658045639 -0.0036957826450816356 763904
1783658046458 0.00025766933686099946 765952
1783658047212 -0.0028342359146336094 768000
1783658048026 -2.309780757059343e-05 770048
1783658048775 -0.001161296444479376 772096
1783658049683 0.00014672055840492249 774144
1783658050461 -0.0013951300534245092 776192
1783658051298 -0.0007076036490616389 778240
1783658052130 -0.0005724802194890799 780288
1783658052929 -0.0008116892458929215 782336
1783658053772 -0.000928653433220461 784384
1783658054542 3.201088111381978e-05 786432
1783658055292 -0.0029871186925447546 788480
1783658056009 -0.0004463227160158567 790528
1783658056821 -0.0026193142621195875 792576
1783658057624 -0.000447531376266852 794624
1783658058326 0.00031285691511584446 796672
1783658059005 0.0011736902379198 798720
1783658059739 -0.0025137084630841855 800768
1783658060675 -0.004511998384259641 802816
1783658061439 -0.001276300179597456 804864
1783658062246 -0.00037573514418909326 806912
1783658063002 -0.0018974608174175955 808960
1783658063753 -0.0007683226431254297 811008
1783658064510 -0.00013965698235551827 813056
1783658065278 0.0002942687860922888 815104
1783658066045 -0.0002713705071073491 817152
1783658066821 -0.0016387490213674027 819200
1783658067559 7.364017437794246e-05 821248
1783658068304 -0.0027263401261734543 823296
1783658069072 -0.0017659525874478277 825344
1783658069833 -0.0027129367481393274 827392
1783658070712 0.0005269125485938275 829440
1783658071469 0.0005134648927196395 831488
1783658072149 -0.0013730706450587604 833536
1783658072830 -0.0008449146644124994 835584
1783658073608 -0.003009648895385908 837632
1783658074297 -0.0008163603706634603 839680
1783658075088 -0.001611712075828109 841728
1783658075882 -0.002780801694825641 843776
1783658076711 -0.0007693809166084975 845824
1783658077461 -0.002439603176753735 847872
1783658078136 -0.000710517524566967 849920
1783658078883 -0.0011004833941115066 851968
1783658079660 0.00033324575633741915 854016
1783658080434 -0.0025266078191634733 856064
1783658081192 -0.0020062746480107307 858112
1783658082024 -0.0011637217776296893 860160
1783658082804 -0.0010969169852614868 862208
1783658083583 -0.0005807621637359262 864256
1783658084244 -0.0019565541078918613 866304
1783658085100 -0.000998651645204518 868352
1783658085881 -0.0021742057033407036 870400
1783658086555 0.00037881241769355256 872448
1783658087302 -1.0050411219708622e-05 874496
1783658088151 -0.0021332163851184305 876544
1783658088961 -0.0020962135458830744 878592
1783658089765 -0.0021972737959004007 880640
1783658090531 0.0007676943278056569 882688
1783658091252 0.0002614214645291213 884736
1783658092072 -2.3308282834477723e-05 886784
1783658092810 0.00013542422311729752 888832
1783658093589 -7.512575393775478e-05 890880
1783658094283 -0.00036732480839418713 892928
1783658094968 5.984734889352694e-05 894976
1783658095686 -0.0009471742414461914 897024
1783658096369 -0.0016296288595185615 899072
1783658097131 -0.000346802051353734 901120
1783658097925 -0.0012019002097076736 903168
1783658098620 -0.0002935638949566055 905216
1783658099399 -0.0022754076489945874 907264
1783658100177 -0.0050537025981611805 909312
1783658100966 -0.0013724017662752885 911360
1783658101778 -0.003402960097446339 913408
1783658102559 -0.0011102778880740516 915456
1783658103401 -0.0010574275656836107 917504
1783658104261 -0.0004029355804959778 919552
1783658105038 -0.0004810514292330481 921600
1783658105854 -0.0015739858645247295 923648
1783658106633 -0.0007318529242184013 925696
1783658107357 -0.0023572657082695514 927744
1783658108195 -0.0009110029568546452 929792
1783658109156 -0.0026305378632969223 931840
1783658109953 -0.0035958374610345345 933888
1783658110823 -0.0006594912501896033 935936
1783658111634 0.0006506522695417516 937984
1783658112552 0.0010442208040331025 940032
1783658113342 0.0006372450188791845 942080
1783658114189 -0.0016119387109938543 944128
1783658115005 -0.002775927903712727 946176
1783658115832 -0.0024083770367724355 948224
1783658116696 0.00021257180560496636 950272
1783658117640 1.743921711749863e-05 952320
1783658118432 -0.0005014139351260383 954368
1783658119152 0.0006552728700626176 956416
1783658120018 -0.0017331331764580682 958464
1783658120721 -0.00040869424992706627 960512
1783658121663 -0.0014859035836707335 962560
1783658122508 -0.0008060037544055376 964608
1783658123336 1.4669700249214657e-05 966656
1783658124121 0.0004044765009894036 968704
1783658124839 -0.001195665712657501 970752
1783658125702 0.0002662151982804062 972800
1783658126534 -0.0028884806706628297 974848
1783658127301 0.00020027469508931972 976896
1783658128179 5.078168396721594e-05 978944
1783658128970 0.00019233331840950996 980992
1783658129740 0.00016412748846050818 983040
1783658130596 -0.00045706730452366173 985088
1783658131366 -0.0008302073219965678 987136
1783658132182 -0.003335038356453879 989184
1783658133045 -0.0009933409455697984 991232
1783658133888 -0.0005733043071813881 993280
1783658134810 -0.004248977053066483 995328
1783658135650 -0.005424386359663913 997376
1783658136540 -0.003941497750929557 999424
1783658136890 -0.000454369621972243 1000000
