1783657758644 40.27825839817524 2048
1783657759361 33.71200950443745 4096
1783657760138 23.428228586912155 6144
1783657760942 29.269058406352997 8192
1783657761810 36.95199762284756 10240
1783657762601 47.39572562277317 12288
1783657763375 51.205614402890205 14336
1783657764185 52.95457237958908 16384
1783657765107 50.55767357349396 18432
1783657765904 49.542933598160744 20480
1783657766705 52.219414204359055 22528
1783657767543 42.195901319384575 24576
1783657768446 39.73318986594677 26624
1783657769253 33.07537753880024 28672
1783657769974 37.00803428888321 30720
1783657770752 26.54983229190111 32768
1783657771550 45.72645077109337 34816
1783657772280 43.37202548235655 36864
1783657773083 41.13196078687906 38912
1783657773887 42.38728539645672 40960
1783657774643 50.31255151331425 43008
1783657775403 31.626499943435192 45056
1783657776188 27.302882183343172 47104
1783657777062 27.086564645171165 49152
1783657777862 40.13314915448427 51200
1783657778775 39.7318977676332 53248
1783657779602 40.08708168938756 55296
1783657780366 41.01194208115339 57344
1783657781131 36.93603711202741 59392
1783657781908 53.06518928334117 61440
1783657783347 31.432389173656702 63488
1783657784136 39.271179750561714 65536
1783657784890 39.83648866415024 67584
1783657785693 16.995446663349867 69632
1783657786463 21.605135528370738 71680
1783657787153 51.95395277813077 73728
1783657787917 30.964532693848014 75776
1783657788734 49.793473709374666 77824
1783657789493 14.982544500380754 79872
1783657790290 35.398198302835226 81920
1783657791528 66.14090548828244 83968
1783657792242 57.7096411883831 86016
1783657793051 55.0202914532274 88064
1783657793859 50.94887647032738 90112
1783657794660 68.98282740265131 92160
1783657795460 69.06347359716892 94208
1783657796160 70.70993537083268 96256
1783657796935 32.82072924822569 98304
1783657797703 44.254114082083106 100352
1783657798525 57.656102266162634 102400
1783657799337 22.692480010911822 104448
1783657800229 51.015057161450386 106496
1783657800990 56.03027764894068 108544
1783657801662 28.9452395234257 110592
1783657802434 60.20313583128154 112640
1783657803241 59.84285041689873 114688
1783657803957 40.590174078941345 116736
1783657804727 58.4226256031543 118784
1783657805453 81.98731986805797 120832
1783657806220 69.41659473627806 122880
1783657807153 59.186048582196236 124928
1783657808040 62.2589277587831 126976
1783657808794 57.79774897545576 129024
1783657809579 68.33899098262191 131072
1783657810393 52.797228790819645 133120
1783657811199 53.42588587477803 135168
1783657811928 52.41572280228138 137216
1783657812642 58.07467730715871 139264
1783657813420 59.660416044294834 141312
1783657814186 50.693422723561525 143360
1783657814995 59.07325121387839 145408
1783657815748 58.85104113817215 147456
1783657816531 60.55455445498228 149504
1783657817386 12.543909917585552 151552
1783657818175 43.32297917827964 153600
1783657818971 35.97605991177261 155648
1783657819886 33.542691338807344 157696
1783657820700 50.44453187845647 159744
1783657821430 54.13498608767986 161792
1783657822182 46.83889482729137 163840
1783657822990 59.94874593615532 165888
1783657823765 57.98085366562009 167936
1783657824540 46.849268693476915 169984
1783657825419 20.39450459368527 172032
1783657826218 74.84090567752719 174080
1783657826938 50.07236685231328 176128
1783657827655 60.25793690420687 178176
1783657828456 55.620885107666254 180224
1783657829140 54.94308550655842 182272
1783657829895 87.49047341942787 184320
1783657830699 53.28201113268733 186368
1783657831365 58.162547402083874 188416
1783657832081 46.9791644141078 190464
1783657832842 52.738059025257826 192512
1783657833658 62.5212222058326 194560
1783657834445 57.853166215121746 196608
1783657835272 53.0341919362545 198656
1783657835974 61.258932173252106 200704
1783657836775 58.68293423205614 202752
1783657837615 59.523255836218596 204800
1783657838365 61.85969377309084 206848
1783657839078 61.85623198375106 208896
1783657839920 60.14137726277113 210944
1783657840621 70.61628455854952 212992
1783657841343 51.18559131026268 215040
1783657842142 56.14374105259776 217088
1783657842970 62.32190413586795 219136
1783657843815 60.963175835087895 221184
1783657844645 59.55882524326444 223232
1783657845349 59.58678708598018 225280
1783657846155 56.77820458449423 227328
1783657846969 61.2835531309247 229376
1783657847732 60.72779196500778 231424
1783657848547 72.35826516151428 233472
1783657849393 56.64784122630954 235520
1783657850213 57.10880775004625 237568
1783657851016 58.82786088064313 239616
1783657851894 58.154207391664386 241664
1783657852700 57.920951813459396 243712
1783657853397 69.66058000177145 245760
1783657854213 57.380806310102344 247808
1783657855073 58.242929665371776 249856
1783657855845 52.4481276422739 251904
1783657856641 57.9575430303812 253952
1783657857492 54.11211549863219 256000
1783657858220 57.67406962439418 258048
1783657859011 59.157905569300056 260096
1783657859831 59.66877288557589 262144
1783657860568 70.88149002753198 264192
1783657861324 57.7767550162971 266240
1783657862130 58.667527206242085 268288
1783657862858 57.873547261580825 270336
1783657863630 57.93764765560627 272384
1783657864489 56.820132840424776 274432
1783657865253 57.962839839980006 276480
1783657866064 57.49741908349097 278528
1783657866849 56.428066186606884 280576
1783657867621 55.990338027477264 282624
1783657868334 67.878861784935 284672
1783657869154 56.2917755395174 286720
1783657869831 57.947675408795476 288768
1783657870532 55.97759807109833 290816
1783657871250 55.96704556979239 292864
1783657872018 57.04140795022249 294912
1783657872814 57.84218175522983 296960
1783657873490 56.71175871044397 299008
1783657874224 56.108273692429066 301056
1783657874989 55.823476852849126 303104
1783657875725 59.22936817072332 305152
1783657876468 58.699095226824284 307200
1783657877273 56.679188404232264 309248
1783657878059 56.974957291036844 311296
1783657878927 60.656322065740824 313344
1783657879729 58.891106275841594 315392
1783657880422 61.67032014019787 317440
1783657881101 59.723582584410906 319488
1783657881914 71.74857235327363 321536
1783657882723 58.83466732315719 323584
1783657883573 57.50225995108485 325632
1783657884374 58.09166320413351 327680
1783657885084 58.39417593739927 329728
1783657885814 58.08646811917424 331776
1783657886637 70.85430013388395 333824
1783657887307 56.74029176309705 335872
1783657887992 57.51218796521425 337920
1783657888865 57.6779492367059 339968
1783657889584 57.59222769923508 342016
1783657890277 57.00977543927729 344064
1783657891033 58.12775402888656 346112
1783657891846 70.9322813861072 348160
1783657892647 57.37420951388776 350208
1783657893340 59.11634363234043 352256
1783657894102 58.22100526839495 354304
1783657894873 58.0733409114182 356352
1783657895604 72.01565400511026 358400
1783657896365 56.62508376687765 360448
1783657897192 57.7392445448786 362496
1783657897998 57.623120948672295 364544
1783657898812 57.696678537875414 366592
1783657899654 57.068490367382765 368640
1783657900452 54.91239872761071 370688
1783657901234 56.926103273406625 372736
1783657902042 54.480343379080296 374784
1783657902933 56.40697009116411 376832
1783657903780 70.4464994110167 378880
1783657904457 59.09195830486715 380928
1783657905231 56.84139620885253 382976
1783657906051 57.442630767822266 385024
1783657906761 72.27782445400953 387072
1783657907528 55.5601841378957 389120
1783657908322 55.21101825684309 391168
1783657908994 58.59159046411514 393216
1783657910192 57.044489715248346 395264
1783657911051 57.73732495121658 397312
1783657911899 71.3452464826405 399360
1783657912605 57.97385317645967 401408
1783657913328 58.08435424976051 403456
1783657914113 56.383050587028265 405504
1783657914830 58.09461269341409 407552
1783657915532 55.26682806760073 409600
1783657916328 59.61902370676398 411648
1783657917081 58.32068278081715 413696
1783657917977 56.98785213753581 415744
1783657918818 57.70174844376743 417792
1783657919602 68.79099030047655 419840
1783657920444 58.54642801359296 421888
1783657921247 53.97054747492075 423936
1783657922060 57.60717726498842 425984
1783657922775 57.250838885083795 428032
1783657923460 55.45312692411244 430080
1783657924185 57.89315835945308 432128
1783657924904 57.212526910007 434176
1783657925727 70.37597513571382 436224
1783657926434 57.659268625080585 438272
1783657927149 56.12164254114032 440320
1783657927964 55.220557540655136 442368
1783657928653 54.48949025012553 444416
1783657929449 56.55063243210316 446464
1783657930245 56.186232928186655 448512
1783657930912 55.36939663439989 450560
1783657931664 57.32580292224884 452608
1783657932431 57.62620734423399 454656
1783657933210 56.30856978148222 456704
1783657934027 68.25620941072702 458752
1783657934846 56.44982675649226 460800
1783657935543 55.88041824102402 462848
1783657936288 56.94211816042662 464896
1783657937099 58.20497612468898 466944
1783657937853 57.709312837570906 468992
1783657938540 67.77635420113802 471040
1783657939370 57.346488658338785 473088
1783657940149 57.44553339108825 475136
1783657940972 57.28301612846553 477184
1783657941738 57.122597951442 479232
1783657942470 55.89463474228978 481280
1783657943174 56.4941210411489 483328
1783657943975 56.27641120925546 485376
1783657944727 55.97223578765988 487424
1783657945604 55.07836567983031 489472
1783657946408 67.98145309090614 491520
1783657947097 56.068863570690155 493568
1783657947823 55.25164092704654 495616
1783657948618 57.11392633989453 497664
1783657949295 56.339022317901254 499712
1783657949992 56.418924955651164 501760
1783657950736 55.074570305645466 503808
1783657951437 57.22496076859534 505856
1783657952237 56.55729881860316 507904
1783657952953 55.78082153946161 509952
1783657953650 67.69340607896447 512000
1783657954391 53.19507760554552 514048
1783657955123 52.18631497398019 516096
1783657955891 53.869726564735174 518144
1783657956543 54.18455154821277 520192
1783657957258 54.154200782999396 522240
1783657957976 55.1647813282907 524288
1783657958690 52.830811973661184 526336
1783657959497 51.881314888596535 528384
1783657960177 48.33276093006134 530432
1783657960877 54.93141731619835 532480
1783657961657 70.00872414559126 534528
1783657962372 55.89479477144778 536576
1783657963174 53.905106741935015 538624
1783657963958 54.38431307300925 540672
1783657964636 56.81988472118974 542720
1783657965314 61.337175557389855 544768
1783657966034 57.50564078241587 546816
1783657966766 56.53460095077753 548864
1783657967532 56.8070897385478 550912
1783657968289 59.03354976139963 552960
1783657968994 73.43295888602734 555008
1783657969806 56.81800464168191 557056
1783657970584 59.046434639021754 559104
1783657971310 59.97162290289998 561152
1783657972098 57.57328684255481 563200
1783657972792 56.999514646828175 565248
1783657973544 55.29058134555817 567296
1783657974342 57.49932699650526 569344
1783657975053 58.450030114501715 571392
1783657975725 64.31178390979767 573440
1783657976491 57.31616308912635 575488
1783657977199 70.38597545027733 577536
1783657977990 60.57804646715522 579584
1783657978723 62.56097472459078 581632
1783657979420 60.589122392237186 583680
1783657980161 58.78331457450986 585728
1783657980976 57.43016215413809 587776
1783657981840 55.53332111239433 589824
1783657982609 59.20150927826762 591872
1783657983282 59.39638627320528 593920
1783657983986 59.286019338294864 595968
1783657984776 60.094458758831024 598016
1783657985560 58.8913749307394 600064
1783657986390 56.84591326676309 602112
1783657987127 57.68196691572666 604160
1783657987840 56.60978694446385 606208
1783657988558 57.17269868962467 608256
1783657989251 58.13172110542655 610304
1783657990046 58.01997250132263 612352
1783657990723 56.43836606666446 614400
1783657991482 57.145110584795475 616448
1783657992263 73.60494593903422 618496
1783657993100 59.194213170558214 620544
1783657993879 61.62369418889284 622592
1783657994575 59.647496197372675 624640
1783657995286 72.24094592779875 626688
1783657995966 57.363539511337876 628736
1783657996659 56.520674135535955 630784
1783657997467 56.84347548894584 632832
1783657998136 56.842171646654606 634880
1783657998894 56.51298978552222 636928
1783657999632 56.675218148157 638976
1783658000325 58.49019705876708 641024
1783658001090 60.12326108850539 643072
1783658001799 60.12283244356513 645120
1783658002486 57.92329494655132 647168
1783658003291 59.7057178337127 649216
1783658003948 56.03238657489419 651264
1783658004605 58.34842669963837 653312
1783658005418 59.262350929901004 655360
1783658006205 59.12760275229812 657408
1783658006900 58.5789474863559 659456
1783658007680 71.9133800342679 661504
1783658008469 57.60877361707389 663552
1783658009214 57.57789429463446 665600
1783658009978 57.484145008027554 667648
1783658010704 57.39036021567881 669696
1783658011426 57.75732849352062 671744
1783658012139 57.011707093566656 673792
1783658012892 57.52091448381543 675840
1783658013669 57.41044557839632 677888
1783658014338 60.070314917713404 679936
1783658015006 54.45793266221881 681984
1783658015777 58.07809083722532 684032
1783658016558 68.14309324324131 686080
1783658017424 57.15824677050114 688128
1783658018218 50.38703321106732 690176
1783658019030 52.372140385210514 692224
1783658019817 54.23157977499068 694272
1783658020606 65.32144943624735 696320
1783658021301 51.360726065933704 698368
1783658022111 53.12654069066048 700416
1783658022855 52.49109059199691 702464
1783658023576 54.687048045918345 704512
1783658024329 56.730975115671754 706560
1783658025001 60.5929896607995 708608
1783658025819 60.00738001987338 710656
1783658026544 60.07696561701596 712704
1783658027398 55.8367103561759 714752
1783658028195 68.29135811701417 716800
1783658028994 53.290057457983494 718848
1783658029766 60.21409703977406 720896
1783658030535 57.44864057190716 722944
1783658031278 60.75226422958076 724992
1783658032088 61.36280161514878 727040
1783658032884 63.55498060956597 729088
1783658033669 61.7493018489331 731136
1783658034349 62.75367540679872 733184
1783658035092 60.465272687375546 735232
1783658035897 61.31171434558928 737280
1783658036719 69.9405905008316 739328
1783658037471 60.01741596870124 741376
1783658038250 59.87341323308647 743424
1783658039055 58.7192437723279 745472
1783658039800 59.10657826066017 747520
1783658040512 59.718146316707134 749568
1783658041284 59.72341622970998 751616
1783658042027 57.12323112413287 753664
1783658042682 58.49750529974699 755712
1783658043473 57.58996099419892 757760
1783658044136 71.61779390275478 759808
1783658044863 57.58175175264478 761856
1783658045639 58.08620830997825 763904
1783658046458 57.76051388308406 765952
1783658047212 57.120827877894044 768000
1783658048026 56.953168803825974 770048
1783658048775 58.29232598654926 772096
1783658049683 58.085315972566605 774144
1783658050461 57.978584945201874 776192
1783658051298 55.284206695854664 778240
1783658052130 68.74779610335827 780288
1783658052929 57.851193675771356 782336
1783658053772 57.52886199019849 784384
1783658054542 56.26134691759944 786432
1783658055292 57.67385837063193 788480
1783658056009 55.1250009611249 790528
1783658056821 57.64575852639973 792576
1783658057624 56.68416017666459 794624
1783658058326 56.34595414623618 796672
1783658059005 55.268293872475624 798720
1783658059739 56.22175275348127 800768
1783658060675 64.49870306625962 802816
1783658061439 58.86365522257984 804864
1783658062246 58.75316280685365 806912
1783658063002 59.35357736982405 808960
1783658063753 58.524829817935824 811008
1783658064510 58.45339331589639 813056
1783658065278 57.6829876601696 815104
1783658066045 59.75505456328392 817152
1783658066821 58.87714919447899 819200
1783658067559 58.644401516765356 821248
1783658068304 71.76511200331151 823296
1783658069072 56.902186619117856 825344
1783658069833 56.87374987266958 827392
1783658070712 56.5577617585659 829440
1783658071469 59.95270713418722 831488
1783658072149 56.91134168021381 833536
1783658072830 57.389415849000216 835584
1783658073608 56.05803706869483 837632
1783658074297 55.53719920665026 839680
1783658075088 56.11884852126241 841728
1783658075882 56.86159620992839 843776
1783658076711 56.62320867739618 845824
1783658077461 56.0889558698982 847872
1783658078136 56.749852888286114 849920
1783658078883 71.41746428236365 851968
1783658079660 57.323857417330146 854016
1783658080434 58.01679185219109 856064
1783658081192 59.714452262967825 858112
1783658082024 60.98470364511013 860160
1783658082804 57.74232770316303 862208
1783658083583 60.681944478303194 864256
1783658084244 59.00058952346444 866304
1783658085100 59.020453033968806 868352
1783658085881 57.83978485688567 870400
1783658086555 73.66578594222665 872448
1783658087302 57.78862066566944 874496
1783658088151 58.39891480654478 876544
1783658088961 58.42645122669637 878592
1783658089765 59.57036582194269 880640
1783658090531 60.07060030847788 882688
1783658091252 60.11735451221466 884736
1783658092072 58.78154358267784 886784
1783658092810 57.84469248726964 888832
1783658093589 57.90130594372749 890880
1783658094283 57.63130046799779 892928
1783658094968 70.89542205631733 894976
1783658095686 56.92343998514116 897024
1783658096369 56.33859299495816 899072
1783658097131 57.08294445089996 901120
1783658097925 58.551794013008475 903168
1783658098620 57.25668672658503 905216
1783658099399 57.786902364343405 907264
1783658100177 57.39868659898639 909312
1783658100966 58.91555605828762 911360
1783658101778 68.83733365684748 913408
1783658102559 55.21257537230849 915456
1783658103401 71.82111152261496 917504
1783658104261 57.610819194465876 919552
1783658105038 57.80226235836744 921600
1783658105854 57.963347777724266 923648
1783658106633 57.77728495001793 925696
1783658107357 59.464970422908664 927744
1783658108195 59.14515247195959 929792
1783658109156 72.46398252993822 931840
1783658109953 57.30799650028348 933888
1783658110823 55.98897450789809 935936
1783658111634 57.84391211718321 937984
1783658112552 56.8387859351933 940032
1783658113342 56.73472175002098 942080
1783658114189 57.81253998912871 944128
1783658115005 57.180791767314076 946176
1783658115832 58.196233961731195 948224
1783658116696 58.70786297507584 950272
1783658117640 57.29733393341303 952320
1783658118432 67.3431628011167 954368
1783658119152 58.769296031445265 956416
1783658120018 58.50284255668521 958464
1783658120721 58.45147543773055 960512
1783658121663 58.55843296088278 962560
1783658122508 59.049092112109065 964608
1783658123336 58.203059405088425 966656
1783658124121 58.653882667422295 968704
1783658124839 57.87002963759005 970752
1783658125702 70.63435331359506 972800
1783658126534 56.888183284550905 974848
1783658127301 57.83407087624073 976896
1783658128179 57.81778987497091 978944
1783658128970 56.83408020436764 980992
1783658129740 56.398666597902775 983040
1783658130596 57.88545276597142 985088
1783658131366 79.20715156197548 987136
1783658132182 52.37981870025396 989184
1783658133045 57.095647072419524 991232
1783658133888 57.91597558185458 993280
1783658134810 84.89475170522928 995328
1783658135650 57.92695765569806 997376
1783658136540 59.29046420566738 999424
1783658136890 53.7124007013109 1000000
