1783657758644 80.59651398658752 2048
1783657759361 67.4533264040947 4096
1783657760138 46.88443826138973 6144
1783657760942 58.574238777160645 8192
1783657761810 73.9399778842926 10240
1783657762601 94.82243111729622 12288
1783657763375 102.43731027841568 14336
1783657764185 105.93190678954124 16384
1783657765107 101.13623708486557 18432
1783657765904 99.10310742259026 20480
1783657766705 104.47126722335815 22528
1783657767543 84.40958097577095 24576
1783657768446 79.48446515202522 26624
1783657769253 66.16670125722885 28672
1783657769974 74.0346028804779 30720
1783657770752 53.1116164624691 32768
1783657771550 91.46498572826385 34816
1783657772280 86.75900158286095 36864
1783657773083 82.27437999844551 38912
1783657773887 84.78566960990429 40960
1783657774643 100.64012560248375 43008
1783657775403 63.27032192051411 45056
1783657776188 54.6191281825304 47104
1783657777062 54.183809496462345 49152
1783657777862 80.28151026368141 51200
1783657778775 79.48128647357225 53248
1783657779602 80.19111312180758 55296
1783657780366 82.03238289803267 57344
1783657781131 73.89071775227785 59392
1783657781908 106.14635486155748 61440
1783657783347 62.87859255820513 63488
1783657784136 78.55414497852325 65536
1783657784890 79.68730159848928 67584
1783657785693 34.00899510085583 69632
1783657786463 43.223641995340586 71680
1783657787153 103.9215938821435 73728
1783657787917 61.94447308033705 75776
1783657788734 99.6027410775423 77824
1783657789493 29.98039346933365 79872
1783657790290 70.81655105948448 81920
1783657791528 132.29972241073847 83968
1783657792242 115.4328970015049 86016
1783657793051 110.05092288181186 88064
1783657793859 101.91181560978293 90112
1783657794660 137.98796451836824 92160
1783657795460 138.1420481801033 94208
1783657796160 141.4352935180068 96256
1783657796935 65.65399723500013 98304
1783657797703 88.5206929706037 100352
1783657798525 115.3233225569129 102400
1783657799337 45.40960614383221 104448
1783657800229 102.04869291931391 106496
1783657800990 112.07427897304296 108544
1783657801662 57.90503265336156 110592
1783657802434 120.42116680368781 112640
1783657803241 119.70521925389767 114688
1783657803957 81.20105280727148 116736
1783657804727 116.85939414426684 118784
1783657805453 163.99508348852396 120832
1783657806220 138.85103657096624 122880
1783657807153 118.38869332522154 124928
1783657808040 124.53225550055504 126976
1783657808794 115.6066989377141 129024
1783657809579 136.69121345877647 131072
1783657810393 105.60758120566607 133120
1783657811199 106.86454882472754 135168
1783657811928 104.8485199585557 137216
1783657812642 116.16386223956943 139264
1783657813420 119.33181685209274 141312
1783657814186 101.40061849355698 143360
1783657814995 118.1588081791997 145408
1783657815748 117.71749575436115 147456
1783657816531 121.12175984680653 149504
1783657817386 25.110556153580546 151552
1783657818175 86.65719421207905 153600
1783657818971 71.96307364851236 155648
1783657819886 67.09668386355042 157696
1783657820700 100.9001086615026 159744
1783657821430 108.28179761767387 161792
1783657822182 93.69616113603115 163840
1783657822990 119.90920831263065 165888
1783657823765 115.97372157126665 167936
1783657824540 93.71165879070759 169984
1783657825419 40.811189997941256 172032
1783657826218 149.69828693568707 174080
1783657826938 100.15575533732772 176128
1783657827655 120.52692876011133 178176
1783657828456 111.25706363469362 180224
1783657829140 109.90246307849884 182272
1783657829895 174.9993113875389 184320
1783657830699 106.57518006116152 186368
1783657831365 116.3359247893095 188416
1783657832081 93.97147925198078 190464
1783657832842 105.49243754148483 192512
1783657833658 125.05786600708961 194560
1783657834445 115.71834482997656 196608
1783657835272 106.08256924152374 198656
1783657835974 122.53024997189641 200704
1783657836775 117.37685416638851 202752
1783657837615 119.0655127838254 204800
1783657838365 123.73043889552355 206848
1783657839078 123.72475367411971 208896
1783657839920 120.29548546671867 210944
1783657840621 141.24494096264243 212992
1783657841343 102.38088891655207 215040
1783657842142 112.30112784355879 217088
1783657842970 124.65474317222834 219136
1783657843815 121.94076547026634 221184
1783657844645 119.1288878172636 223232
1783657845349 119.18629758059978 225280
1783657846155 113.5703169927001 227328
1783657846969 122.57896535098553 229376
1783657847732 121.46691203862429 231424
1783657848547 144.73320338129997 233472
1783657849393 113.30606916546822 235520
1783657850213 114.23137610405684 237568
1783657851016 117.66652044653893 239616
1783657851894 116.32031214237213 241664
1783657852700 115.85268360376358 243712
1783657853397 139.33319031447172 245760
1783657854213 114.7713698334992 247808
1783657855073 116.49881223589182 249856
1783657855845 104.90522645413876 251904
1783657856641 115.92529609799385 253952
1783657857492 108.25164012983441 256000
1783657858220 115.36554294452071 258048
1783657859011 118.32872887700796 260096
1783657859831 119.3468463793397 262144
1783657860568 141.77688022330403 264192
1783657861324 115.56541053578258 266240
1783657862130 117.34787194430828 268288
1783657862858 115.75660018250346 270336
1783657863630 115.88976639136672 272384
1783657864489 113.65384254232049 274432
1783657865253 115.93729718774557 276480
1783657866064 115.00780084729195 278528
1783657866849 112.8707332611084 280576
1783657867621 111.99212507158518 282624
1783657868334 135.76876850426197 284672
1783657869154 112.59281141683459 286720
1783657869831 115.90953919291496 288768
1783657870532 111.96998047828674 290816
1783657871250 111.94336080923676 292864
1783657872018 114.09659769386053 294912
1783657872814 115.69608016312122 296960
1783657873490 113.43907554447651 299008
1783657874224 112.22923822328448 301056
1783657874989 111.66424060612917 303104
1783657875725 118.4717046841979 305152
1783657876468 117.41127762570977 307200
1783657877273 113.37342722713947 309248
1783657878059 113.97572395205498 311296
1783657878927 121.32828090339899 313344
1783657879729 117.79659425839782 315392
1783657880422 123.35184804350138 317440
1783657881101 119.45868064835668 319488
1783657881914 143.50820970535278 321536
1783657882723 117.67952473089099 323584
1783657883573 115.01796621084213 325632
1783657884374 116.19422536343336 327680
1783657885084 116.80194760486484 329728
1783657885814 116.18512313440442 331776
1783657886637 141.72102938592434 333824
1783657887307 113.4951468333602 335872
1783657887992 115.03590742498636 337920
1783657888865 115.36636539921165 339968
1783657889584 115.19571366906166 342016
1783657890277 114.0361412242055 344064
1783657891033 116.26976628601551 346112
1783657891846 141.87899394333363 348160
1783657892647 114.76886394619942 350208
1783657893340 118.24397461488843 352256
1783657894102 116.45570845156908 354304
1783657894873 116.16165369749069 356352
1783657895604 144.04326848685741 358400
1783657896365 113.27058485150337 360448
1783657897192 115.49340612441301 362496
1783657897998 115.25787230581045 364544
1783657898812 115.4030279815197 366592
1783657899654 114.14775054529309 368640
1783657900452 109.83589692041278 370688
1783657901234 113.86525689810514 372736
1783657902042 108.97419662773609 374784
1783657902933 112.82674396783113 376832
1783657903780 140.90775053948164 378880
1783657904457 118.19686763361096 380928
1783657905231 113.70378076285124 382976
1783657906051 114.89771397411823 385024
1783657906761 144.5699219107628 387072
1783657907528 111.13630034029484 389120
1783657908322 110.43863315880299 391168
1783657908994 117.19791490584612 393216
1783657910192 114.10149414092302 395264
1783657911051 115.4875983223319 397312
1783657911899 142.70302641391754 399360
1783657912605 115.96029372140765 401408
1783657913328 116.18028749153018 403456
1783657914113 112.77928660437465 405504
1783657914830 116.2003179229796 407552
1783657915532 110.54430285841227 409600
1783657916328 119.24803073331714 411648
1783657917081 116.6523117236793 413696
1783657917977 113.9870845451951 415744
1783657918818 115.41458014398813 417792
1783657919602 137.59640821814537 419840
1783657920444 117.10240019857883 421888
1783657921247 107.95347023755312 423936
1783657922060 115.22760654240847 425984
1783657922775 114.5114956535399 428032
1783657923460 110.91939525678754 430080
1783657924185 115.79865350946784 432128
1783657924904 114.43810381367803 434176
1783657925727 140.76287584751844 436224
1783657926434 115.3293470069766 438272
1783657927149 112.25719607621431 440320
1783657927964 110.45740357786417 442368
1783657928653 108.99054769054055 444416
1783657929449 113.11019061505795 446464
1783657930245 112.38428486138582 448512
1783657930912 110.75182547420263 450560
1783657931664 114.6637281998992 452608
1783657932431 115.26339147984982 454656
1783657933210 112.62659941613674 456704
1783657934027 136.5246533676982 458752
1783657934846 112.91226311773062 460800
1783657935543 111.77646146342158 462848
1783657936288 113.8949054479599 464896
1783657937099 116.42529528215528 466944
1783657937853 115.42931842058897 468992
1783657938540 135.56691139936447 471040
1783657939370 114.70399616658688 473088
1783657940149 114.89922253787518 475136
1783657940972 114.5771827287972 477184
1783657941738 114.25480791926384 479232
1783657942470 111.80294831097126 481280
1783657943174 112.99888049438596 483328
1783657943975 112.56500792503357 485376
1783657944727 111.95862668007612 487424
1783657945604 110.16829152405262 489472
1783657946408 135.97464054822922 491520
1783657947097 112.14891206473112 493568
1783657947823 110.52075660973787 495616
1783657948618 114.24037851765752 497664
1783657949295 112.68995201215148 499712
1783657949992 112.85181627050042 501760
1783657950736 110.1580550223589 503808
1783657951437 114.46221551671624 505856
1783657952237 113.12731360644102 507904
1783657952953 111.5720947124064 509952
1783657953650 135.39638155698776 512000
1783657954391 106.40142603218555 514048
1783657955123 104.38311669230461 516096
1783657955891 107.75283273309469 518144
1783657956543 108.38124077767134 520192
1783657957258 108.31882273033261 522240
1783657957976 110.3409828543663 524288
1783657958690 105.67557047307491 526336
1783657959497 103.77135419845581 528384
1783657960177 96.6782542988658 530432
1783657960877 109.87652325630188 532480
1783657961657 140.02938032895327 534528
1783657962372 111.80306142568588 536576
1783657963174 107.8203601911664 538624
1783657963958 108.78014282137156 540672
1783657964636 113.65061765164137 542720
1783657965314 122.68430768325925 544768
1783657966034 115.02309913188219 546816
1783657966766 113.08261530846357 548864
1783657967532 113.62850747257471 550912
1783657968289 118.08449326828122 552960
1783657968994 146.8758282326162 555008
1783657969806 113.65007791668177 557056
1783657970584 118.1060338318348 559104
1783657971310 119.95845369622111 561152
1783657972098 115.15750344470143 563200
1783657972792 114.01250941306353 565248
1783657973544 110.6000464335084 567296
1783657974342 115.00705785304308 569344
1783657975053 116.91265544295311 571392
1783657975725 128.63513622432947 573440
1783657976491 114.64528343826532 575488
1783657977199 140.78749811649323 577536
1783657977990 121.16892832517624 579584
1783657978723 125.13390607386827 581632
1783657979420 121.19020751863718 583680
1783657980161 117.57834753394127 585728
1783657980976 114.87370648235083 587776
1783657981840 111.08193890750408 589824
1783657982609 118.4155134037137 591872
1783657983282 118.80446996167302 593920
1783657983986 118.58701726049185 595968
1783657984776 120.20312725752592 598016
1783657985560 117.79529174789786 600064
1783657986390 113.70249920710921 602112
1783657987127 115.37431814149022 604160
1783657987840 113.23073758929968 606208
1783657988558 114.35771769285202 608256
1783657989251 116.274131141603 610304
1783657990046 116.05036897957325 612352
1783657990723 112.89060704037547 614400
1783657991482 114.31072477251291 616448
1783657992263 147.22110746055841 618496
1783657993100 118.39990655332804 620544
1783657993879 123.2579387947917 622592
1783657994575 119.30684605240822 624640
1783657995286 144.49442851543427 626688
1783657995966 114.74234604090452 628736
1783657996659 113.05211266875267 630784
1783657997467 113.69950975105166 632832
1783657998136 113.70025459676981 634880
1783657998894 113.03781292587519 636928
1783657999632 113.36479004099965 638976
1783658000325 116.99819587171078 641024
1783658001090 120.26136620342731 643072
1783658001799 120.25966686010361 645120
1783658002486 115.86077211424708 647168
1783658003291 119.42292806878686 649216
1783658003948 112.07557535171509 651264
1783658004605 116.71232375130057 653312
1783658005418 118.53551691025496 655360
1783658006205 118.26714830100536 657408
1783658006900 117.17099108919501 659456
1783658007680 143.83776024729013 661504
1783658008469 115.23155172541738 663552
1783658009214 115.16800275444984 665600
1783658009978 114.98116954788566 667648
1783658010704 114.78939720988274 669696
1783658011426 115.52962745726109 671744
1783658012139 114.03652173653245 673792
1783658012892 115.05318128690124 675840
1783658013669 114.83385809510946 677888
1783658014338 120.15742863342166 679936
1783658015006 108.92721778154373 681984
1783658015777 116.1683294288814 684032
1783658016558 136.29855308681726 686080
1783658017424 114.33071479201317 688128
1783658018218 100.78500280156732 690176
1783658019030 104.75523252785206 692224
1783658019817 108.47243102267385 694272
1783658020606 130.65646781772375 696320
1783658021301 102.73263245820999 698368
1783658022111 106.26792088896036 700416
1783658022855 104.99211873859167 702464
1783658023576 109.38611808791757 704512
1783658024329 113.4744376949966 706560
1783658025001 121.19714717566967 708608
1783658025819 120.02935323119164 710656
1783658026544 120.16749868169427 712704
1783658027398 111.6860441789031 714752
1783658028195 136.6007725968957 716800
1783658028994 106.5923680216074 718848
1783658029766 120.44176056608558 720896
1783658030535 114.91367873176932 722944
1783658031278 121.51903297752142 724992
1783658032088 122.74199464917183 727040
1783658032884 127.12287548556924 729088
1783658033669 123.51774300262332 731136
1783658034349 125.52050477266312 733184
1783658035092 120.94720147177577 735232
1783658035897 122.6345596536994 737280
1783658036719 139.89137748628855 739328
1783658037471 120.04613504186273 741376
1783658038250 119.75808698311448 743424
1783658039055 117.45536314696074 745472
1783658039800 118.22722988575697 747520
1783658040512 119.45096284896135 749568
1783658041284 119.45794447511435 751616
1783658042027 114.26035903394222 753664
1783658042682 117.00655838474631 755712
1783658043473 115.19294260814786 757760
1783658044136 143.2482716292143 759808
1783658044863 115.17601341381669 761856
1783658045639 116.18974420428276 763904
1783658046458 115.53052891045809 765952
1783658047212 114.25693049281836 768000
1783658048026 113.91620755940676 770048
1783658048775 116.59675806388259 772096
1783658049683 116.18004660308361 774144
1783658050461 115.96989652886987 776192
1783658051298 110.57979300618172 778240
1783658052130 137.5067587196827 780288
1783658052929 115.71407318115234 782336
1783658053772 115.06971664726734 784384
1783658054542 112.5326424986124 786432
1783658055292 115.36401928961277 788480
1783658056009 110.26090737059712 790528
1783658056821 115.30662054568529 792576
1783658057624 113.3792395927012 794624
1783658058326 112.70119994878769 796672
1783658059005 110.54430780187249 798720
1783658059739 112.45876934379339 800768
1783658060675 129.01658408343792 802816
1783658061439 117.74039441347122 804864
1783658062246 117.5176379531622 806912
1783658063002 118.72135236859322 808960
1783658063753 117.06192220002413 811008
1783658064510 116.91800777986646 813056
1783658065278 115.37624618411064 815104
1783658066045 119.52114890888333 817152
1783658066821 117.76879832148552 819200
1783658067559 117.29943560063839 821248
1783658068304 143.5463404506445 823296
1783658069072 113.81893235817552 825344
1783658069833 113.76399579644203 827392
1783658070712 113.1256700605154 829440
1783658071469 119.9157442972064 831488
1783658072149 113.83685624971986 833536
1783658072830 114.79155030846596 835584
1783658073608 112.13354245573282 837632
1783658074297 111.08739632368088 839680
1783658075088 112.25176855549216 841728
1783658075882 113.73985043168068 843776
1783658076711 113.25888623297215 845824
1783658077461 112.19365127012134 847872
1783658078136 113.51216134801507 849920
1783658078883 142.84806682914495 851968
1783658079660 114.65796010196209 854016
1783658080434 116.04949316382408 856064
1783658081192 119.44394759088755 858112
1783658082024 121.9829997047782 860160
1783658082804 115.49779515713453 862208
1783658083583 121.3763004951179 864256
1783658084244 118.01597612351179 866304
1783658085100 118.0536534152925 868352
1783658085881 115.6941828802228 870400
1783658086555 147.3413430377841 872448
1783658087302 115.58789446949959 874496
1783658088151 116.81278888881207 876544
1783658088961 116.86759828031063 878592
1783658089765 119.15571700781584 880640
1783658090531 120.15055517852306 882688
1783658091252 120.24487749487162 884736
1783658092072 117.57401964440942 886784
1783658092810 115.6999860778451 888832
1783658093589 115.81388463452458 890880
1783658094283 115.2744655571878 892928
1783658094968 141.8020309433341 894976
1783658095686 113.86025377362967 897024
1783658096369 112.69139420613647 899072
1783658097131 114.1777939721942 901120
1783658097925 117.11754493042827 903168
1783658098620 114.52530136704445 905216
1783658099399 115.5892365090549 907264
1783658100177 114.8187910541892 909312
1783658100966 117.84535074234009 911360
1783658101778 137.69257563352585 913408
1783658102559 110.43882069736719 915456
1783658103401 143.6553854495287 917504
1783658104261 115.23372226953506 919552
1783658105038 115.61702774465084 921600
1783658105854 115.94109086692333 923648
1783658106633 115.56733270734549 925696
1783658107357 118.94604578614235 927744
1783658108195 118.3033809736371 929792
1783658109156 144.94451861083508 931840
1783658109953 114.6341260150075 933888
1783658110823 111.99000279605389 935936
1783658111634 115.69747350364923 937984
1783658112552 113.68653232604265 940032
1783658113342 113.47935662791133 942080
1783658114189 115.63916215673089 944128
1783658115005 114.37771377712488 946176
1783658115832 116.40788432583213 948224
1783658116696 117.42597341910005 950272
1783658117640 114.6052378974855 952320
1783658118432 134.69787976145744 954368
1783658119152 117.5478823967278 956416
1783658120018 117.02005161345005 958464
1783658120721 116.91472623497248 960512
1783658121663 117.1305545270443 962560
1783658122508 118.11091480404139 964608
1783658123336 116.41741804778576 966656
1783658124121 117.31826266646385 968704
1783658124839 115.75392488390207 970752
1783658125702 141.27933052182198 972800
1783658126534 113.79336884990335 974848
1783658127301 115.679244838655 976896
1783658128179 115.64641541615129 978944
1783658128970 113.6792606189847 980992
1783658129740 112.80851755291224 983040
1783658130596 115.78327161818743 985088
1783658131366 158.42708817124367 987136
1783658132182 104.77765423804522 989184
1783658133045 114.20470609515905 991232
1783658133888 115.84410152584314 993280
1783658134810 169.8088085204363 995328
1783658135650 115.87591165304184 997376
1783658136540 118.59947299584746 999424
1783658136890 107.43643032179938 1000000
