1783694682082 1.3850593008100986 2048
1783694683310 1.3826147094368935 4096
1783694684477 1.3715457152575254 6144
1783694685587 1.3732059421017766 8192
1783694686714 1.361075178720057 10240
1783694687824 1.3505438333377242 12288
1783694689129 1.3377412157133222 14336
1783694690446 1.3349648527801037 16384
1783694691653 1.317860939539969 18432
1783694692739 1.2912117885425687 20480
1783694693889 1.2921059122309089 22528
1783694694983 1.2695177160203457 24576
1783694696098 1.2648155018687248 26624
1783694697227 1.2683624001219869 28672
1783694698360 1.2624942576512694 30720
1783694699593 1.2720277542248368 32768
1783694700789 1.1831440646201372 34816
1783694702006 1.1724839890375733 36864
1783694703167 1.2105610510334373 38912
1783694704371 1.1733476324006915 40960
1783694705598 1.2499006232246757 43008
1783694706750 1.1669507855549455 45056
1783694708042 1.1889688894152641 47104
1783694709316 1.2262222561985254 49152
1783694710514 1.167601827532053 51200
1783694711751 1.1186471981927752 53248
1783694712951 1.098257469944656 55296
1783694714071 1.154441861435771 57344
1783694715340 1.0752428779378533 59392
1783694716500 1.12350953835994 61440
1783694717716 1.0491867838427424 63488
1783694718829 1.071172021329403 65536
1783694720066 1.0777497868984938 67584
1783694721270 0.9863288728520274 69632
1783694722450 1.1367383236065507 71680
1783694723674 1.181036981754005 73728
1783694724756 1.064340541139245 75776
1783694726123 1.0712142866104841 77824
1783694727560 1.091059872880578 79872
1783694728702 1.0932742739096284 81920
1783694730043 1.0934828156605363 83968
1783694731314 1.0913684405386448 86016
1783694733214 1.0506897326558828 88064
1783694740584 1.0399307305924594 90112
1783694742649 1.0523035498335958 92160
1783694743637 0.872483710758388 94208
1783694744649 0.9902657992206514 96256
1783694745779 0.957764754537493 98304
1783694746988 0.9432137059047818 100352
1783694748211 0.9443701081909239 102400
1783694749421 1.0654605594463646 104448
1783694750642 0.9697897555306554 106496
1783694751771 1.0102592296898365 108544
1783694752958 0.9746478325687349 110592
1783694754213 1.0831292839720845 112640
1783694755394 1.0324510405771434 114688
1783694756600 0.930921240709722 116736
1783694757831 1.003926804754883 118784
1783694759040 0.8258119518868625 120832
1783694760329 0.8752684462815523 122880
1783694761605 0.8610162297263741 124928
1783694762926 0.8944171303883195 126976
1783694764084 0.9185567181557417 129024
1783694765333 0.8359219571575522 131072
1783694766658 0.8747707917355001 133120
1783694768043 0.8596398863010108 135168
1783694769343 0.9252527789212763 137216
1783694770567 0.91645886329934 139264
1783694771827 0.8515230254270136 141312
1783694773034 0.962180694565177 143360
1783694774128 0.8426880105398595 145408
1783694775344 0.8877025162801147 147456
1783694776666 0.6737985406070948 149504
1783694777955 0.9219166319817305 151552
1783694779216 0.8779403436928988 153600
1783694780493 0.8563468055799603 155648
1783694781627 0.9463809905573726 157696
1783694782878 0.7726391199976206 159744
1783694785364 0.8813571464270353 161792
1783694790606 0.7943433704786003 163840
1783694797047 0.8855850961990654 165888
1783694805229 0.8088861950673163 167936
1783694812861 0.9724556864239275 169984
1783694821126 0.8413244099356234 172032
1783694829402 0.7571204067207873 174080
1783694837872 0.838819473516196 176128
1783694846374 0.8728120848536491 178176
1783694854556 0.8466115230694413 180224
1783694863084 0.8380547971464694 182272
1783694871385 0.8368030907586217 184320
1783694879969 0.8435648758895695 186368
1783694888238 0.7719693467952311 188416
1783694896866 0.8725846139714122 190464
1783694905262 0.838073265273124 192512
1783694913826 0.8893634807318449 194560
1783694922062 0.7980136447586119 196608
1783694930632 0.8325816676951945 198656
1783694938974 0.7810956006869674 200704
1783694947471 0.8663890650495887 202752
1783694955901 0.9010541727766395 204800
1783694963971 0.8848888287320733 206848
1783694972605 0.7848843154497445 208896
1783694980557 0.8224222376011312 210944
1783694989249 0.8931479584425688 212992
1783694997389 0.8049014937132597 215040
1783695005864 0.9052437809295952 217088
1783695013919 0.7973707932978868 219136
1783695022376 0.8574700020253658 221184
1783695030540 0.7800694759935141 223232
1783695038502 0.8554811868816614 225280
1783695046981 0.8326957253739238 227328
1783695053360 0.7171883690170944 229376
1783695054987 0.8484585108235478 231424
1783695062999 0.828544600866735 233472
1783695070659 0.8231445122510195 235520
1783695078677 0.8438640763051808 237568
1783695086484 0.7926358403638005 239616
1783695094511 0.752634041942656 241664
1783695102294 0.8636348824948072 243712
1783695110014 0.5822468409314752 245760
1783695117974 0.7630998925305903 247808
1783695125419 0.7907095476984978 249856
1783695133383 0.8235867139883339 251904
1783695141454 0.7234744541347027 253952
1783695149388 0.8555049663409591 256000
1783695157433 0.7154178791679442 258048
1783695165046 0.805141840595752 260096
1783695173070 0.6460765688680112 262144
1783695180908 0.8414573511108756 264192
1783695189113 0.8444014950655401 266240
1783695197033 0.8423042856156826 268288
1783695205430 0.833531423471868 270336
1783695213395 0.8553485106676817 272384
1783695221377 0.8214032403193414 274432
1783695229569 0.8039286895655096 276480
1783695237487 0.6813579816371202 278528
1783695245665 0.8083457490429282 280576
1783695253608 0.73368707485497 282624
1783695261810 0.8447309224866331 284672
1783695269558 0.7307657492347062 286720
1783695277656 0.8001813301816583 288768
1783695285901 0.7314699008129537 290816
1783695293969 0.7301151379942894 292864
1783695302164 0.7528235628269613 294912
1783695310529 0.8029867615550756 296960
1783695319044 0.8357913964428008 299008
1783695327196 0.8403586577624083 301056
1783695335438 0.6832729517482221 303104
1783695343683 0.7605354874394834 305152
1783695351771 0.789538795594126 307200
1783695359971 0.7018710533156991 309248
1783695368448 0.7728625582531095 311296
1783695376812 0.8787788785994053 313344
1783695385160 0.8192401872947812 315392
1783695393743 0.7682913481257856 317440
1783695401786 0.7915487000718713 319488
1783695410386 0.7930513177998364 321536
1783695418731 0.8687554881908 323584
1783695426713 0.8293359405361116 325632
1783695434917 0.7581305732019246 327680
1783695443624 0.7022236660122871 329728
1783695451866 0.8559189680963755 331776
1783695459935 0.8683833475224674 333824
1783695468266 0.8135391948744655 335872
1783695476313 0.8649981468915939 337920
1783695484719 0.706721318885684 339968
1783695492822 0.8205568832345307 342016
1783695501334 0.721015996299684 344064
1783695509354 0.8581557362340391 346112
1783695517968 0.7009627232328057 348160
1783695526326 0.8044094759970903 350208
1783695534769 0.749448352959007 352256
1783695543103 0.7984105702489614 354304
1783695550767 0.865634395275265 356352
1783695558579 0.8442724673077464 358400
1783695566142 0.85983961308375 360448
1783695574080 0.7708448995836079 362496
1783695581797 0.8377025462687016 364544
1783695589793 0.6668538311496377 366592
1783695597798 0.834277143701911 368640
1783695605334 0.8113621775992215 370688
1783695613413 0.8698549927212298 372736
1783695621242 0.8375060162506998 374784
1783695629226 0.7124758786521852 376832
1783695637091 0.8193568419665098 378880
1783695645104 0.7482626135461032 380928
1783695653112 0.951856276486069 382976
1783695660772 0.8831009548157454 385024
1783695669010 0.8672757796011865 387072
1783695676882 0.7912658359855413 389120
1783695685122 0.7905062772333622 391168
1783695693091 0.7922500092536211 393216
1783695701159 0.7575239767320454 395264
1783695709414 0.8559669102542102 397312
1783695717303 0.9186748336069286 399360
1783695725596 0.7451849533244967 401408
1783695733334 0.7784504918381572 403456
1783695741625 0.8245170302689075 405504
1783695749663 0.8686331678181887 407552
1783695757772 0.8643103605136275 409600
1783695765911 0.8721313835121691 411648
1783695773888 0.956471050158143 413696
1783695782024 0.9083339660428464 415744
1783695790185 0.6789747239090502 417792
1783695798496 0.7976615149527788 419840
1783695806704 0.7746417908929288 421888
1783695815356 0.8094378877431154 423936
1783695823564 0.9063207544386387 425984
1783695831902 0.8556858180090785 428032
1783695840543 0.8019482190720737 430080
1783695848649 0.8175118900835514 432128
1783695857191 0.8452946986071765 434176
1783695865310 0.8127750372514129 436224
1783695873741 0.8038929188624024 438272
1783695882121 0.7642300548031926 440320
1783695890576 0.8144948044791818 442368
1783695899049 0.8017174261622131 444416
1783695907228 0.8727579209953547 446464
1783695915751 0.7470176708884537 448512
1783695923726 0.8048994238488376 450560
1783695932094 0.7466092342510819 452608
1783695940203 0.8659749664366245 454656
1783695948580 0.7025021966546774 456704
1783695956995 0.8248600377701223 458752
1783695965608 0.72692701080814 460800
1783695973670 0.8093821792863309 462848
1783695982013 0.7873398722149432 464896
1783695990201 0.8553037978708744 466944
1783695997841 0.8162345876917243 468992
1783695998852 0.7009986727498472 471040
1783695999866 0.848920464515686 473088
1783696000848 0.7898690765723586 475136
1783696001867 0.6960380198433995 477184
1783696002903 0.7586870566010475 479232
1783696003988 0.7835147371515632 481280
1783696005318 0.8254525945521891 483328
1783696012060 0.7236632937565446 485376
1783696017209 0.7610101257450879 487424
1783696025220 0.8287878734990954 489472
1783696032829 0.8701756922528148 491520
