1783694682082 1588.0 2048
1783694683310 1627.0 4096
1783694684477 1667.0 6144
1783694685587 1709.0 8192
1783694686714 1729.0 10240
1783694687824 1747.0 12288
1783694689129 1719.0 14336
1783694690446 1697.0 16384
1783694691653 1697.0 18432
1783694692739 1714.0 20480
1783694693889 1720.0 22528
1783694694983 1731.0 24576
1783694696098 1739.0 26624
1783694697227 1744.0 28672
1783694698360 1748.0 30720
1783694699593 1742.0 32768
1783694700789 1741.0 34816
1783694702006 1737.0 36864
1783694703167 1739.0 38912
1783694704371 1737.0 40960
1783694705598 1733.0 43008
1783694706750 1735.0 45056
1783694708042 1728.0 47104
1783694709316 1723.0 49152
1783694710514 1722.0 51200
1783694711751 1720.0 53248
1783694712951 1719.0 55296
1783694714071 1723.0 57344
1783694715340 1719.0 59392
1783694716500 1720.0 61440
1783694717716 1719.0 63488
1783694718829 1723.0 65536
1783694720066 1720.0 67584
1783694721270 1720.0 69632
1783694722450 1720.0 71680
1783694723674 1719.0 73728
1783694724756 1723.0 75776
1783694726123 1716.0 77824
1783694727560 1707.0 79872
1783694728702 1709.0 81920
1783694730043 1704.0 83968
1783694731314 1702.0 86016
1783694733214 1679.0 88064
1783694740584 1507.0 90112
1783694742649 1489.0 92160
1783694743637 1499.0 94208
1783694744649 1507.0 96256
1783694745779 1512.0 98304
1783694746988 1516.0 100352
1783694748211 1518.0 102400
1783694749421 1521.0 104448
1783694750642 1524.0 106496
1783694751771 1529.0 108544
1783694752958 1532.0 110592
1783694754213 1534.0 112640
1783694755394 1537.0 114688
1783694756600 1539.0 116736
1783694757831 1541.0 118784
1783694759040 1544.0 120832
1783694760329 1544.0 122880
1783694761605 1545.0 124928
1783694762926 1545.0 126976
1783694764084 1549.0 129024
1783694765333 1550.0 131072
1783694766658 1550.0 133120
1783694768043 1549.0 135168
1783694769343 1549.0 137216
1783694770567 1551.0 139264
1783694771827 1552.0 141312
1783694773034 1554.0 143360
1783694774128 1557.0 145408
1783694775344 1559.0 147456
1783694776666 1559.0 149504
1783694777955 1559.0 151552
1783694779216 1560.0 153600
1783694780493 1561.0 155648
1783694781627 1563.0 157696
1783694782878 1564.0 159744
1783694785364 1547.0 161792
1783694790606 1492.0 163840
1783694797047 1426.0 165888
1783694805229 1349.0 167936
1783694812861 1287.0 169984
1783694821126 1225.0 172032
1783694829402 1171.0 174080
1783694837872 1121.0 176128
1783694846374 1076.0 178176
1783694854556 1037.0 180224
1783694863084 999.0 182272
1783694871385 967.0 184320
1783694879969 935.0 186368
1783694888238 908.0 188416
1783694896866 881.0 190464
1783694905262 857.0 192512
1783694913826 834.0 194560
1783694922062 814.0 196608
1783694930632 795.0 198656
1783694938974 777.0 200704
1783694947471 760.0 202752
1783694955901 744.0 204800
1783694963971 730.0 206848
1783694972605 715.0 208896
1783694980557 703.0 210944
1783694989249 690.0 212992
1783694997389 679.0 215040
1783695005864 667.0 217088
1783695013919 657.0 219136
1783695022376 647.0 221184
1783695030540 638.0 223232
1783695038502 629.0 225280
1783695046981 620.0 227328
1783695053360 615.0 229376
1783695054987 618.0 231424
1783695062999 610.0 233472
1783695070659 604.0 235520
1783695078677 597.0 237568
1783695086484 590.0 239616
1783695094511 584.0 241664
1783695102294 578.0 243712
1783695110014 572.0 245760
1783695117974 566.0 247808
1783695125419 561.0 249856
1783695133383 556.0 251904
1783695141454 551.0 253952
1783695149388 546.0 256000
1783695157433 541.0 258048
1783695165046 537.0 260096
1783695173070 532.0 262144
1783695180908 528.0 264192
1783695189113 523.0 266240
1783695197033 519.0 268288
1783695205430 515.0 270336
1783695213395 511.0 272384
1783695221377 507.0 274432
1783695229569 503.0 276480
1783695237487 500.0 278528
1783695245665 496.0 280576
1783695253608 493.0 282624
1783695261810 489.0 284672
1783695269558 486.0 286720
1783695277656 483.0 288768
1783695285901 480.0 290816
1783695293969 477.0 292864
1783695302164 474.0 294912
1783695310529 471.0 296960
1783695319044 468.0 299008
1783695327196 465.0 301056
1783695335438 463.0 303104
1783695343683 460.0 305152
1783695351771 457.0 307200
1783695359971 455.0 309248
1783695368448 452.0 311296
1783695376812 450.0 313344
1783695385160 447.0 315392
1783695393743 445.0 317440
1783695401786 443.0 319488
1783695410386 440.0 321536
1783695418731 438.0 323584
1783695426713 436.0 325632
1783695434917 434.0 327680
1783695443624 432.0 329728
1783695451866 430.0 331776
1783695459935 428.0 333824
1783695468266 426.0 335872
1783695476313 424.0 337920
1783695484719 422.0 339968
1783695492822 421.0 342016
1783695501334 419.0 344064
1783695509354 417.0 346112
1783695517968 415.0 348160
1783695526326 414.0 350208
1783695534769 412.0 352256
1783695543103 410.0 354304
1783695550767 409.0 356352
1783695558579 408.0 358400
1783695566142 407.0 360448
1783695574080 405.0 362496
1783695581797 404.0 364544
1783695589793 403.0 366592
1783695597798 402.0 368640
1783695605334 400.0 370688
1783695613413 399.0 372736
1783695621242 398.0 374784
1783695629226 397.0 376832
1783695637091 396.0 378880
1783695645104 395.0 380928
1783695653112 393.0 382976
1783695660772 392.0 385024
1783695669010 391.0 387072
1783695676882 390.0 389120
1783695685122 389.0 391168
1783695693091 388.0 393216
1783695701159 387.0 395264
1783695709414 386.0 397312
1783695717303 385.0 399360
1783695725596 384.0 401408
1783695733334 383.0 403456
1783695741625 382.0 405504
1783695749663 381.0 407552
1783695757772 380.0 409600
1783695765911 379.0 411648
1783695773888 378.0 413696
1783695782024 377.0 415744
1783695790185 376.0 417792
1783695798496 375.0 419840
1783695806704 374.0 421888
1783695815356 373.0 423936
1783695823564 372.0 425984
1783695831902 371.0 428032
1783695840543 370.0 430080
1783695848649 370.0 432128
1783695857191 369.0 434176
1783695865310 368.0 436224
1783695873741 367.0 438272
1783695882121 366.0 440320
1783695890576 365.0 442368
1783695899049 364.0 444416
1783695907228 364.0 446464
1783695915751 363.0 448512
1783695923726 362.0 450560
1783695932094 361.0 452608
1783695940203 361.0 454656
1783695948580 360.0 456704
1783695956995 359.0 458752
1783695965608 358.0 460800
1783695973670 357.0 462848
1783695982013 357.0 464896
1783695990201 356.0 466944
1783695997841 356.0 468992
1783695998852 357.0 471040
1783695999866 358.0 473088
1783696000848 359.0 475136
1783696001867 361.0 477184
1783696002903 362.0 479232
1783696003988 363.0 481280
1783696005318 364.0 483328
1783696012060 364.0 485376
1783696017209 364.0 487424
1783696025220 364.0 489472
1783696032829 363.0 491520
