1783694682082 -0.003787517944147112 2048
1783694683310 -0.0017422523887944408 4096
1783694684477 -0.004272785437933635 6144
1783694685587 -0.0024404231407970656 8192
1783694686714 -0.0022739475243724883 10240
1783694687824 -0.002251911620987812 12288
1783694689129 -0.0033165112108690664 14336
1783694690446 -0.002712176716158865 16384
1783694691653 -0.0025293591897934675 18432
1783694692739 -0.0019882764645444695 20480
1783694693889 -0.0012282946554478258 22528
1783694694983 -0.002800778203891241 24576
1783694696098 -0.0015972183846315602 26624
1783694697227 -0.001917527622936177 28672
1783694698360 -0.002568080057244515 30720
1783694699593 -0.007756709797831718 32768
1783694700789 -0.0020328636601334438 34816
1783694702006 -0.0027549226288101636 36864
1783694703167 -0.0024851644184309407 38912
1783694704371 -0.0028992308471060824 40960
1783694705598 -0.0028925899423484225 43008
1783694706750 -0.0008500100884702988 45056
1783694708042 -0.0011690769824781455 47104
1783694709316 -0.0031625814153812826 49152
1783694710514 -0.004388980752992211 51200
1783694711751 -0.004195618195808493 53248
1783694712951 -0.0021690233879780862 55296
1783694714071 -0.006016850591549883 57344
1783694715340 -0.0028865267613582546 59392
1783694716500 -0.0026097468507941812 61440
1783694717716 -0.004872515262832167 63488
1783694718829 -0.003223293308110442 65536
1783694720066 -0.0035659655623021536 67584
1783694721270 -0.0031029409146867692 69632
1783694722450 -0.0025854509258351754 71680
1783694723674 -0.00488494059027289 73728
1783694724756 -0.0014108222421782557 75776
1783694726123 -0.004259001660102513 77824
1783694727560 -0.0046852651685185265 79872
1783694728702 -0.0015928205975797027 81920
1783694730043 -0.0018314432636543643 83968
1783694731314 -0.004671705182772712 86016
1783694733214 -0.0030508864801959135 88064
1783694740584 -0.002871471249818569 90112
1783694742649 -0.004014037152956007 92160
1783694743637 -0.0011709075206454145 94208
1783694744649 -0.004356745339464396 96256
1783694745779 -0.0043943620985373855 98304
1783694746988 -0.002029949429925182 100352
1783694748211 -0.0037242988491925644 102400
1783694749421 -0.0026130777314392617 104448
1783694750642 -0.0005445452407002449 106496
1783694751771 -0.0014831411535851657 108544
1783694752958 -0.0026046995371871162 110592
1783694754213 -0.0035808082575385924 112640
1783694755394 -0.002792827368466533 114688
1783694756600 -0.0018217599354102276 116736
1783694757831 -0.0009587783297320129 118784
1783694759040 -0.0021851818164577708 120832
1783694760329 -0.0026272782633895986 122880
1783694761605 -0.0021475766334333457 124928
1783694762926 -0.0024336614642379573 126976
1783694764084 -0.002038000529864803 129024
1783694765333 -0.004918146209092811 131072
1783694766658 -0.001999704849367845 133120
1783694768043 -0.0016439701903436799 135168
1783694769343 -0.00011889626330230385 137216
1783694770567 -0.0014066431158425985 139264
1783694771827 -0.0007932436819828581 141312
1783694773034 -0.0007562866667285562 143360
1783694774128 -0.001194060929265106 145408
1783694775344 -0.0004120769299333915 147456
1783694776666 -0.0012967627044417895 149504
1783694777955 -0.002617409847516683 151552
1783694779216 -0.004194332528641098 153600
1783694780493 -0.002455136189382756 155648
1783694781627 -0.0033465468677604804 157696
1783694782878 -0.0026618403262546053 159744
1783694785364 -0.001840352755607455 161792
1783694790606 -0.0009500751712039346 163840
1783694797047 -0.0009486616345384391 165888
1783694805229 -0.0002536099491408095 167936
1783694812861 -0.0032135523197212024 169984
1783694821126 -0.0007900785494712181 172032
1783694829402 -0.00011333797556289937 174080
1783694837872 -0.001634680337701866 176128
1783694846374 -0.0004282657773728715 178176
1783694854556 -0.0007926379466880462 180224
1783694863084 -0.0025332947552669793 182272
1783694871385 -0.0023356240963039454 184320
1783694879969 -0.0008879562010406516 186368
1783694888238 -0.0001136867704190081 188416
1783694896866 -0.0018835486262105405 190464
1783694905262 -0.0009030827459355351 192512
1783694913826 -0.0021579819376711384 194560
1783694922062 -0.0013816459868394304 196608
1783694930632 -0.001987621984881116 198656
1783694938974 -0.002070466625809786 200704
1783694947471 -0.0016686391536495648 202752
1783694955901 -0.000978513799054781 204800
1783694963971 -0.004945892287651077 206848
1783694972605 -0.0013056845782557502 208896
1783694980557 -0.0021351813320507063 210944
1783694989249 -0.0017306644240306923 212992
1783694997389 -0.0012894086576125119 215040
1783695005864 -0.002740604177233763 217088
1783695013919 -0.0011365815771569032 219136
1783695022376 -0.0003105453379248502 221184
1783695030540 -0.0006888708303449675 223232
1783695038502 -0.003043502762011485 225280
1783695046981 -0.0015013372831162997 227328
1783695053360 -0.0022571766094188206 229376
1783695054987 -0.001069342892151326 231424
1783695062999 -0.0015311581682908582 233472
1783695070659 -0.004608318136888556 235520
1783695078677 -0.0012417848129189224 237568
1783695086484 9.348231469630264e-05 239616
1783695094511 -0.0004968087614543037 241664
1783695102294 -0.0012166033275207155 243712
1783695110014 3.259603363403585e-05 245760
1783695117974 -0.00027219858748139814 247808
1783695125419 -0.0022996456136752386 249856
1783695133383 -0.001751774893818947 251904
1783695141454 -0.0008910815777198877 253952
1783695149388 -0.000744440927519463 256000
1783695157433 -0.001458754055420286 258048
1783695165046 -0.0022284155547822593 260096
1783695173070 -0.0014360136519826483 262144
1783695180908 -0.0003302981313026976 264192
1783695189113 -0.0024259189813164994 266240
1783695197033 -0.0015660269418731332 268288
1783695205430 -0.0010575425794741022 270336
1783695213395 -0.001430974067261559 272384
1783695221377 -0.0017293235778197413 274432
1783695229569 -0.00045919985859654844 276480
1783695237487 -0.0014065401610423578 278528
1783695245665 -0.0013872036106477026 280576
1783695253608 -0.0019987760206277017 282624
1783695261810 -0.0012531749061963637 284672
1783695269558 -0.0014615928612329299 286720
1783695277656 -0.0012522689467004966 288768
1783695285901 -0.0006284666724241106 290816
1783695293969 -0.0020684372393589 292864
1783695302164 -0.0009781907538126688 294912
1783695310529 -0.0008735796254768502 296960
1783695319044 -0.002701593604797381 299008
1783695327196 -0.004416036612383323 301056
1783695335438 -0.00011186477422597818 303104
1783695343683 -0.001330128299741773 305152
1783695351771 -0.002071394439553842 307200
1783695359971 -0.001204098964080913 309248
1783695368448 -0.002425964474241482 311296
1783695376812 -0.0010903898528340505 313344
1783695385160 -0.0023028106388665037 315392
1783695393743 -0.0008253336600319017 317440
1783695401786 -0.0016029715625336394 319488
1783695410386 -0.004155959502895712 321536
1783695418731 -7.032622306724079e-05 323584
1783695426713 -5.95011115365196e-05 325632
1783695434917 -0.001239860184796271 327680
1783695443624 -0.0015949340631777886 329728
1783695451866 -0.00022119027562439442 331776
1783695459935 -0.0007875969167798758 333824
1783695468266 -0.0031415365992870647 335872
1783695476313 -0.0001668978584348224 337920
1783695484719 0.00036779743550141575 339968
1783695492822 -0.0010228930950688664 342016
1783695501334 -0.002484808554072515 344064
1783695509354 -0.0007920705829747021 346112
1783695517968 -0.0005241443395789247 348160
1783695526326 -0.002100149602483725 350208
1783695534769 -0.0015260561558534391 352256
1783695543103 -0.0017587617494427832 354304
1783695550767 -0.002522684033465339 356352
1783695558579 -0.0015433304361067712 358400
1783695566142 -0.0012887696484540356 360448
1783695574080 -0.0029412851563392906 362496
1783695581797 -0.0006280787820287514 364544
1783695589793 -0.002382297858275706 366592
1783695597798 -0.002609262298392423 368640
1783695605334 -0.0026458943139004987 370688
1783695613413 -0.0008562009024899453 372736
1783695621242 -0.007941675811707682 374784
1783695629226 -0.0008004231094673742 376832
1783695637091 0.00019258473912486807 378880
1783695645104 -0.0002649475009093294 380928
1783695653112 -0.001514358292297402 382976
1783695660772 -0.00015166129378485493 385024
1783695669010 -0.004260179729499214 387072
1783695676882 -0.000812412839877652 389120
1783695685122 -0.0026373489599791355 391168
1783695693091 -0.0012110522620787378 393216
1783695701159 -0.001677068006756599 395264
1783695709414 -0.0009132211853284389 397312
1783695717303 -0.004207880905596539 399360
1783695725596 -0.00013530375781556359 401408
1783695733334 -0.0005239715355855878 403456
1783695741625 -0.0011796804174082354 405504
1783695749663 -0.0027304036857458414 407552
1783695757772 -0.0012006164906779304 409600
1783695765911 -0.000948534445342375 411648
1783695773888 -0.0015904275969660375 413696
1783695782024 -0.0026282980397809297 415744
1783695790185 -0.002106644513332867 417792
1783695798496 -0.0001787230503396131 419840
1783695806704 -0.0017967945714190137 421888
1783695815356 -0.000994053627437097 423936
1783695823564 -0.0003018253937625559 425984
1783695831902 -0.0006113989147706889 428032
1783695840543 -0.0007618806230311748 430080
1783695848649 -0.001711886482553382 432128
1783695857191 -0.00023229088037624024 434176
1783695865310 -0.001983672107598977 436224
1783695873741 9.83499048743397e-05 438272
1783695882121 -0.0010603152695694007 440320
1783695890576 -0.0005407541302702157 442368
1783695899049 -0.0028215946877026 444416
1783695907228 -0.0007307758514798479 446464
1783695915751 -0.003310463984234957 448512
1783695923726 -0.0026834372438315768 450560
1783695932094 -0.0015489463658013847 452608
1783695940203 -0.0004566900934150908 454656
1783695948580 -0.001446829466658528 456704
1783695956995 -0.0018292872491656453 458752
1783695965608 -0.0010430451911815908 460800
1783695973670 -0.0010060553431685548 462848
1783695982013 -0.000976711437033373 464896
1783695990201 -0.0014581135492335306 466944
1783695997841 -0.002014237215917092 468992
1783695998852 -0.001488600373704685 471040
1783695999866 -0.0035306272184243426 473088
1783696000848 -0.001705317330561229 475136
1783696001867 -0.00038635481178062037 477184
1783696002903 -0.0006288136937655509 479232
1783696003988 0.00020868393767159432 481280
1783696005318 -0.0004463067061806214 483328
1783696012060 -0.0017880830218928168 485376
1783696017209 -0.0012446746241039364 487424
1783696025220 -0.0010372944952905527 489472
1783696032829 -0.003410532367297492 491520
