1783694682082 433.5800665616989 2048
1783694683310 283.44757902622223 4096
1783694684477 425.69736778736115 6144
1783694685587 339.63946652412415 8192
1783694686714 210.00031381845474 10240
1783694687824 323.83370846509933 12288
1783694689129 263.7051682472229 14336
1783694690446 255.68091118335724 16384
1783694691653 122.62004148960114 18432
1783694692739 278.81301951408386 20480
1783694693889 132.0025906264782 22528
1783694694983 142.09323853254318 24576
1783694696098 159.397528976202 26624
1783694697227 149.84279245138168 28672
1783694698360 165.46309009194374 30720
1783694699593 80.12619961798191 32768
1783694700789 132.26740977168083 34816
1783694702006 160.22647029161453 36864
1783694703167 102.20420578122139 38912
1783694704371 260.59276032447815 40960
1783694705598 96.69334863126278 43008
1783694706750 162.5439097881317 45056
1783694708042 117.43556213378906 47104
1783694709316 54.27294884622097 49152
1783694710514 133.86953508853912 51200
1783694711751 88.479701846838 53248
1783694712951 100.53958375751972 55296
1783694714071 33.67256070673466 57344
1783694715340 76.77305021882057 59392
1783694716500 48.42985785752535 61440
1783694717716 66.11060258746147 63488
1783694718829 66.13781698048115 65536
1783694720066 53.53563050925732 67584
1783694721270 70.17156012356281 69632
1783694722450 19.28457283973694 71680
1783694723674 21.58949190378189 73728
1783694724756 40.167303182184696 75776
1783694726123 28.689744763076305 77824
1783694727560 11.909451615065336 79872
1783694728702 23.416714064776897 81920
1783694730043 27.285340167582035 83968
1783694731314 14.105621449649334 86016
1783694733214 11.698569975793362 88064
1783694740584 18.679259706288576 90112
1783694742649 6.739385936409235 92160
1783694743637 32.55015929043293 94208
1783694744649 11.864395249634981 96256
1783694745779 11.933552615344524 98304
1783694746988 4.896793266758323 100352
1783694748211 6.964792184531689 102400
1783694749421 14.519323093816638 104448
1783694750642 21.119758212938905 106496
1783694751771 25.849144358187914 108544
1783694752958 4.893732622265816 110592
1783694754213 16.581479649990797 112640
1783694755394 4.34965306147933 114688
1783694756600 5.172785382717848 116736
1783694757831 7.227572387084365 118784
1783694759040 11.709138125181198 120832
1783694760329 19.959731018170714 122880
1783694761605 19.531937465071678 124928
1783694762926 4.05005744472146 126976
1783694764084 31.45964970625937 129024
1783694765333 18.25912271440029 131072
1783694766658 16.594458512961864 133120
1783694768043 4.466978607699275 135168
1783694769343 4.267802932299674 137216
1783694770567 26.654103878885508 139264
1783694771827 32.897150468081236 141312
1783694773034 51.791047006845474 143360
1783694774128 17.555020719766617 145408
1783694775344 48.00431585684419 147456
1783694776666 5.041115253698081 149504
1783694777955 40.41476258635521 151552
1783694779216 28.939851673319936 153600
1783694780493 43.23655992001295 155648
1783694781627 44.04928928986192 157696
1783694782878 19.00503169745207 159744
1783694785364 42.2657208815217 161792
1783694790606 72.91499611735344 163840
1783694797047 43.493543453514576 165888
1783694805229 58.51005911082029 167936
1783694812861 40.193063236773014 169984
1783694821126 56.2702458538115 172032
1783694829402 47.80108783021569 174080
1783694837872 48.31528449058533 176128
1783694846374 56.98924174904823 178176
1783694854556 55.8028049916029 180224
1783694863084 55.505082704126835 182272
1783694871385 40.59514074400067 184320
1783694879969 41.259606555104256 186368
1783694888238 72.70447492599487 188416
1783694896866 72.48164489865303 190464
1783694905262 71.10889718681574 192512
1783694913826 54.84291046112776 194560
1783694922062 74.62978143244982 196608
1783694930632 66.91780529171228 198656
1783694938974 77.01982087641954 200704
1783694947471 75.95258014649153 202752
1783694955901 72.57067487388849 204800
1783694963971 66.81375043094158 206848
1783694972605 77.8874703347683 208896
1783694980557 56.1839758977294 210944
1783694989249 68.59472655877471 212992
1783694997389 92.02239987999201 215040
1783695005864 71.85271260142326 217088
1783695013919 64.61833745241165 219136
1783695022376 72.3213839456439 221184
1783695030540 69.67189708352089 223232
1783695038502 64.42298641055822 225280
1783695046981 91.6723753362894 227328
1783695053360 81.9812053591013 229376
1783695054987 81.06787824630737 231424
1783695062999 98.17406326532364 233472
1783695070659 80.10167434066534 235520
1783695078677 70.00589156895876 237568
1783695086484 65.8740551918745 239616
1783695094511 74.28501644730568 241664
1783695102294 67.66090851277113 243712
1783695110014 37.319055899977684 245760
1783695117974 60.87604972720146 247808
1783695125419 83.77908128499985 249856
1783695133383 77.39310441166162 251904
1783695141454 71.09057833999395 253952
1783695149388 90.3083814010024 256000
1783695157433 78.77881225198507 258048
1783695165046 78.36718682944775 260096
1783695173070 63.21248388290405 262144
1783695180908 82.8539549857378 264192
1783695189113 114.2899307757616 266240
1783695197033 88.29822421073914 268288
1783695205430 80.21698199212551 270336
1783695213395 87.58506651222706 272384
1783695221377 98.02923673391342 274432
1783695229569 73.02008181810379 276480
1783695237487 40.61608221381903 278528
1783695245665 48.33058903366327 280576
1783695253608 67.88228325545788 282624
1783695261810 99.55757185816765 284672
1783695269558 73.777120500803 286720
1783695277656 59.97569190710783 288768
1783695285901 28.334029339253902 290816
1783695293969 35.79904051683843 292864
1783695302164 63.20593500882387 294912
1783695310529 82.03867530822754 296960
1783695319044 71.99512907117605 299008
1783695327196 81.58465929329395 301056
1783695335438 55.88998407870531 303104
1783695343683 77.04087821394205 305152
1783695351771 81.8801476508379 307200
1783695359971 62.014079727232456 309248
1783695368448 74.19545086473227 311296
1783695376812 64.91248539835215 313344
1783695385160 45.142960868775845 315392
1783695393743 67.00289433449507 317440
1783695401786 84.8834988027811 319488
1783695410386 70.51483401656151 321536
1783695418731 91.77988328039646 323584
1783695426713 69.50285520404577 325632
1783695434917 58.95086149871349 327680
1783695443624 67.54338376224041 329728
1783695451866 71.17018963396549 331776
1783695459935 54.88326795399189 333824
1783695468266 80.97727958112955 335872
1783695476313 71.35599464178085 337920
1783695484719 89.88384146988392 339968
1783695492822 83.37119668722153 342016
1783695501334 59.39025878161192 344064
1783695509354 71.95902168750763 346112
1783695517968 32.439099576324224 348160
1783695526326 71.26643767207861 350208
1783695534769 61.00245065242052 352256
1783695543103 47.68025179579854 354304
1783695550767 69.21762523800135 356352
1783695558579 54.441152676939964 358400
1783695566142 56.04905196279287 360448
1783695574080 55.70501637458801 362496
1783695581797 48.64239192381501 364544
1783695589793 40.99886017665267 366592
1783695597798 51.02740702033043 368640
1783695605334 67.33652140200138 370688
1783695613413 58.391170017421246 372736
1783695621242 53.85319394990802 374784
1783695629226 27.529411487281322 376832
1783695637091 35.03626345098019 378880
1783695645104 40.42600629478693 380928
1783695653112 41.79307384043932 382976
1783695660772 62.77201694250107 385024
1783695669010 56.54842585325241 387072
1783695676882 36.46201027557254 389120
1783695685122 44.73107637465 391168
1783695693091 15.15595018491149 393216
1783695701159 42.48087804019451 395264
1783695709414 40.55019160360098 397312
1783695717303 61.267813857644796 399360
1783695725596 32.9359867349267 401408
1783695733334 36.79705933853984 403456
1783695741625 43.213399950414896 405504
1783695749663 49.01839213445783 407552
1783695757772 53.93087214976549 409600
1783695765911 47.23743971809745 411648
1783695773888 65.70341964252293 413696
1783695782024 22.89020575210452 415744
1783695790185 23.019277051091194 417792
1783695798496 59.36791265383363 419840
1783695806704 25.00606352649629 421888
1783695815356 21.36791401170194 423936
1783695823564 39.43941369652748 425984
1783695831902 72.66946157068014 428032
1783695840543 35.933896109461784 430080
1783695848649 42.981948886066675 432128
1783695857191 37.258839286863804 434176
1783695865310 36.91844207793474 436224
1783695873741 30.28309207968414 438272
1783695882121 20.337452981621027 440320
1783695890576 47.79699740931392 442368
1783695899049 78.55897378176451 444416
1783695907228 28.88021558895707 446464
1783695915751 27.590048134326935 448512
1783695923726 56.64368426427245 450560
1783695932094 37.62610002234578 452608
1783695940203 60.15389534085989 454656
1783695948580 42.05817025527358 456704
1783695956995 45.089480102062225 458752
1783695965608 35.97950720414519 460800
1783695973670 72.31304792314768 462848
1783695982013 48.63426019996405 464896
1783695990201 68.09810750558972 466944
1783695997841 40.50350248068571 468992
1783695998852 60.08033533394337 471040
1783695999866 53.1305913515389 473088
1783696000848 46.33063906431198 475136
1783696001867 34.2042835932225 477184
1783696002903 18.14803908020258 479232
1783696003988 54.65436987578869 481280
1783696005318 62.3655901029706 483328
1783696012060 50.56637670844793 485376
1783696017209 38.92063225246966 487424
1783696025220 56.61691629886627 489472
1783696032829 66.02737280726433 491520
