1783694682082 867.1954083442688 2048
1783694683310 566.9262939691544 4096
1783694684477 851.4307103157043 6144
1783694685587 679.3112812042236 8192
1783694686714 420.03239822387695 10240
1783694687824 647.6989297866821 12288
1783694689129 527.4437212944031 14336
1783694690446 511.393944978714 16384
1783694691653 245.27149951457977 18432
1783694692739 557.655840754509 20480
1783694693889 264.03348088264465 22528
1783694694983 284.21746814250946 24576
1783694696098 318.8235493898392 26624
1783694697227 299.71478754282 28672
1783694698360 330.9565649628639 30720
1783694699593 160.29335191845894 32768
1783694700789 264.5625469684601 34816
1783694702006 320.4819023013115 36864
1783694703167 204.43759447336197 38912
1783694704371 521.214786529541 40960
1783694705598 193.417479544878 43008
1783694706750 325.1128599643707 45056
1783694708042 234.89724200963974 47104
1783694709316 108.5767474770546 49152
1783694710514 267.77120065689087 51200
1783694711751 176.99016791582108 53248
1783694712951 201.10547098517418 55296
1783694714071 67.38024404644966 57344
1783694715340 153.57337847352028 59392
1783694716500 96.88740520179272 61440
1783694717716 132.2519343495369 63488
1783694718829 132.30350410938263 65536
1783694720066 107.09994840621948 67584
1783694721270 140.3690526485443 69632
1783694722450 38.597051203250885 71680
1783694723674 43.21237440407276 73728
1783694724756 80.3587146550417 75776
1783694726123 57.40943165123463 77824
1783694727560 23.8500948920846 79872
1783694728702 46.858479365706444 81920
1783694730043 54.5962131023407 83968
1783694731314 28.242413759231567 86016
1783694733214 23.4242555052042 88064
1783694740584 37.385060749948025 90112
1783694742649 13.507845990359783 92160
1783694743637 65.12011028826237 94208
1783694744649 23.757309287786484 96256
1783694745779 23.895049273967743 98304
1783694746988 9.81651071086526 100352
1783694748211 13.955920293927193 102400
1783694749421 29.065181590616703 104448
1783694750642 42.260001357644796 106496
1783694751771 51.721460275352 108544
1783694752958 9.81216760352254 110592
1783694754213 33.191783513873816 112640
1783694755394 8.725540824234486 114688
1783694756600 10.367832731455564 116736
1783694757831 14.477140851318836 118784
1783694759040 23.439162887632847 120832
1783694760329 39.942221730947495 122880
1783694761605 39.08539020642638 124928
1783694762926 8.122870586812496 126976
1783694764084 62.94174678251147 129024
1783694765333 36.544800125062466 131072
1783694766658 33.210411943495274 133120
1783694768043 8.95443794876337 135168
1783694769343 8.554348737001419 137216
1783694770567 53.32935055345297 139264
1783694771827 65.81291774660349 141312
1783694773034 103.60284995287657 143360
1783694774128 35.129283241927624 145408
1783694775344 96.027210123837 147456
1783694776666 10.09830002579838 149504
1783694777955 80.85319831222296 151552
1783694779216 57.90565050765872 153600
1783694780493 86.49515724182129 155648
1783694781627 88.12419944256544 157696
1783694782878 38.0308398604393 159744
1783694785364 84.55274957418442 161792
1783694790606 145.84777876734734 163840
1783694797047 87.00669652968645 165888
1783694805229 117.03680319339037 167936
1783694812861 80.41200294345617 169984
1783694821126 112.55889773368835 172032
1783694829402 95.61754477024078 174080
1783694837872 96.6506144925952 176128
1783694846374 113.99679636955261 178176
1783694854556 111.62412793934345 180224
1783694863084 111.03199271857738 182272
1783694871385 81.2116886228323 184320
1783694879969 82.53786012530327 186368
1783694888238 145.4246163368225 188416
1783694896866 144.9845085144043 190464
1783694905262 142.2363626509905 192512
1783694913826 109.70792391896248 194560
1783694922062 149.27828696370125 196608
1783694930632 133.85623663663864 198656
1783694938974 154.05940555036068 200704
1783694947471 151.92582577466965 202752
1783694955901 145.16132789850235 204800
1783694963971 133.65508951246738 206848
1783694972605 155.79324945807457 208896
1783694980557 112.38867144286633 210944
1783694989249 137.21077638864517 212992
1783694997389 184.06347635388374 215040
1783695005864 143.72901153564453 217088
1783695013919 129.25489647686481 219136
1783695022376 144.6605379730463 221184
1783695030540 139.36077299714088 223232
1783695038502 128.86916971206665 225280
1783695046981 183.36440709233284 227328
1783695053360 163.98126862943172 229376
1783695054987 162.15486381947994 231424
1783695062999 196.36775946617126 233472
1783695070659 160.22902919352055 235520
1783695078677 140.03114421665668 237568
1783695086484 131.76377588510513 239616
1783695094511 148.58607831597328 241664
1783695102294 135.34152223169804 243712
1783695110014 74.6496914178133 245760
1783695117974 121.76790599524975 247808
1783695125419 167.57857617735863 249856
1783695133383 154.8061843663454 251904
1783695141454 142.19740918278694 253952
1783695149388 180.63536247611046 256000
1783695157433 157.57485154271126 258048
1783695165046 156.75493296980858 260096
1783695173070 126.44076180458069 262144
1783695180908 165.72540014982224 264192
1783695189113 228.6016004383564 266240
1783695197033 176.61642640829086 268288
1783695205430 160.45274928212166 270336
1783695213395 175.1901022195816 272384
1783695221377 196.07836124300957 274432
1783695229569 146.05716079473495 276480
1783695237487 81.24860455840826 278528
1783695245665 96.68011927604675 280576
1783695253608 135.78323800861835 282624
1783695261810 199.13454449176788 284672
1783695269558 147.5717804133892 286720
1783695277656 119.96989150345325 288768
1783695285901 56.68394497036934 290816
1783695293969 71.61681974679232 292864
1783695302164 126.42888323962688 294912
1783695310529 164.09515750408173 296960
1783695319044 144.01237712800503 299008
1783695327196 163.194957613945 301056
1783695335438 111.79385749995708 303104
1783695343683 154.09962767362595 305152
1783695351771 163.78022882342339 307200
1783695359971 124.04460523277521 309248
1783695368448 148.41121119260788 311296
1783695376812 129.8447272181511 313344
1783695385160 90.30691189318895 315392
1783695393743 134.02280466258526 317440
1783695401786 169.7860355824232 319488
1783695410386 141.0538413822651 321536
1783695418731 183.5772820711136 323584
1783695426713 139.02241618931293 325632
1783695434917 117.91936556994915 327680
1783695443624 135.10400119423866 329728
1783695451866 142.357939183712 331776
1783695459935 109.7854787260294 333824
1783695468266 161.9771127998829 335872
1783695476313 142.72962254285812 337920
1783695484719 179.78108118474483 339968
1783695492822 166.76085063815117 342016
1783695501334 118.7999075204134 344064
1783695509354 143.93678987026215 346112
1783695517968 64.89326673001051 348160
1783695526326 142.55316345393658 350208
1783695534769 122.02294264733791 352256
1783695543103 95.37998963147402 354304
1783695550767 138.45760841667652 356352
1783695558579 108.90227843821049 358400
1783695566142 112.11787774413824 360448
1783695574080 111.43133214116096 362496
1783695581797 97.30279482156038 364544
1783695589793 82.01582241803408 366592
1783695597798 102.0767178684473 368640
1783695605334 134.69456180930138 370688
1783695613413 116.8014495074749 372736
1783695621242 107.73902077972889 374784
1783695629226 55.074673626571894 376832
1783695637091 70.08852826803923 378880
1783695645104 80.86750827729702 380928
1783695653112 83.60821378976107 382976
1783695660772 125.56199994683266 385024
1783695669010 113.12271744012833 387072
1783695676882 72.94147144258022 389120
1783695685122 89.4832378923893 391168
1783695693091 30.330167554318905 393216
1783695701159 84.98026094585657 395264
1783695709414 81.11932902038097 397312
1783695717303 122.56241772323847 399360
1783695725596 65.8871475532651 401408
1783695733334 73.61073572933674 403456
1783695741625 86.44564948230982 405504
1783695749663 98.05961734801531 407552
1783695757772 107.88143108785152 409600
1783695765911 94.49421866983175 411648
1783695773888 131.42914982140064 413696
1783695782024 45.80383474379778 415744
1783695790185 46.05634668469429 417792
1783695798496 118.7521356716752 419840
1783695806704 50.03121314942837 421888
1783695815356 42.75400482490659 423936
1783695823564 78.89755734056234 425984
1783695831902 145.35725991427898 428032
1783695840543 71.88535512983799 430080
1783695848649 85.98367159068584 432128
1783695857191 74.53504949063063 434176
1783695865310 73.85710680484772 436224
1783695873741 60.58206519857049 438272
1783695882121 40.692310839891434 440320
1783695890576 95.61136599630117 442368
1783695899049 157.1396247819066 444416
1783695907228 57.77934796363115 446464
1783695915751 55.201657585799694 448512
1783695923726 113.30883261561394 450560
1783695932094 75.27023021876812 452608
1783695940203 120.32602332532406 454656
1783695948580 84.13328411057591 456704
1783695956995 90.19911548495293 458752
1783695965608 71.97563920170069 460800
1783695973670 144.64429514110088 462848
1783695982013 97.28622016310692 464896
1783695990201 136.21623680740595 466944
1783695997841 81.02735838294029 468992
1783695998852 120.17766734957695 471040
1783695999866 106.28522238135338 473088
1783696000848 92.68048629164696 475136
1783696001867 68.42326085269451 477184
1783696002903 36.31250969879329 479232
1783696003988 109.32399246096611 481280
1783696005318 124.74858197569847 483328
1783696012060 101.15080294758081 485376
1783696017209 77.85897444188595 487424
1783696025220 113.25248308479786 489472
1783696032829 132.0789700895548 491520
