1783627692657 -166.79105189999999 2048
1783627694315 -156.53308895 4096
1783627695341 -190.89773965 6144
1783627696409 -208.60608145 8192
1783627697310 -177.10271255 10240
1783627698273 -178.22485799999998 12288
1783627699345 -146.45579560000002 14336
1783627700378 -148.75549049999998 16384
1783627701428 -186.73618560000003 18432
1783627702411 -151.52469455 20480
1783627703331 -163.3008611 22528
1783627704344 -138.444985 24576
1783627705280 -133.99908805 26624
1783627706429 -178.70734800000002 28672
1783627707603 -143.83648125000002 30720
1783627708742 -133.68884015 32768
1783627709883 -155.11139644999997 34816
1783627711008 -138.83709525 36864
1783627712161 -137.37728124999998 38912
1783627713339 -120.06724985000001 40960
1783627714547 -100.64550345 43008
1783627715626 -74.78292435 45056
1783627716791 -92.8462292 47104
1783627717976 -68.9585647 49152
1783627719134 -56.237535550000004 51200
1783627720301 -73.26255509999999 53248
1783627721431 -74.32005280000001 55296
1783627722588 -54.74537264999999 57344
1783627723764 -77.37096165 59392
1783627724763 -68.83151775 61440
1783627725814 -60.73616654999999 63488
1783627726886 -46.09996780000001 65536
1783627728109 -49.069156250000006 67584
1783627729177 -47.812170949999995 69632
1783627730353 -63.03395815000001 71680
1783627731506 -47.47668985 73728
1783627732712 -46.97274224999999 75776
1783627733877 -21.217854449999997 77824
1783627734977 -34.98637 79872
1783627736087 -7.126907899999997 81920
1783627737238 -10.20938825 83968
1783627738417 -0.31415170000000137 86016
1783627739613 10.674282799999997 88064
1783627740816 4.78852215 90112
1783627742002 13.189900649999998 92160
1783627743229 -3.4100407000000006 94208
1783627744322 -9.286116000000002 96256
1783627745405 -10.525373650000002 98304
1783627746469 0.37839094999999967 100352
1783627747458 -6.1354745500000005 102400
1783627748420 -82.836107 104448
1783627749391 -106.30180409999998 106496
1783627750399 -130.2455128 108544
1783627751593 -135.16690035000002 110592
1783627752750 -138.55620100000002 112640
1783627753965 -156.51918154999998 114688
1783627754917 -161.06416835 116736
1783627756127 -97.93520114999998 118784
1783627757297 -89.64052924999999 120832
1783627758508 -76.05900725 122880
1783627759689 -63.21795300000001 124928
1783627760683 -67.94821509999998 126976
1783627761753 -54.949514350000015 129024
1783627762825 -54.12680714999999 131072
1783627763906 -51.69040055000001 133120
1783627765149 -52.19037625 135168
1783627766108 -54.6508492 137216
1783627767283 -61.49291810000001 139264
1783627768294 -66.34917270000001 141312
1783627769261 -75.44579475 143360
1783627770235 -66.91402885 145408
1783627771222 -72.83759649999999 147456
1783627772256 -72.76029679999999 149504
1783627773311 -72.0535743 151552
1783627774438 -72.23567175000001 153600
1783627775608 -63.73678850000001 155648
1783627776612 -58.381329900000004 157696
1783627777540 -57.64214944999999 159744
1783627778446 -56.912102700000005 161792
1783627779334 -55.9193968 163840
1783627780399 -52.87850729999999 165888
1783627781394 -42.37990789999999 167936
1783627782296 -42.63285895 169984
1783627783353 -32.973251299999994 172032
1783627784391 -14.858537649999993 174080
1783627785323 -9.1311553 176128
1783627786410 -5.521841799999999 178176
1783627787415 4.895466900000002 180224
1783627788386 10.4905414 182272
1783627789311 17.080458 184320
1783627790179 18.683822299999996 186368
1783627791309 22.193085949999997 188416
1783627792393 35.764540100000005 190464
1783627793492 44.10318805 192512
1783627794447 16.840758900000008 194560
1783627795368 27.750680400000004 196608
1783627796251 24.44210415 198656
1783627797260 18.08101535 200704
1783627798385 6.781040849999997 202752
1783627799480 2.852937949999999 204800
1783627800466 -6.092980000000002 206848
1783627801437 -5.021956799999996 208896
1783627802352 -18.980829149999998 210944
1783627803256 2.084292750000001 212992
1783627804273 -9.8762309 215040
1783627805222 -7.983419250000002 217088
1783627806127 3.5028553999999987 219136
1783627807041 12.80675325 221184
1783627808172 14.4276981 223232
1783627809225 13.322728649999998 225280
1783627810194 12.705878250000001 227328
1783627811122 18.362249800000004 229376
1783627812085 15.103863200000001 231424
1783627812990 22.761853450000004 233472
1783627814054 28.619700100000006 235520
1783627815086 24.952549050000002 237568
1783627816045 30.259236549999997 239616
1783627816928 24.759904549999995 241664
1783627817835 15.643128399999998 243712
1783627818911 13.81336395 245760
1783627819823 30.100565000000007 247808
1783627820703 33.33291 249856
1783627821623 35.394487549999994 251904
1783627822719 39.337179449999994 253952
1783627823699 37.02752209999999 256000
1783627824651 31.55608919999999 258048
1783627825542 32.439244 260096
1783627826458 53.01423525 262144
1783627827553 55.589805 264192
1783627828678 46.65999295 266240
1783627829785 38.902772950000006 268288
1783627830786 39.2528815 270336
1783627831702 45.33894085000001 272384
1783627832600 34.15404040000001 274432
1783627833518 34.551514399999995 276480
1783627834674 14.108129349999995 278528
1783627835813 21.3218853 280576
1783627836917 36.69200135 282624
1783627837893 41.280643749999996 284672
1783627838776 42.328699 286720
1783627839675 48.01321125 288768
1783627840816 62.02138679999998 290816
1783627841950 71.27406284999999 292864
1783627843061 67.59259370000001 294912
1783627844114 59.368427499999996 296960
1783627845040 26.117077549999998 299008
1783627846036 8.74921125 301056
1783627847010 -3.362987799999999 303104
1783627847989 -18.42385895 305152
1783627848963 -50.7295345 307200
1783627850087 -46.56130319999998 309248
1783627851142 -47.87563185 311296
1783627852162 -46.30274535000001 313344
1783627853119 -19.626921250000002 315392
1783627854033 -19.6899369 317440
1783627854938 8.525760849999994 319488
1783627855951 12.671008849999996 321536
1783627856901 29.088426499999997 323584
1783627857802 30.406719849999995 325632
1783627858758 34.47505604999999 327680
1783627859679 39.790304400000004 329728
1783627860658 33.3452372 331776
1783627861574 37.6501592 333824
1783627862518 19.554064150000006 335872
1783627863512 31.167398099999996 337920
1783627864625 17.8351946 339968
1783627865754 27.067089199999998 342016
1783627866872 39.277376 344064
1783627867956 38.94045375 346112
1783627868972 42.75613990000001 348160
1783627869918 45.68937625000001 350208
1783627870981 42.9493159 352256
1783627871892 48.453860800000015 354304
1783627872983 57.5798363 356352
1783627874030 50.38065730000001 358400
1783627875129 24.236891399999998 360448
1783627876216 38.06119085 362496
1783627877131 26.99180535 364544
1783627878164 14.04485545 366592
1783627879289 4.841474399999998 368640
1783627880322 -16.281091600000003 370688
1783627881226 -11.752554900000002 372736
1783627882178 6.891374199999997 374784
1783627883093 -9.74781695 376832
1783627884116 -16.01157525 378880
1783627885109 -2.5383060500000014 380928
1783627886048 2.1957541999999988 382976
1783627887131 12.533191400000005 385024
1783627888035 -14.91281755 387072
1783627889121 -5.082965800000002 389120
1783627890182 -12.41227545 391168
1783627891280 4.17528625 393216
1783627892323 -24.06730125 395264
1783627893385 4.631210999999999 397312
1783627894453 -11.087469599999995 399360
1783627895527 -0.915808299999999 401408
1783627896462 -7.731146949999996 403456
1783627897367 -11.669594750000002 405504
1783627898418 15.137708650000002 407552
1783627899493 6.039533500000003 409600
1783627900492 11.20295625 411648
1783627901537 17.95777135 413696
1783627902450 -0.21375684999999578 415744
1783627903411 -30.3248338 417792
1783627904616 -31.664297299999998 419840
1783627905731 -24.091359649999998 421888
1783627906759 -13.62398315 423936
1783627907778 -21.847154699999997 425984
1783627908796 -19.7233921 428032
1783627909868 5.179322799999997 430080
1783627910774 5.410427900000002 432128
1783627911684 23.482840799999998 434176
1783627912803 25.408774600000005 436224
1783627913836 3.0024045000000017 438272
1783627914752 23.716476250000007 440320
1783627915648 -1.2106930499999975 442368
1783627916765 -12.955176699999999 444416
1783627917846 -27.376092300000003 446464
1783627918968 -15.647936600000003 448512
1783627920062 -1.7062922 450560
1783627921133 -11.995942900000006 452608
1783627922192 16.178873099999997 454656
1783627923257 41.1403703 456704
1783627924336 54.2022919 458752
1783627925310 33.03122315 460800
1783627926406 13.781235300000002 462848
1783627927504 -13.487246600000002 464896
1783627928495 0.5712034499999967 466944
1783627929579 0.6768768499999964 468992
1783627930730 5.354682249999998 471040
1783627931853 5.890965099999995 473088
1783627932966 27.316950600000002 475136
1783627934067 36.75052999999999 477184
1783627935040 32.020196199999994 479232
1783627936010 38.8762384 481280
1783627937110 18.363198249999993 483328
1783627938208 14.171024699999998 485376
1783627939146 23.89493375 487424
1783627940309 42.189125849999996 489472
1783627941379 28.121135899999995 491520
1783627942357 13.078262050000001 493568
1783627943441 22.16091725 495616
1783627944570 17.56251005 497664
1783627945786 33.00673325 499712
1783627946789 41.8688135 501760
