1783700967082 5.67136612161994 2048
1783700976016 5.671077076345682 4096
1783700984817 5.687535863369703 6144
1783700993717 5.705804713070393 8192
1783701002652 5.7248470187187195 10240
1783701011592 5.738081280142069 12288
1783701020597 5.749507002532482 14336
1783701029747 5.7752041183412075 16384
1783701038768 5.790664803236723 18432
1783701047856 5.804506499320269 20480
1783701056592 5.827534478157759 22528
1783701065496 5.8329288475215435 24576
1783701074346 5.816834717988968 26624
1783701083282 5.812700271606445 28672
1783701092193 5.825581423938274 30720
1783701101365 5.845966469496489 32768
1783701110305 5.862700141966343 34816
1783701119142 5.8739874958992 36864
1783701128227 5.900842539966106 38912
1783701137160 5.918583422899246 40960
1783701145922 5.933033972978592 43008
1783701154765 5.942319523543119 45056
1783701163794 5.944714464247227 47104
1783701172818 5.953471779823303 49152
1783701182500 5.969061102718115 51200
1783701192771 5.990041274577379 53248
1783701202490 6.013996843248606 55296
1783701212327 6.033742420375347 57344
1783701221957 6.060528390109539 59392
1783701226401 6.080054119229317 61440
1783701227543 6.105071656405926 63488
1783701228757 6.1222404688596725 65536
1783701229844 6.128647573292255 67584
1783701231028 6.1256861463189125 69632
1783701232148 6.124496750533581 71680
1783701233271 6.136432580649853 73728
1783701234438 6.158637873828411 75776
1783701235689 6.168183617293835 77824
1783701236905 6.175348378717899 79872
1783701238146 6.172843065112829 81920
1783701243409 6.1810576766729355 83968
1783701247301 6.1939477771520615 86016
1783701253146 6.212664306163788 88064
1783701263340 6.2332017831504345 90112
1783701273279 6.254117000848055 92160
1783701283488 6.27738019824028 94208
1783701293078 6.298954494297504 96256
1783701302553 6.317260459065437 98304
1783701311700 6.32756570354104 100352
1783701321297 6.326412361115217 102400
1783701330526 6.325399320572615 104448
1783701340283 6.314084157347679 106496
1783701349961 6.3033065758645535 108544
1783701359542 6.316254809498787 110592
1783701368570 6.322610717266798 112640
1783701378040 6.319578964263201 114688
1783701387367 6.33063143491745 116736
1783701396885 6.338877111673355 118784
1783701406043 6.336701117455959 120832
1783701415641 6.327897872775793 122880
1783701424603 6.311511144042015 124928
1783701434147 6.306435387581587 126976
1783701436409 6.296939752995968 129024
1783701437514 6.29338151961565 131072
1783701438956 6.2957821153104305 133120
1783701440342 6.288355112075806 135168
1783701441817 6.2912343963980675 137216
1783701443059 6.296087842434645 139264
1783701444387 6.310131315141916 141312
1783701445826 6.326663449406624 143360
1783701447382 6.342649310827255 145408
1783701448904 6.345015201717615 147456
1783701455398 6.334299318492413 149504
1783701462558 6.322063159197569 151552
1783701471932 6.331040535122156 153600
1783701481605 6.34746428206563 155648
1783701491385 6.3466230519115925 157696
1783701500850 6.341483250260353 159744
1783701510934 6.319666650146246 161792
1783701520417 6.302250389009714 163840
1783701530427 6.305217824876308 165888
1783701539925 6.31468802690506 167936
1783701548887 6.307284012436867 169984
1783701556197 6.301881022751331 172032
1783701565299 6.304584939032793 174080
1783701574189 6.320694636553526 176128
1783701582897 6.33653811737895 178176
1783701591749 6.341068856418133 180224
1783701600773 6.350617881864309 182272
1783701610046 6.367286682128906 184320
1783701619228 6.3800151608884335 186368
1783701626661 6.403757270425558 188416
1783701635839 6.4165140353143215 190464
1783701644594 6.422116208821535 192512
1783701653266 6.444724325090647 194560
1783701662169 6.45497927442193 196608
1783701671383 6.4620623253285885 198656
1783701680752 6.4762865267694 200704
1783701691057 6.494507502764463 202752
1783701700562 6.508932527154684 204800
1783701710528 6.517690863460302 206848
1783701720417 6.537569727748632 208896
1783701730561 6.564988184720278 210944
1783701739790 6.57705470174551 212992
1783701750050 6.577893760055304 215040
1783701759638 6.588249616324902 217088
1783701769721 6.596140373498201 219136
1783701779564 6.6023793406784534 221184
1783701789081 6.61263008415699 223232
1783701797981 6.622912123799324 225280
1783701807298 6.632040448486805 227328
1783701816543 6.639070145785809 229376
1783701826147 6.638434838503599 231424
1783701835175 6.647023379802704 233472
1783701844618 6.660404518246651 235520
1783701845879 6.670376800000668 237568
1783701847022 6.681673377752304 239616
1783701848202 6.681933216750622 241664
1783701849508 6.6857618018984795 243712
1783701850755 6.686196997761726 245760
1783701853803 6.682470470666885 247808
1783701861640 6.688066281378269 249856
1783701870828 6.696975402534008 251904
1783701880240 6.711064480245113 253952
1783701889498 6.722202897071838 256000
1783701899256 6.735065970569849 258048
1783701908578 6.744453355669975 260096
1783701918570 6.750378284603357 262144
1783701927970 6.757272459566593 264192
1783701937899 6.767355281859636 266240
1783701947375 6.78225364908576 268288
1783701957256 6.777850653976202 270336
1783701966806 6.777227308601141 272384
1783701976681 6.778744626790285 274432
1783701986056 6.775038231164217 276480
1783701995982 6.7770403027534485 278528
1783702005433 6.778647653758526 280576
1783702015289 6.77221005782485 282624
1783702024862 6.76104824244976 284672
1783702035096 6.757962748408318 286720
1783702044839 6.77121913805604 288768
1783702054951 6.784404914826155 290816
1783702064911 6.790850102901459 292864
1783702074929 6.790305063128471 294912
1783702084778 6.805686078965664 296960
1783702094943 6.810616340488195 299008
1783702104579 6.806624863296747 301056
1783702114823 6.810452710837126 303104
1783702124292 6.809845481067896 305152
1783702134529 6.809562139213085 307200
1783702144249 6.815920006483793 309248
1783702154103 6.820097394287586 311296
1783702163857 6.823368705809116 313344
1783702173836 6.831275891512632 315392
1783702183531 6.835157930850983 317440
1783702193575 6.841531217098236 319488
1783702203115 6.851906176656485 321536
1783702213082 6.866678051650524 323584
1783702222561 6.8736387230455875 325632
1783702232381 6.872710809111595 327680
1783702242024 6.881614465266466 329728
1783702251869 6.891187321394682 331776
1783702260150 6.902070790529251 333824
1783702262418 6.911445628851652 335872
1783702263573 6.920845113694668 337920
1783702268437 6.929115917533636 339968
1783702275160 6.92015602812171 342016
1783702284696 6.902215804904699 344064
1783702293807 6.890465077012777 346112
1783702303274 6.888717748224735 348160
1783702312069 6.886647254228592 350208
1783702321621 6.886510547250509 352256
1783702330755 6.89153865724802 354304
1783702340127 6.894930750131607 356352
1783702349138 6.896798472851515 358400
1783702358635 6.8976979702711105 360448
1783702367708 6.8979261592030525 362496
1783702377072 6.896593227982521 364544
1783702386308 6.901884779334068 366592
1783702395921 6.900830373167992 368640
1783702405291 6.894653759896755 370688
1783702414904 6.889068827033043 372736
1783702424179 6.890510052442551 374784
1783702433594 6.891843862831593 376832
1783702442883 6.898618016391993 378880
1783702452743 6.908767879009247 380928
1783702461969 6.912078637629747 382976
1783702471778 6.921450350433588 385024
1783702480928 6.927835572510958 387072
1783702490697 6.928908292204142 389120
1783702500238 6.935085374861956 391168
1783702510339 6.94221169129014 393216
1783702519992 6.949845463037491 395264
1783702530291 6.953934192657471 397312
1783702539852 6.959169924259186 399360
1783702550017 6.970690976828337 401408
1783702559841 6.977598916739225 403456
1783702569509 6.974914077669382 405504
1783702579216 6.97668444737792 407552
1783702589388 6.976176247000694 409600
1783702591590 6.976564817130566 411648
1783702597554 6.974221237003803 413696
1783702600742 6.981167454272509 415744
1783702601865 6.992428317666054 417792
1783702602977 6.993877165019512 419840
1783702604196 6.996758922934532 421888
1783702605312 6.99901807308197 423936
1783702606471 7.00464154779911 425984
1783702607527 7.013412769883871 428032
1783702608600 7.016498003154993 430080
1783702616407 7.01604226231575 432128
1783702625145 7.015737529844046 434176
1783702634794 7.0180072002112865 436224
1783702644999 7.019635263830423 438272
1783702654481 7.020339243113995 440320
1783702663330 7.014389093965292 442368
1783702672128 7.01104849204421 444416
1783702680927 7.009143717586994 446464
1783702689386 7.017473895102739 448512
1783702697992 7.016427759081125 450560
1783702706764 7.008880540728569 452608
1783702715621 7.003397945314646 454656
1783702724751 6.996813904494047 456704
1783702734865 6.9965194165706635 458752
1783702743896 7.003225922584534 460800
1783702753322 7.0057685151696205 462848
1783702762290 7.006167192012072 464896
1783702771745 7.013266362249851 466944
1783702780835 7.017068479210138 468992
1783702790433 7.023412935435772 471040
1783702799387 7.024783089756966 473088
1783702809057 7.025691330432892 475136
1783702818305 7.025897145271301 477184
1783702827929 7.022322598844767 479232
1783702836858 7.026157479733229 481280
1783702846468 7.033301517367363 483328
1783702855425 7.036783877760172 485376
1783702865013 7.035711880773306 487424
1783702874352 7.04044857993722 489472
1783702883900 7.044607602059841 491520
1783702893398 7.042965043336153 493568
1783702903174 7.048414044082165 495616
1783702912789 7.050722409039736 497664
1783702922414 7.05369520932436 499712
1783702931838 7.0553822964429855 501760
1783702941630 7.060810849070549 503808
1783702950899 7.058588154613972 505856
1783702960495 7.057066109031439 507904
1783702969931 7.058187320828438 509952
1783702979647 7.054384768009186 512000
1783702989380 7.053887270390987 514048
1783702999454 7.059118811041117 516096
1783703009276 7.0621123649179935 518144
1783703019494 7.0605186223983765 520192
1783703029143 7.060288053005934 522240
1783703039144 7.065168086439371 524288
1783703045394 7.073894318193197 526336
1783703046541 7.075707983225584 528384
1783703047770 7.07941522076726 530432
1783703055716 7.08289847895503 532480
1783703065222 7.0879926308989525 534528
1783703075233 7.091045666486025 536576
1783703084822 7.094525348395109 538624
1783703095019 7.099638853222132 540672
1783703104761 7.103251628577709 542720
1783703114778 7.10948483645916 544768
1783703124522 7.112085431814194 546816
1783703134387 7.112922679632902 548864
1783703144159 7.116145431995392 550912
1783703153947 7.12204173207283 552960
1783703163888 7.127779100090265 555008
1783703173889 7.129544597119093 557056
1783703183430 7.135025359690189 559104
1783703193347 7.144184835255146 561152
1783703203056 7.148216892033815 563200
1783703213118 7.152493890374899 565248
1783703222846 7.154107183218002 567296
1783703232330 7.150873329490423 569344
1783703241435 7.148977126926184 571392
1783703250819 7.148833781480789 573440
1783703259799 7.149944011121988 575488
1783703269221 7.151784166693687 577536
1783703278289 7.15601821243763 579584
1783703287753 7.159367460757494 581632
1783703296548 7.162074539810419 583680
1783703305997 7.1640086099505424 585728
1783703315005 7.1657003946602345 587776
1783703324134 7.16746973618865 589824
1783703333264 7.170903135091066 591872
1783703342900 7.165512677282095 593920
1783703352472 7.15984370931983 595968
1783703362503 7.161888919770718 598016
1783703372139 7.1651268899440765 600064
1783703381731 7.169828865677118 602112
1783703391158 7.173937804996967 604160
1783703401017 7.175759620964527 606208
1783703410266 7.180100616067648 608256
1783703420026 7.1861107759177685 610304
1783703429369 7.1942908726632595 612352
1783703439209 7.203502751886845 614400
1783703448755 7.207479391247034 616448
1783703458437 7.206758767366409 618496
1783703468094 7.202475734055042 620544
1783703478091 7.202148210257292 622592
1783703487759 7.201555367559195 624640
1783703497819 7.201417949050665 626688
1783703507660 7.204926453530788 628736
1783703517577 7.207100559026003 630784
1783703527067 7.209949776530266 632832
1783703537016 7.2131728902459145 634880
1783703546623 7.215133689343929 636928
1783703556739 7.218028798699379 638976
1783703566548 7.219250146299601 641024
1783703576494 7.2183804623782635 643072
1783703586299 7.217293467372656 645120
1783703596313 7.220024045556784 647168
1783703606179 7.219610653817654 649216
1783703616276 7.217115893959999 651264
1783703626077 7.217819016426802 653312
1783703636312 7.220110077410936 655360
1783703646047 7.220402628183365 657408
1783703656054 7.220675431191921 659456
1783703665759 7.222002509981394 661504
1783703675831 7.22411560639739 663552
1783703685653 7.229943219572306 665600
1783703691922 7.232452739030123 667648
1783703693084 7.233379382640123 669696
1783703694336 7.234469503164291 671744
1783703695589 7.234688252210617 673792
1783703698045 7.233884811401367 675840
1783703705956 7.23651659488678 677888
1783703714792 7.2379026263952255 679936
1783703724406 7.240177139639854 681984
1783703733659 7.2433846443891525 684032
1783703743055 7.247584942728281 686080
1783703752614 7.252412933856249 688128
1783703761945 7.255430083721876 690176
1783703771615 7.255329351872206 692224
1783703780805 7.2549046240746975 694272
1783703790202 7.254026677459478 696320
1783703799393 7.2529335133731365 698368
1783703808757 7.25047243386507 700416
1783703817800 7.248181201517582 702464
1783703827459 7.2501463405787945 704512
1783703836821 7.253625798970461 706560
1783703846485 7.253265656530857 708608
1783703857059 7.254670541733503 710656
1783703863550 7.257112570106983 712704
1783703872444 7.259131886065006 714752
1783703881771 7.260347161442041 716800
1783703890912 7.263069648295641 718848
1783703900732 7.267357558012009 720896
1783703910229 7.267869621515274 722944
1783703920071 7.2646112740039825 724992
1783703929426 7.267446450889111 727040
1783703939256 7.271360106766224 729088
1783703948885 7.270965546369553 731136
1783703958879 7.267335701733828 733184
1783703968498 7.269436445087194 735232
1783703978199 7.273832801729441 737280
1783703987781 7.276649534702301 739328
1783703997705 7.2785602658987045 741376
1783704007469 7.281179692596197 743424
1783704017668 7.28280334174633 745472
1783704027289 7.285413544625044 747520
1783704037230 7.287509109824896 749568
1783704046786 7.2860879600048065 751616
1783704056817 7.287913113832474 753664
1783704066455 7.288956698030233 755712
1783704076354 7.286600984632969 757760
1783704085737 7.284161791205406 759808
1783704095728 7.2847442999482155 761856
1783704105221 7.2867619805037975 763904
1783704115136 7.286404807120562 765952
1783704124803 7.282430376857519 768000
1783704134828 7.27968605607748 770048
1783704144535 7.279415585100651 772096
1783704154363 7.27740528434515 774144
1783704163867 7.27904712036252 776192
1783704171364 7.2783327884972095 778240
1783704180223 7.2788983806967735 780288
1783704188788 7.279649659991264 782336
1783704197370 7.282158251851797 784384
1783704205863 7.285588838160038 786432
1783704214235 7.288276448845863 788480
1783704222823 7.2882822304964066 790528
1783704231258 7.288334436714649 792576
1783704239754 7.290211491286755 794624
1783704248266 7.2943857200443745 796672
1783704256820 7.296544559299946 798720
1783704264619 7.298438705503941 800768
1783704273021 7.2981248907744884 802816
1783704281434 7.298480112105608 804864
1783704289981 7.298861056566238 806912
1783704298910 7.298831466585398 808960
1783704308089 7.299246847629547 811008
1783704317666 7.2991590313613415 813056
1783704327188 7.2994351498782635 815104
1783704336884 7.29959013313055 817152
1783704346285 7.299304723739624 819200
1783704356042 7.298748183995485 821248
1783704365523 7.29926174134016 823296
1783704375368 7.300304744392633 825344
1783704384808 7.300676140934229 827392
1783704394658 7.30115308240056 829440
1783704404094 7.302180968225002 831488
1783704413848 7.304561581462622 833536
1783704423427 7.30776060000062 835584
1783704430851 7.306564129889011 837632
1783704436105 7.3067931942641735 839680
1783704446304 7.305979307740927 841728
1783704456147 7.3040047362446785 843776
1783704466216 7.305160406976938 845824
1783704475622 7.3074398301541805 847872
1783704485248 7.307845279574394 849920
1783704494864 7.306057184934616 851968
1783704504774 7.30604936927557 854016
1783704514552 7.306669518351555 856064
1783704523956 7.307183153927326 858112
1783704533808 7.307938676327467 860160
1783704543849 7.309341989457607 862208
1783704553769 7.309724036604166 864256
1783704562718 7.310712892562151 866304
1783704564176 7.310799978673458 868352
1783704565345 7.3108834736049175 870400
1783704566546 7.3114086501300335 872448
1783704567815 7.312601923942566 874496
1783704574514 7.314594678580761 876544
1783704580244 7.315639898180962 878592
1783704589549 7.315797861665487 880640
1783704598635 7.3161196783185005 882688
1783704606047 7.316693123430014 884736
1783704615377 7.316447988152504 886784
1783704624635 7.3165052607655525 888832
1783704634634 7.317935239523649 890880
1783704644486 7.31976406276226 892928
1783704654311 7.319406904280186 894976
1783704663549 7.318772099912167 897024
1783704670421 7.319870863109827 899072
1783704671533 7.320220705121756 901120
1783704672767 7.3187526278197765 903168
1783704674109 7.316524479538202 905216
1783704675497 7.3153321743011475 907264
1783704682725 7.314569387584925 909312
1783704688208 7.314535856246948 911360
1783704694959 7.3142362125217915 913408
1783704702677 7.31369249150157 915456
1783704708925 7.314356815069914 917504
1783704717573 7.314731914550066 919552
1783704726608 7.3150101490318775 921600
1783704739203 7.315698746591806 923648
1783704748286 7.316548004746437 925696
1783704757501 7.317205306142569 927744
1783704766349 7.318124372512102 929792
1783704775600 7.3179786168038845 931840
1783704784727 7.317626778036356 933888
1783704794226 7.317476738244295 935936
1783704803454 7.31733987852931 937984
1783704812885 7.317741010338068 940032
1783704822268 7.318123992532492 942080
1783704832184 7.318641472607851 944128
1783704841230 7.318746849894524 946176
1783704850768 7.31852462887764 948224
1783704860262 7.318465776741505 950272
1783704869916 7.318529471755028 952320
1783704879446 7.31834551692009 954368
1783704889187 7.318542826920748 956416
1783704898320 7.31879199296236 958464
1783704908262 7.318837139755487 960512
1783704918132 7.318887755274773 962560
1783704927878 7.318555165082216 964608
1783704937607 7.317957058548927 966656
1783704947527 7.317944534122944 968704
1783704957205 7.317851349711418 970752
1783704966995 7.317836161702871 972800
1783704976529 7.318168580532074 974848
1783704985973 7.318129736930132 976896
1783704995637 7.318339541554451 978944
1783705005471 7.318472471088171 980992
1783705015031 7.318526450544596 983040
1783705024796 7.318557392805815 985088
1783705034193 7.318618647754192 987136
1783705043361 7.318712245672941 989184
1783705052709 7.318807329982519 991232
1783705062360 7.318848937749863 993280
1783705071817 7.318873938173056 995328
1783705081393 7.318865321576595 997376
1783705090770 7.318858738988638 999424
1783705093414 7.318859100341797 1000000
