1783700967082 227.0 2048
1783700976016 228.0 4096
1783700984817 229.0 6144
1783700993717 229.0 8192
1783701002652 229.0 10240
1783701011592 229.0 12288
1783701020597 229.0 14336
1783701029747 228.0 16384
1783701038768 228.0 18432
1783701047856 228.0 20480
1783701056592 228.0 22528
1783701065496 228.0 24576
1783701074346 228.0 26624
1783701083282 228.0 28672
1783701092193 229.0 30720
1783701101365 228.0 32768
1783701110305 228.0 34816
1783701119142 228.0 36864
1783701128227 228.0 38912
1783701137160 228.0 40960
1783701145922 228.0 43008
1783701154765 229.0 45056
1783701163794 228.0 47104
1783701172818 228.0 49152
1783701182500 228.0 51200
1783701192771 226.0 53248
1783701202490 226.0 55296
1783701212327 225.0 57344
1783701221957 225.0 59392
1783701226401 228.0 61440
1783701227543 235.0 63488
1783701228757 242.0 65536
1783701229844 248.0 67584
1783701231028 255.0 69632
1783701232148 261.0 71680
1783701233271 267.0 73728
1783701234438 274.0 75776
1783701235689 280.0 77824
1783701236905 286.0 79872
1783701238146 292.0 81920
1783701243409 294.0 83968
1783701247301 297.0 86016
1783701253146 298.0 88064
1783701263340 295.0 90112
1783701273279 292.0 92160
1783701283488 289.0 94208
1783701293078 287.0 96256
1783701302553 285.0 98304
1783701311700 283.0 100352
1783701321297 281.0 102400
1783701330526 280.0 104448
1783701340283 278.0 106496
1783701349961 276.0 108544
1783701359542 275.0 110592
1783701368570 274.0 112640
1783701378040 273.0 114688
1783701387367 271.0 116736
1783701396885 270.0 118784
1783701406043 269.0 120832
1783701415641 268.0 122880
1783701424603 267.0 124928
1783701434147 266.0 126976
1783701436409 269.0 129024
1783701437514 273.0 131072
1783701438956 276.0 133120
1783701440342 280.0 135168
1783701441817 283.0 137216
1783701443059 287.0 139264
1783701444387 290.0 141312
1783701445826 293.0 143360
1783701447382 297.0 145408
1783701448904 300.0 147456
1783701455398 300.0 149504
1783701462558 300.0 151552
1783701471932 298.0 153600
1783701481605 297.0 155648
1783701491385 295.0 157696
1783701500850 294.0 159744
1783701510934 292.0 161792
1783701520417 291.0 163840
1783701530427 289.0 165888
1783701539925 288.0 167936
1783701548887 287.0 169984
1783701556197 287.0 172032
1783701565299 286.0 174080
1783701574189 285.0 176128
1783701582897 285.0 178176
1783701591749 284.0 180224
1783701600773 283.0 182272
1783701610046 282.0 184320
1783701619228 281.0 186368
1783701626661 281.0 188416
1783701635839 281.0 190464
1783701644594 280.0 192512
1783701653266 279.0 194560
1783701662169 279.0 196608
1783701671383 278.0 198656
1783701680752 277.0 200704
1783701691057 276.0 202752
1783701700562 275.0 204800
1783701710528 274.0 206848
1783701720417 274.0 208896
1783701730561 273.0 210944
1783701739790 272.0 212992
1783701750050 271.0 215040
1783701759638 270.0 217088
1783701769721 269.0 219136
1783701779564 269.0 221184
1783701789081 268.0 223232
1783701797981 268.0 225280
1783701807298 267.0 227328
1783701816543 267.0 229376
1783701826147 266.0 231424
1783701835175 266.0 233472
1783701844618 265.0 235520
1783701845879 267.0 237568
1783701847022 269.0 239616
1783701848202 271.0 241664
1783701849508 273.0 243712
1783701850755 275.0 245760
1783701853803 276.0 247808
1783701861640 276.0 249856
1783701870828 275.0 251904
1783701880240 275.0 253952
1783701889498 274.0 256000
1783701899256 274.0 258048
1783701908578 273.0 260096
1783701918570 272.0 262144
1783701927970 272.0 264192
1783701937899 271.0 266240
1783701947375 271.0 268288
1783701957256 270.0 270336
1783701966806 270.0 272384
1783701976681 269.0 274432
1783701986056 268.0 276480
1783701995982 268.0 278528
1783702005433 267.0 280576
1783702015289 267.0 282624
1783702024862 266.0 284672
1783702035096 266.0 286720
1783702044839 265.0 288768
1783702054951 265.0 290816
1783702064911 264.0 292864
1783702074929 264.0 294912
1783702084778 263.0 296960
1783702094943 263.0 299008
1783702104579 262.0 301056
1783702114823 262.0 303104
1783702124292 261.0 305152
1783702134529 261.0 307200
1783702144249 260.0 309248
1783702154103 260.0 311296
1783702163857 259.0 313344
1783702173836 259.0 315392
1783702183531 259.0 317440
1783702193575 258.0 319488
1783702203115 258.0 321536
1783702213082 257.0 323584
1783702222561 257.0 325632
1783702232381 257.0 327680
1783702242024 256.0 329728
1783702251869 256.0 331776
1783702260150 256.0 333824
1783702262418 257.0 335872
1783702263573 258.0 337920
1783702268437 259.0 339968
1783702275160 259.0 342016
1783702284696 259.0 344064
1783702293807 259.0 346112
1783702303274 258.0 348160
1783702312069 258.0 350208
1783702321621 258.0 352256
1783702330755 258.0 354304
1783702340127 257.0 356352
1783702349138 257.0 358400
1783702358635 257.0 360448
1783702367708 257.0 362496
1783702377072 256.0 364544
1783702386308 256.0 366592
1783702395921 256.0 368640
1783702405291 256.0 370688
1783702414904 255.0 372736
1783702424179 255.0 374784
1783702433594 255.0 376832
1783702442883 255.0 378880
1783702452743 254.0 380928
1783702461969 254.0 382976
1783702471778 254.0 385024
1783702480928 254.0 387072
1783702490697 253.0 389120
1783702500238 253.0 391168
1783702510339 253.0 393216
1783702519992 253.0 395264
1783702530291 252.0 397312
1783702539852 252.0 399360
1783702550017 252.0 401408
1783702559841 251.0 403456
1783702569509 251.0 405504
1783702579216 251.0 407552
1783702589388 251.0 409600
1783702591590 252.0 411648
1783702597554 252.0 413696
1783702600742 253.0 415744
1783702601865 254.0 417792
1783702602977 255.0 419840
1783702604196 256.0 421888
1783702605312 257.0 423936
1783702606471 258.0 425984
1783702607527 259.0 428032
1783702608600 260.0 430080
1783702616407 260.0 432128
1783702625145 260.0 434176
1783702634794 260.0 436224
1783702644999 259.0 438272
1783702654481 259.0 440320
1783702663330 259.0 442368
1783702672128 259.0 444416
1783702680927 259.0 446464
1783702689386 259.0 448512
1783702697992 258.0 450560
1783702706764 258.0 452608
1783702715621 258.0 454656
1783702724751 258.0 456704
1783702734865 258.0 458752
1783702743896 258.0 460800
1783702753322 257.0 462848
1783702762290 257.0 464896
1783702771745 257.0 466944
1783702780835 257.0 468992
1783702790433 257.0 471040
1783702799387 256.0 473088
1783702809057 256.0 475136
1783702818305 256.0 477184
1783702827929 256.0 479232
1783702836858 256.0 481280
1783702846468 255.0 483328
1783702855425 255.0 485376
1783702865013 255.0 487424
1783702874352 255.0 489472
1783702883900 255.0 491520
1783702893398 255.0 493568
1783702903174 254.0 495616
1783702912789 254.0 497664
1783702922414 254.0 499712
1783702931838 254.0 501760
1783702941630 253.0 503808
1783702950899 253.0 505856
1783702960495 253.0 507904
1783702969931 253.0 509952
1783702979647 253.0 512000
1783702989380 253.0 514048
1783702999454 252.0 516096
1783703009276 252.0 518144
1783703019494 252.0 520192
1783703029143 252.0 522240
1783703039144 251.0 524288
1783703045394 252.0 526336
1783703046541 253.0 528384
1783703047770 253.0 530432
1783703055716 253.0 532480
1783703065222 253.0 534528
1783703075233 253.0 536576
1783703084822 253.0 538624
1783703095019 253.0 540672
1783703104761 252.0 542720
1783703114778 252.0 544768
1783703124522 252.0 546816
1783703134387 252.0 548864
1783703144159 252.0 550912
1783703153947 251.0 552960
1783703163888 251.0 555008
1783703173889 251.0 557056
1783703183430 251.0 559104
1783703193347 251.0 561152
1783703203056 250.0 563200
1783703213118 250.0 565248
1783703222846 250.0 567296
1783703232330 250.0 569344
1783703241435 250.0 571392
1783703250819 250.0 573440
1783703259799 250.0 575488
1783703269221 249.0 577536
1783703278289 249.0 579584
1783703287753 249.0 581632
1783703296548 249.0 583680
1783703305997 249.0 585728
1783703315005 249.0 587776
1783703324134 249.0 589824
1783703333264 249.0 591872
1783703342900 249.0 593920
1783703352472 248.0 595968
1783703362503 248.0 598016
1783703372139 248.0 600064
1783703381731 248.0 602112
1783703391158 248.0 604160
1783703401017 248.0 606208
1783703410266 248.0 608256
1783703420026 247.0 610304
1783703429369 247.0 612352
1783703439209 247.0 614400
1783703448755 247.0 616448
1783703458437 247.0 618496
1783703468094 247.0 620544
1783703478091 247.0 622592
1783703487759 246.0 624640
1783703497819 246.0 626688
1783703507660 246.0 628736
1783703517577 246.0 630784
1783703527067 246.0 632832
1783703537016 246.0 634880
1783703546623 246.0 636928
1783703556739 245.0 638976
1783703566548 245.0 641024
1783703576494 245.0 643072
1783703586299 245.0 645120
1783703596313 245.0 647168
1783703606179 245.0 649216
1783703616276 245.0 651264
1783703626077 244.0 653312
1783703636312 244.0 655360
1783703646047 244.0 657408
1783703656054 244.0 659456
1783703665759 244.0 661504
1783703675831 244.0 663552
1783703685653 244.0 665600
1783703691922 244.0 667648
1783703693084 244.0 669696
1783703694336 245.0 671744
1783703695589 246.0 673792
1783703698045 246.0 675840
1783703705956 246.0 677888
1783703714792 246.0 679936
1783703724406 246.0 681984
1783703733659 246.0 684032
1783703743055 246.0 686080
1783703752614 246.0 688128
1783703761945 246.0 690176
1783703771615 246.0 692224
1783703780805 245.0 694272
1783703790202 245.0 696320
1783703799393 245.0 698368
1783703808757 245.0 700416
1783703817800 245.0 702464
1783703827459 245.0 704512
1783703836821 245.0 706560
1783703846485 245.0 708608
1783703857059 245.0 710656
1783703863550 245.0 712704
1783703872444 245.0 714752
1783703881771 245.0 716800
1783703890912 245.0 718848
1783703900732 244.0 720896
1783703910229 244.0 722944
1783703920071 244.0 724992
1783703929426 244.0 727040
1783703939256 244.0 729088
1783703948885 244.0 731136
1783703958879 244.0 733184
1783703968498 244.0 735232
1783703978199 244.0 737280
1783703987781 244.0 739328
1783703997705 243.0 741376
1783704007469 243.0 743424
1783704017668 243.0 745472
1783704027289 243.0 747520
1783704037230 243.0 749568
1783704046786 243.0 751616
1783704056817 243.0 753664
1783704066455 243.0 755712
1783704076354 243.0 757760
1783704085737 242.0 759808
1783704095728 242.0 761856
1783704105221 242.0 763904
1783704115136 242.0 765952
1783704124803 242.0 768000
1783704134828 242.0 770048
1783704144535 242.0 772096
1783704154363 242.0 774144
1783704163867 242.0 776192
1783704171364 242.0 778240
1783704180223 242.0 780288
1783704188788 242.0 782336
1783704197370 242.0 784384
1783704205863 242.0 786432
1783704214235 242.0 788480
1783704222823 242.0 790528
1783704231258 242.0 792576
1783704239754 242.0 794624
1783704248266 242.0 796672
1783704256820 242.0 798720
1783704264619 242.0 800768
1783704273021 242.0 802816
1783704281434 242.0 804864
1783704289981 242.0 806912
1783704298910 242.0 808960
1783704308089 242.0 811008
1783704317666 242.0 813056
1783704327188 241.0 815104
1783704336884 241.0 817152
1783704346285 241.0 819200
1783704356042 241.0 821248
1783704365523 241.0 823296
1783704375368 241.0 825344
1783704384808 241.0 827392
1783704394658 241.0 829440
1783704404094 241.0 831488
1783704413848 241.0 833536
1783704423427 241.0 835584
1783704430851 241.0 837632
1783704436105 241.0 839680
1783704446304 241.0 841728
1783704456147 241.0 843776
1783704466216 241.0 845824
1783704475622 241.0 847872
1783704485248 240.0 849920
1783704494864 240.0 851968
1783704504774 240.0 854016
1783704514552 240.0 856064
1783704523956 240.0 858112
1783704533808 240.0 860160
1783704543849 240.0 862208
1783704553769 240.0 864256
1783704562718 240.0 866304
1783704564176 240.0 868352
1783704565345 241.0 870400
1783704566546 241.0 872448
1783704567815 242.0 874496
1783704574514 242.0 876544
1783704580244 242.0 878592
1783704589549 242.0 880640
1783704598635 242.0 882688
1783704606047 242.0 884736
1783704615377 242.0 886784
1783704624635 242.0 888832
1783704634634 242.0 890880
1783704644486 242.0 892928
1783704654311 242.0 894976
1783704663549 242.0 897024
1783704670421 242.0 899072
1783704671533 242.0 901120
1783704672767 243.0 903168
1783704674109 243.0 905216
1783704675497 244.0 907264
1783704682725 244.0 909312
1783704688208 244.0 911360
1783704694959 244.0 913408
1783704702677 244.0 915456
1783704708925 244.0 917504
1783704717573 244.0 919552
1783704726608 244.0 921600
1783704739203 244.0 923648
1783704748286 244.0 925696
1783704757501 244.0 927744
1783704766349 244.0 929792
1783704775600 244.0 931840
1783704784727 244.0 933888
1783704794226 243.0 935936
1783704803454 243.0 937984
1783704812885 243.0 940032
1783704822268 243.0 942080
1783704832184 243.0 944128
1783704841230 243.0 946176
1783704850768 243.0 948224
1783704860262 243.0 950272
1783704869916 243.0 952320
1783704879446 243.0 954368
1783704889187 243.0 956416
1783704898320 243.0 958464
1783704908262 243.0 960512
1783704918132 243.0 962560
1783704927878 242.0 964608
1783704937607 242.0 966656
1783704947527 242.0 968704
1783704957205 242.0 970752
1783704966995 242.0 972800
1783704976529 242.0 974848
1783704985973 242.0 976896
1783704995637 242.0 978944
1783705005471 242.0 980992
1783705015031 242.0 983040
1783705024796 242.0 985088
1783705034193 242.0 987136
1783705043361 242.0 989184
1783705052709 242.0 991232
1783705062360 242.0 993280
1783705071817 241.0 995328
1783705081393 241.0 997376
1783705090770 241.0 999424
1783705093414 241.0 1000000
