1783700967082 -0.011269592916505644 2048
1783700976016 -0.008916911738197086 4096
1783700984817 -0.00564879095145443 6144
1783700993717 -0.007751783021376468 8192
1783701002652 -0.004114527484489372 10240
1783701011592 -0.004727994473796571 12288
1783701020597 -0.005234835687588202 14336
1783701029747 -0.005622956330626039 16384
1783701038768 -0.007098128087818623 18432
1783701047856 -0.002056895405985415 20480
1783701056592 -0.004587588940921705 22528
1783701065496 -0.007690693259064574 24576
1783701074346 -0.007970804657816188 26624
1783701083282 -0.004354358359705657 28672
1783701092193 -0.0015847793511056807 30720
1783701101365 -0.0035901645860576537 32768
1783701110305 -0.004839947732762084 34816
1783701119142 -0.006271085352636874 36864
1783701128227 -0.0043380126044212375 38912
1783701137160 -0.003942100243875757 40960
1783701145922 -0.003816220787484781 43008
1783701154765 -0.0049886930792126805 45056
1783701163794 -0.004778515190992039 47104
1783701172818 -0.003937751116609434 49152
1783701182500 -0.005728646894567646 51200
1783701192771 -0.005491522344527766 53248
1783701202490 -0.00524201248481404 55296
1783701212327 -0.002744727233221056 57344
1783701221957 -0.00841785635202541 59392
1783701226401 -0.004250895442964975 61440
1783701227543 -0.0040849358920240775 63488
1783701228757 -0.0028509884541563224 65536
1783701229844 -0.0037424652837216854 67584
1783701231028 -0.003789454382058466 69632
1783701232148 -0.005876721477761748 71680
1783701233271 -0.004444661684829043 73728
1783701234438 -0.0030683636796311475 75776
1783701235689 -0.007400655227684183 77824
1783701236905 -0.004148923504544655 79872
1783701238146 -0.006053481865819776 81920
1783701243409 -0.005842502469022293 83968
1783701247301 -0.002482929212419549 86016
1783701253146 -0.006618415227421792 88064
1783701263340 -0.002753357504843734 90112
1783701273279 -0.0032266176349367015 92160
1783701283488 -0.0037039645976619795 94208
1783701293078 -0.005448556010378525 96256
1783701302553 -0.003601105014240602 98304
1783701311700 -0.0058082186442334205 100352
1783701321297 -0.0035364808099984657 102400
1783701330526 -0.00638355790215428 104448
1783701340283 -0.009701987662992906 106496
1783701349961 -0.004404066305141896 108544
1783701359542 -0.0028777621628250927 110592
1783701368570 -0.005078306256109499 112640
1783701378040 -0.00563995574702858 114688
1783701387367 -0.0052375732266227715 116736
1783701396885 -0.002340088631171966 118784
1783701406043 -0.0022524061296280706 120832
1783701415641 -0.006861058602225967 122880
1783701424603 -0.005109808676934335 124928
1783701434147 -0.0065074019294115715 126976
1783701436409 -0.006163756326714065 129024
1783701437514 -0.007194850553787546 131072
1783701438956 -0.004049324066727422 133120
1783701440342 -0.007390272159682354 135168
1783701441817 -0.005027076353144366 137216
1783701443059 -0.0010362218581576599 139264
1783701444387 -0.00545762507681502 141312
1783701445826 -0.0018912455761892488 143360
1783701447382 -0.002024703200731892 145408
1783701448904 -0.0027999599969916744 147456
1783701455398 -0.0018007052640314214 149504
1783701462558 -0.005319789252098417 151552
1783701471932 -0.0031270543877326418 153600
1783701481605 -0.0056346003293583635 155648
1783701491385 -0.0032848341288627125 157696
1783701500850 -0.0055746103171259165 159744
1783701510934 -0.005707883879949804 161792
1783701520417 -0.006150886263640132 163840
1783701530427 -0.005870248231076403 165888
1783701539925 -0.0036122860401519574 167936
1783701548887 -0.004062568877998274 169984
1783701556197 -0.009272837622120278 172032
1783701565299 -0.0049015574495570036 174080
1783701574189 -0.004467900907911826 176128
1783701582897 -0.0020364315205370076 178176
1783701591749 -0.003336189911351539 180224
1783701600773 -0.004406252319313353 182272
1783701610046 -0.007811076131474692 184320
1783701619228 -0.005692290302249603 186368
1783701626661 -0.008191638884454733 188416
1783701635839 -0.006700057532725623 190464
1783701644594 -0.0025067297428904567 192512
1783701653266 -0.005332639586413279 194560
1783701662169 -0.006864938564831391 196608
1783701671383 -0.0037098252796567976 198656
1783701680752 -0.005312893528753193 200704
1783701691057 -0.001803600065613864 202752
1783701700562 -0.0021905009489273652 204800
1783701710528 -0.00497488291512127 206848
1783701720417 -0.0027243691474723164 208896
1783701730561 -0.005664287829858949 210944
1783701739790 -0.006916869155247696 212992
1783701750050 -0.0022237210505409166 215040
1783701759638 -0.006726214796799468 217088
1783701769721 -0.004666125587391434 219136
1783701779564 -0.0025047136150533333 221184
1783701789081 -0.006745967202732572 223232
1783701797981 -0.005260941175947664 225280
1783701807298 -0.0046674522855028044 227328
1783701816543 -0.004399451270728605 229376
1783701826147 -0.0032877923476917204 231424
1783701835175 -0.0025372576419613324 233472
1783701844618 -0.004938616530125728 235520
1783701845879 -0.005210057392105227 237568
1783701847022 -0.00777029019445763 239616
1783701848202 -0.0016562399760005064 241664
1783701849508 -0.003673920225992333 243712
1783701850755 -0.0056986406962096225 245760
1783701853803 -0.006868685687550169 247808
1783701861640 -0.005668831745424541 249856
1783701870828 -0.004550356879917672 251904
1783701880240 -0.004943272662785603 253952
1783701889498 -0.003773348549657385 256000
1783701899256 -0.00180296730104601 258048
1783701908578 -0.006053803394024726 260096
1783701918570 -0.004846491981879808 262144
1783701927970 -0.00450498374630115 264192
1783701937899 -0.00542539480375126 266240
1783701947375 -0.005392129451138317 268288
1783701957256 -0.003382938743015984 270336
1783701966806 -0.004040165276819607 272384
1783701976681 -0.006498766328149941 274432
1783701986056 -0.007023719772405457 276480
1783701995982 -0.006537874134664889 278528
1783702005433 -0.0063164215098368 280576
1783702015289 -0.007493113720556721 282624
1783702024862 -0.003787524281506194 284672
1783702035096 -0.0040333799697691575 286720
1783702044839 -0.006680203565338161 288768
1783702054951 -0.003858779189613415 290816
1783702064911 -0.003725401678821072 292864
1783702074929 -0.0039038000850268872 294912
1783702084778 -0.004481511674384819 296960
1783702094943 -0.006212946900632232 299008
1783702104579 -0.0020142482135270257 301056
1783702114823 -0.005242723198534804 303104
1783702124292 -0.0036123059326200746 305152
1783702134529 -0.0058414759805600625 307200
1783702144249 -0.005967039636743721 309248
1783702154103 -0.004148133617491112 311296
1783702163857 -0.007026036371826194 313344
1783702173836 -0.004026662241813028 315392
1783702183531 -0.000947977983742021 317440
1783702193575 -0.005789685274066869 319488
1783702203115 -0.004468410821573343 321536
1783702213082 -0.003069505502935499 323584
1783702222561 -0.003246357293392066 325632
1783702232381 -0.003685553394461749 327680
1783702242024 -0.003595210440835217 329728
1783702251869 -0.006989630204770947 331776
1783702260150 -0.002186169707783847 333824
1783702262418 -0.004742070268548559 335872
1783702263573 -0.0042331608456152026 337920
1783702268437 -0.002690768313186709 339968
1783702275160 -0.004478459548408864 342016
1783702284696 -0.007080484690959565 344064
1783702293807 -0.0036633837335102726 346112
1783702303274 -0.0025018453707161825 348160
1783702312069 -0.0076416180963860825 350208
1783702321621 -0.006460923665144946 352256
1783702330755 -0.004914804518193705 354304
1783702340127 -0.005022766283218516 356352
1783702349138 -0.004675499068980571 358400
1783702358635 -0.002682173751964001 360448
1783702367708 -0.0030011055896466132 362496
1783702377072 -0.005903927536564879 364544
1783702386308 -0.002698905525903683 366592
1783702395921 -0.00589960654542665 368640
1783702405291 -0.008314177048305282 370688
1783702414904 -0.006164738475490594 372736
1783702424179 -0.0072490627426304854 374784
1783702433594 -0.0024265972060675267 376832
1783702442883 -0.002303316396137234 378880
1783702452743 -0.0040855648076103535 380928
1783702461969 -0.004267515781975817 382976
1783702471778 -0.0058659800906752935 385024
1783702480928 -0.006020698976499261 387072
1783702490697 -0.0023149699991336092 389120
1783702500238 -0.0049428521961090155 391168
1783702510339 -0.0037798293014930096 393216
1783702519992 -0.0029451891605276614 395264
1783702530291 -0.003031546453712508 397312
1783702539852 -0.004073201942446758 399360
1783702550017 -0.005231787883531069 401408
1783702559841 -0.0059411581241874956 403456
1783702569509 -0.004312344448408112 405504
1783702579216 -0.0018763027583190706 407552
1783702589388 -0.003795662625634577 409600
1783702591590 -0.006625107140280306 411648
1783702597554 -0.00700001115546911 413696
1783702600742 -0.002555039853177732 415744
1783702601865 -0.00675616906301002 417792
1783702602977 -0.006907764003699413 419840
1783702604196 -0.003026995218533557 421888
1783702605312 -0.004484008066356182 423936
1783702606471 -0.0034470162499928847 425984
1783702607527 -0.00221304346814577 428032
1783702608600 -0.005027505409088917 430080
1783702616407 -0.003194632510712836 432128
1783702625145 -0.003044445038540289 434176
1783702634794 -0.004649231148505351 436224
1783702644999 -0.006009962740790797 438272
1783702654481 -0.00344297209448996 440320
1783702663330 -0.0041240233222197276 442368
1783702672128 -0.007347491322434507 444416
1783702680927 -0.0034939753350045066 446464
1783702689386 -0.003562972604413517 448512
1783702697992 -0.007319302341784351 450560
1783702706764 -0.0038202150390134193 452608
1783702715621 -0.007491143678635126 454656
1783702724751 -0.007063013377774041 456704
1783702734865 -0.005389069709053729 458752
1783702743896 -0.0016920943235163577 460800
1783702753322 -0.004214689743093913 462848
1783702762290 -0.003442433076997986 464896
1783702771745 -0.005994301918690326 466944
1783702780835 -0.002464947694534203 468992
1783702790433 -0.006417986121959984 471040
1783702799387 -0.0041561363395885564 473088
1783702809057 -0.00311508180857345 475136
1783702818305 -0.0031500931800110266 477184
1783702827929 -0.0033842152370198164 479232
1783702836858 -0.003925298453395953 481280
1783702846468 -0.004168441308138426 483328
1783702855425 -0.003739342704648152 485376
1783702865013 -0.0027281352913632873 487424
1783702874352 -0.0034396957853459753 489472
1783702883900 -0.005338022641808493 491520
1783702893398 -0.0023641415536985733 493568
1783702903174 -0.004678083279941347 495616
1783702912789 -0.004162863449892029 497664
1783702922414 -0.003437809438764816 499712
1783702931838 -0.005698062410374405 501760
1783702941630 -0.005501377670952934 503808
1783702950899 -0.0060095795124652795 505856
1783702960495 -0.002396616826445097 507904
1783702969931 -0.0037212347451713867 509952
1783702979647 -0.005777409805887146 512000
1783702989380 -0.003360866630828241 514048
1783702999454 -0.0028686064142675605 516096
1783703009276 -0.005225236585829407 518144
1783703019494 -0.004641366827854654 520192
1783703029143 -0.00358985670209222 522240
1783703039144 -0.007327137973334175 524288
1783703045394 -0.0034660260753298644 526336
1783703046541 -0.003682992268295493 528384
1783703047770 -0.004528281871898798 530432
1783703055716 -0.004304389822209487 532480
1783703065222 -0.003406408170121722 534528
1783703075233 -0.003307707425847184 536576
1783703084822 -0.00468904074296006 538624
1783703095019 -0.0019190160564903636 540672
1783703104761 -0.004074411794135813 542720
1783703114778 -0.003642359031800879 544768
1783703124522 -0.0021074940523249097 546816
1783703134387 -0.0026218563380098203 548864
1783703144159 -0.0032193041006394196 550912
1783703153947 -0.004797031007910846 552960
1783703163888 -0.00462385708669899 555008
1783703173889 -0.0062788161831122125 557056
1783703183430 -0.004251386464602547 559104
1783703193347 -0.0007007476415310521 561152
1783703203056 -0.00320513282349566 563200
1783703213118 -0.004039788984300685 565248
1783703222846 -0.002878520841477439 567296
1783703232330 -0.00616744063427177 569344
1783703241435 -0.002913335796620231 571392
1783703250819 -0.0024827424422255717 573440
1783703259799 -0.0034360529825789854 575488
1783703269221 -0.003079398717090953 577536
1783703278289 -0.00416665803277283 579584
1783703287753 -0.0034516502855694853 581632
1783703296548 -0.004254087760273251 583680
1783703305997 -0.003442850309511414 585728
1783703315005 -0.004499237502386677 587776
1783703324134 -0.0020351397870399524 589824
1783703333264 -0.0038206975277716992 591872
1783703342900 -0.005656027300574351 593920
1783703352472 -0.0022069261030992493 595968
1783703362503 -0.0015815511578693986 598016
1783703372139 -0.0063697533623781055 600064
1783703381731 -0.002222866603915463 602112
1783703391158 -0.0039995290790102445 604160
1783703401017 -0.003985534629464382 606208
1783703410266 -0.003094331823376706 608256
1783703420026 -0.0032566889385634568 610304
1783703429369 -0.00030620030156569555 612352
1783703439209 -0.004565043815091485 614400
1783703448755 -0.002896605892601656 616448
1783703458437 -0.004021967542939819 618496
1783703468094 -0.005025308750191471 620544
1783703478091 -0.0027908316733373795 622592
1783703487759 -0.0023283138034457806 624640
1783703497819 -0.004351715488155605 626688
1783703507660 -0.003215395478036953 628736
1783703517577 -0.0018860839045373723 630784
1783703527067 -0.0013617992408399004 632832
1783703537016 -0.00404507609528082 634880
1783703546623 -0.0025155420025839703 636928
1783703556739 -0.001984137775252748 638976
1783703566548 -0.0030575124110328034 641024
1783703576494 -0.0025181023993354756 643072
1783703586299 -0.0031951008204487152 645120
1783703596313 -0.007628011297128978 647168
1783703606179 -0.0031976681639207527 649216
1783703616276 -0.0024706484109628946 651264
1783703626077 -0.001315256467933068 653312
1783703636312 -0.0031222214674926363 655360
1783703646047 -0.002417146839434281 657408
1783703656054 -0.0033296302244707476 659456
1783703665759 -0.002371251361182658 661504
1783703675831 -0.002756235597189516 663552
1783703685653 -0.0046659179315611254 665600
1783703691922 -0.0038319686682370957 667648
1783703693084 -0.004571902332827449 669696
1783703694336 -0.002330865509065916 671744
1783703695589 -0.0036656563097494654 673792
1783703698045 -0.0057826308056974085 675840
1783703705956 -0.001958651773747988 677888
1783703714792 -0.002813759101627511 679936
1783703724406 -0.002050001436145976 681984
1783703733659 -0.0021016701466578525 684032
1783703743055 -0.0039826925358283916 686080
1783703752614 -0.002815803833073005 688128
1783703761945 -0.002744007342698751 690176
1783703771615 -0.0030935772629163694 692224
1783703780805 -0.0017143908753496362 694272
1783703790202 -0.004762954989928403 696320
1783703799393 -0.005537013592402218 698368
1783703808757 -0.004107543474674458 700416
1783703817800 -0.002804811352689285 702464
1783703827459 -0.0030565035613108194 704512
1783703836821 -0.003748526421986753 706560
1783703846485 -0.0025150320907414425 708608
1783703857059 -0.004201767929771449 710656
1783703863550 -0.002656231794389896 712704
1783703872444 -0.0028843183172284625 714752
1783703881771 -0.0036380848541739397 716800
1783703890912 -0.0017053863157343585 718848
1783703900732 -0.001241150754140108 720896
1783703910229 -0.0025777004066185327 722944
1783703920071 -0.005037109476688784 724992
1783703929426 -0.0002863630616047885 727040
1783703939256 -0.0030531354714185 729088
1783703948885 -0.003299623196653556 731136
1783703958879 -0.0011566752327780705 733184
1783703968498 -0.0038624587323283777 735232
1783703978199 -0.001833473894294002 737280
1783703987781 -0.002552750702307094 739328
1783703997705 -0.0054884028158994624 741376
1783704007469 -0.005919697607168928 743424
1783704017668 -0.00585965831487556 745472
1783704027289 -0.0014759336554561742 747520
1783704037230 -0.0015533482019236544 749568
1783704046786 -0.004227630619425327 751616
1783704056817 -0.0031299565180233913 753664
1783704066455 -0.004451668293768307 755712
1783704076354 -0.0026725474363047397 757760
1783704085737 -0.0021649127775162924 759808
1783704095728 -0.0022217182122403756 761856
1783704105221 -0.002636754852574086 763904
1783704115136 -0.0016580128685745876 765952
1783704124803 -0.005699653429473983 768000
1783704134828 -0.002169905896153068 770048
1783704144535 -0.006238110461708857 772096
1783704154363 -0.0013389696141530294 774144
1783704163867 -0.0025931354211934377 776192
1783704171364 -0.001367645130812889 778240
1783704180223 -0.0004622695232683327 780288
1783704188788 -0.0025510964296699967 782336
1783704197370 -0.00302743183056009 784384
1783704205863 -0.004966217693436192 786432
1783704214235 -0.0026253046326019103 788480
1783704222823 -0.0021740428564953618 790528
1783704231258 -0.001395347291690996 792576
1783704239754 -0.0012204428494442254 794624
1783704248266 -0.0018217254619230516 796672
1783704256820 -0.0026633559609763324 798720
1783704264619 -0.0006373111864377279 800768
1783704273021 -0.0020395190731505863 802816
1783704281434 -0.0008681203235028079 804864
1783704289981 -0.001521265228802804 806912
1783704298910 -0.0028877760278192 808960
1783704308089 -0.001988379499380244 811008
1783704317666 -0.0013130962070135865 813056
1783704327188 -0.0039181970787467435 815104
1783704336884 -0.0030135226807033177 817152
1783704346285 -0.0017218829671037383 819200
1783704356042 -0.002336127967282664 821248
1783704365523 -0.0013113573186274152 823296
1783704375368 -0.0008992623406811617 825344
1783704384808 -0.002642323826876236 827392
1783704394658 -0.0018821788689820096 829440
1783704404094 -0.0032815608064993285 831488
1783704413848 -0.0011261908221058547 833536
1783704423427 -0.0032130993276950903 835584
1783704430851 -0.00327045956873917 837632
1783704436105 -0.0011440735161158955 839680
1783704446304 -0.0021278834974509664 841728
1783704456147 -0.0016097433981485665 843776
1783704466216 -0.0011369754647603258 845824
1783704475622 -0.0026011983482021606 847872
1783704485248 -0.001535821760626277 849920
1783704494864 -0.0007131720558390953 851968
1783704504774 -0.0010207912127953023 854016
1783704514552 -0.0019502097529766615 856064
1783704523956 -0.0044944317887711804 858112
1783704533808 -0.002757673788437387 860160
1783704543849 -0.0007240322702273261 862208
1783704553769 -0.0011624665530689526 864256
1783704562718 -0.0019783805691986345 866304
1783704564176 -0.0035493278919602744 868352
1783704565345 -0.0008783372250036336 870400
1783704566546 -0.0012773939943144796 872448
1783704567815 -0.0016710158088244498 874496
1783704574514 -0.0011620539644354722 876544
1783704580244 -0.0014545588364853757 878592
1783704589549 -0.001218051398609532 880640
1783704598635 -0.0005655195946019376 882688
1783704606047 -0.000736900281481212 884736
1783704615377 -0.00039289962842303794 886784
1783704624635 -0.0012436804572644178 888832
1783704634634 -0.001387354677717667 890880
1783704644486 -0.0010686790828913217 892928
1783704654311 -0.0032234321497526253 894976
1783704663549 -0.0016331302977050655 897024
1783704670421 -0.0010196209332207218 899072
1783704671533 -0.0021474696059158305 901120
1783704672767 -0.004980091369361617 903168
1783704674109 -0.001944505565916188 905216
1783704675497 -0.000716131412445975 907264
1783704682725 -0.0016764773790782783 909312
1783704688208 -0.001512508693849668 911360
1783704694959 -0.0028747883334290236 913408
1783704702677 -0.0002886594593292102 915456
1783704708925 -0.0015885439643170685 917504
1783704717573 -0.000442051408754196 919552
1783704726608 -0.0018425809394102544 921600
1783704739203 -0.0014740650858584559 923648
1783704748286 -0.0006240374095796142 925696
1783704757501 -0.0014310378719528671 927744
1783704766349 -0.0015890134309302084 929792
1783704775600 -0.0016925072886806447 931840
1783704784727 -0.0004695710667874664 933888
1783704794226 -0.00036646607986767776 935936
1783704803454 -0.0014624766990891658 937984
1783704812885 -0.00014888364967191592 940032
1783704822268 -0.0001629850157769397 942080
1783704832184 -0.0014643781469203532 944128
1783704841230 -0.00047437743705813773 946176
1783704850768 -0.0011583383529796265 948224
1783704860262 -0.0004075485994690098 950272
1783704869916 -0.00027275723550701514 952320
1783704879446 -0.00036818685111938976 954368
1783704889187 -0.0009138084496953525 956416
1783704898320 -0.00019446495207375847 958464
1783704908262 -0.00012134330972912721 960512
1783704918132 -0.0004243206021783408 962560
1783704927878 -0.0010499676427571103 964608
1783704937607 -8.629183139419183e-05 966656
1783704947527 -0.000317842117510736 968704
1783704957205 -0.002915772058258881 970752
1783704966995 -0.0004778880565936561 972800
1783704976529 -0.00015162604904617183 974848
1783704985973 -0.0001008604258458945 976896
1783704995637 -0.00046662863678648137 978944
1783705005471 -0.0002732147913775407 980992
1783705015031 -0.00046827286132611334 983040
1783705024796 -6.165614286146592e-05 985088
1783705034193 -0.0002189418810303323 987136
1783705043361 -0.0003223727962904377 989184
1783705052709 -6.167210813146085e-07 991232
1783705062360 -4.2856107029365376e-05 993280
1783705071817 -1.1953658031416126e-05 995328
1783705081393 -1.2920445442432538e-05 997376
1783705090770 -1.388608870911412e-05 999424
1783705093414 2.6775524020195007e-09 1000000
