1783700967082 0.37944756308570504 2048
1783700976016 11.661908778944053 4096
1783700984817 11.539140137843788 6144
1783700993717 10.946654212079011 8192
1783701002652 75.28476241976023 10240
1783701011592 0.14571753080235794 12288
1783701020597 33.761120717274025 14336
1783701029747 78.49670848250389 16384
1783701038768 0.08534271022654139 18432
1783701047856 11.280354118178366 20480
1783701056592 105.40494233369827 22528
1783701065496 0.018648114433744922 24576
1783701074346 0.03954077389789745 26624
1783701083282 41.354617942124605 28672
1783701092193 40.35806683730334 30720
1783701101365 50.45463502779603 32768
1783701110305 0.01654254006280098 34816
1783701119142 10.673612905549817 36864
1783701128227 31.39661525678821 38912
1783701137160 82.31494391709566 40960
1783701145922 49.449134139344096 43008
1783701154765 88.99620259553194 45056
1783701163794 197.41973090171814 47104
1783701172818 18.300782310892828 49152
1783701182500 20.217927627149038 51200
1783701192771 38.96045085618971 53248
1783701202490 182.71245563030243 55296
1783701212327 75.11646179109812 57344
1783701221957 8.823645742872031 59392
1783701226401 28.055701966863126 61440
1783701227543 28.36494774161838 63488
1783701228757 54.87496117781848 65536
1783701229844 0.006488939805421978 67584
1783701231028 112.01450508832932 69632
1783701232148 0.10900014360959176 71680
1783701233271 18.720668602298247 73728
1783701234438 64.75563020259142 75776
1783701235689 74.45183179527521 77824
1783701236905 0.03809645121509675 79872
1783701238146 17.922689984668978 81920
1783701243409 18.0245532746776 83968
1783701247301 33.70212057244498 86016
1783701253146 17.495736092911102 88064
1783701263340 26.99604603042826 90112
1783701273279 26.443845009314828 92160
1783701283488 25.76484231138602 94208
1783701293078 17.566025526321027 96256
1783701302553 27.283500984252896 98304
1783701311700 25.877812178165186 100352
1783701321297 8.918754473357694 102400
1783701330526 34.589337966404855 104448
1783701340283 -0.00867044340702705 106496
1783701349961 8.405299140897114 108544
1783701359542 25.91565530258231 110592
1783701368570 0.02556423848727718 112640
1783701378040 11.931767766742269 114688
1783701387367 9.308522906241706 116736
1783701396885 0.07340064554591663 118784
1783701406043 17.571806422201917 120832
1783701415641 0.0045170596858952194 122880
1783701424603 0.002245126263005659 124928
1783701434147 0.12668110337108374 126976
1783701436409 -0.00809203801327385 129024
1783701437514 11.361100209178403 131072
1783701438956 0.00599482114193961 133120
1783701440342 0.05169198306975886 135168
1783701441817 -0.001305728976149112 137216
1783701443059 8.837939554068726 139264
1783701444387 17.554669640259817 141312
1783701445826 27.6531152613461 143360
1783701447382 26.80750939529389 145408
1783701448904 0.031611697864718735 147456
1783701455398 0.05582087012589909 149504
1783701462558 -0.005953067680820823 151552
1783701471932 19.001058822730556 153600
1783701481605 0.05495039778179489 155648
1783701491385 17.280164191673975 157696
1783701500850 -0.019624516513431445 159744
1783701510934 -0.013744567317189649 161792
1783701520417 0.010009087971411645 163840
1783701530427 18.77245638635941 165888
1783701539925 0.03491571533959359 167936
1783701548887 -0.02314121471135877 169984
1783701556197 -0.024133233062457293 172032
1783701565299 9.308360339084174 174080
1783701574189 10.9512292946456 176128
1783701582897 9.242063912737649 178176
1783701591749 99.42205260694027 180224
1783701600773 18.134303499711677 182272
1783701610046 59.05689156707376 184320
1783701619228 48.07828333042562 186368
1783701626661 77.15334955044091 188416
1783701635839 0.016911338228965178 190464
1783701644594 30.573860509321094 192512
1783701653266 17.821718693478033 194560
1783701662169 72.57907658070326 196608
1783701671383 8.706608196021989 198656
1783701680752 33.048064773436636 200704
1783701691057 10.829389615159016 202752
1783701700562 57.34819084499031 204800
1783701710528 8.55038882966619 206848
1783701720417 12.90180984622566 208896
1783701730561 0.03987334086559713 210944
1783701739790 0.09049274126300588 212992
1783701750050 8.270664469106123 215040
1783701759638 45.85485079139471 217088
1783701769721 73.1204999871552 219136
1783701779564 61.740120612084866 221184
1783701789081 32.17890410334803 223232
1783701797981 82.17660950124264 225280
1783701807298 39.46819579228759 227328
1783701816543 87.87159003689885 229376
1783701826147 15.673799886717461 231424
1783701835175 46.53556559421122 233472
1783701844618 0.1062717802124098 235520
1783701845879 53.138441395014524 237568
1783701847022 0.07892898115096614 239616
1783701848202 23.325307130347937 241664
1783701849508 10.240242299827514 243712
1783701850755 0.04345130897127092 245760
1783701853803 7.894462229800411 247808
1783701861640 8.004826968419366 249856
1783701870828 48.40407193778083 251904
1783701880240 8.401113027881365 253952
1783701889498 27.452943939482793 256000
1783701899256 28.086168231093325 258048
1783701908578 38.534620786085725 260096
1783701918570 7.66149711527396 262144
1783701927970 0.05135656680795364 264192
1783701937899 12.13985236233566 266240
1783701947375 0.03558056752081029 268288
1783701957256 0.027222423814237118 270336
1783701966806 7.504134463437367 272384
1783701976681 0.010349055373808369 274432
1783701986056 0.04348836009739898 276480
1783701995982 59.39596008695662 278528
1783702005433 0.027139498793985695 280576
1783702015289 0.024811513314489275 282624
1783702024862 0.028078807896235958 284672
1783702035096 11.408731300442014 286720
1783702044839 7.811145097948611 288768
1783702054951 9.916080937691731 290816
1783702064911 -0.00020666822092607617 292864
1783702074929 8.317477005301043 294912
1783702084778 27.81976680830121 296960
1783702094943 0.005757487961091101 299008
1783702104579 7.44632567561348 301056
1783702114823 7.156699123006547 303104
1783702124292 14.548832723114174 305152
1783702134529 39.72400392824784 307200
1783702144249 35.353146745823324 309248
1783702154103 37.45199880609289 311296
1783702163857 15.567088973184582 313344
1783702173836 0.15002018795348704 315392
1783702183531 81.60151082277298 317440
1783702193575 60.5236719250679 319488
1783702203115 10.589082077145576 321536
1783702213082 62.51609581708908 323584
1783702222561 0.11373981955694035 325632
1783702232381 94.50684846937656 327680
1783702242024 77.13578215241432 329728
1783702251869 46.047095191664994 331776
1783702260150 7.408514536044095 333824
1783702262418 0.02291496255202219 335872
1783702263573 7.232777100929525 337920
1783702268437 27.779628549993504 339968
1783702275160 0.0945622562430799 342016
1783702284696 0.04712314924108796 344064
1783702293807 0.08234437060309574 346112
1783702303274 0.19140274898381904 348160
1783702312069 0.09179807925829664 350208
1783702321621 42.35747883236036 352256
1783702330755 30.016216634772718 354304
1783702340127 0.3447643761173822 356352
1783702349138 7.631071722775232 358400
1783702358635 38.208770114928484 360448
1783702367708 0.13668607163708657 362496
1783702377072 22.533670502947643 364544
1783702386308 10.66019030631287 366592
1783702395921 0.19684461608994752 368640
1783702405291 0.19237869180506095 370688
1783702414904 0.11483592045260593 372736
1783702424179 42.79205605108291 374784
1783702433594 23.970172297442332 376832
1783702442883 11.905629190907348 378880
1783702452743 8.041388783953153 380928
1783702461969 22.92709762020968 382976
1783702471778 24.48203203175217 385024
1783702480928 15.443190465448424 387072
1783702490697 27.351811624597758 389120
1783702500238 40.26978047378361 391168
1783702510339 21.749730582349002 393216
1783702519992 86.36165690422058 395264
1783702530291 46.458938620984554 397312
1783702539852 7.291981734626461 399360
1783702550017 38.45793387759477 401408
1783702559841 0.15314735780702904 403456
1783702569509 12.744088590960018 405504
1783702579216 46.14273545332253 407552
1783702589388 48.92696178238839 409600
1783702591590 0.2396789391641505 411648
1783702597554 7.3200077412766404 413696
1783702600742 17.171767973457463 415744
1783702601865 0.18465249438304454 417792
1783702602977 24.402011743746698 419840
1783702604196 51.79090664815158 421888
1783702605312 19.912134771468118 423936
1783702606471 51.567672623321414 425984
1783702607527 81.47962936758995 428032
1783702608600 6.900563947157934 430080
1783702616407 65.0491099357605 432128
1783702625145 18.246381263248622 434176
1783702634794 24.562642494682223 436224
1783702644999 45.10734878666699 438272
1783702654481 0.35405930841807276 440320
1783702663330 33.101907840697095 442368
1783702672128 0.1631529742735438 444416
1783702680927 19.390938208205625 446464
1783702689386 40.14871313981712 448512
1783702697992 0.24618484458187595 450560
1783702706764 36.692683167755604 452608
1783702715621 0.20234183053253219 454656
1783702724751 7.2971979706780985 456704
1783702734865 38.23192988196388 458752
1783702743896 41.68446538038552 460800
1783702753322 0.2693852666998282 462848
1783702762290 10.984481191961095 464896
1783702771745 0.24862668657442555 466944
1783702780835 37.28399742208421 468992
1783702790433 52.416653983294964 471040
1783702799387 24.454957708716393 473088
1783702809057 25.850600444711745 475136
1783702818305 0.2372128824936226 477184
1783702827929 94.6165100634098 479232
1783702836858 35.46383304335177 481280
1783702846468 69.22073412686586 483328
1783702855425 0.3829853320494294 485376
1783702865013 23.383656770456582 487424
1783702874352 24.554125496186316 489472
1783702883900 0.3139039318775758 491520
1783702893398 44.545920165255666 493568
1783702903174 6.076911028125323 495616
1783702912789 19.25979748228565 497664
1783702922414 30.25272045796737 499712
1783702931838 6.2426467892946675 501760
1783702941630 71.75368625670671 503808
1783702950899 0.3773597914259881 505856
1783702960495 22.8692424451001 507904
1783702969931 27.316758951172233 509952
1783702979647 6.904334278195165 512000
1783702989380 12.005946539808065 514048
1783702999454 6.245856044348329 516096
1783703009276 0.27286391420057043 518144
1783703019494 22.91237668856047 520192
1783703029143 7.640783028211445 522240
1783703039144 41.03058190271258 524288
1783703045394 32.39651010930538 526336
1783703046541 20.563799545168877 528384
1783703047770 0.6137950192205608 530432
1783703055716 10.262619382701814 532480
1783703065222 7.829101731651463 534528
1783703075233 17.99235025793314 536576
1783703084822 59.46897644549608 538624
1783703095019 11.283672591554932 540672
1783703104761 26.615546870976686 542720
1783703114778 24.789570892229676 544768
1783703124522 11.3596531553776 546816
1783703134387 18.606567732058465 548864
1783703144159 37.01950853597373 550912
1783703153947 19.297877359203994 552960
1783703163888 19.31133752502501 555008
1783703173889 6.700729167787358 557056
1783703183430 35.48963876999915 559104
1783703193347 44.18558797985315 561152
1783703203056 24.506879990920424 563200
1783703213118 17.081548724032473 565248
1783703222846 34.35729527287185 567296
1783703232330 7.187609716900624 569344
1783703241435 0.2916019720141776 571392
1783703250819 18.1239577003289 573440
1783703259799 92.100706204772 575488
1783703269221 23.372777759097517 577536
1783703278289 17.317760503850877 579584
1783703287753 6.737444515689276 581632
1783703296548 21.736225039232522 583680
1783703305997 11.056201876141131 585728
1783703315005 11.079627257946413 587776
1783703324134 34.067947009112686 589824
1783703333264 11.538978919503279 591872
1783703342900 0.23313073813915253 593920
1783703352472 34.60916027985513 595968
1783703362503 49.37239469960332 598016
1783703372139 27.862932734191418 600064
1783703381731 7.050911556580104 602112
1783703391158 17.265080497134477 604160
1783703401017 41.78031861409545 606208
1783703410266 15.934601723682135 608256
1783703420026 20.88758430723101 610304
1783703429369 6.73850912891794 612352
1783703439209 17.732664370560087 614400
1783703448755 19.57387506775558 616448
1783703458437 16.210413003340364 618496
1783703468094 27.70271891541779 620544
1783703478091 6.220522082643583 622592
1783703487759 19.655606999062 624640
1783703497819 5.837939810357057 626688
1783703507660 51.46437846124172 628736
1783703517577 23.798600061563775 630784
1783703527067 17.927930377889425 632832
1783703537016 21.474770878907293 634880
1783703546623 16.94321633526124 636928
1783703556739 5.275810154969804 638976
1783703566548 60.92232435196638 641024
1783703576494 22.63399606384337 643072
1783703586299 5.768876163288951 645120
1783703596313 0.3362401680788025 647168
1783703606179 17.80249360948801 649216
1783703616276 5.9040535192471 651264
1783703626077 17.17018454358913 653312
1783703636312 39.54639211669564 655360
1783703646047 62.01649413257837 657408
1783703656054 21.22225649957545 659456
1783703665759 39.637691866606474 661504
1783703675831 20.182044244837016 663552
1783703685653 5.820750040351413 665600
1783703691922 65.69584891200066 667648
1783703693084 15.803341694176197 669696
1783703694336 18.773408508161083 671744
1783703695589 5.792388633126393 673792
1783703698045 10.67335512302816 675840
1783703705956 11.67851562704891 677888
1783703714792 27.48694121092558 679936
1783703724406 40.31934383511543 681984
1783703733659 30.579526958055794 684032
1783703743055 5.669827409670688 686080
1783703752614 10.359915511333384 688128
1783703761945 24.300671688281 690176
1783703771615 31.179125943221152 692224
1783703780805 5.75265912967734 694272
1783703790202 0.3020091649959795 696320
1783703799393 0.3597093755379319 698368
1783703808757 0.3600783299189061 700416
1783703817800 53.178436286747456 702464
1783703827459 5.69831059651915 704512
1783703836821 66.68828129023314 706560
1783703846485 4.774178090970963 708608
1783703857059 10.689695976441726 710656
1783703863550 118.282564625144 712704
1783703872444 11.796878045424819 714752
1783703881771 14.124650266487151 716800
1783703890912 57.12227935343981 718848
1783703900732 13.868404356762767 720896
1783703910229 0.49015590373892337 722944
1783703920071 51.735081114806235 724992
1783703929426 5.653442238573916 727040
1783703939256 51.8984035551548 729088
1783703948885 0.40923747670603916 731136
1783703958879 61.01213090866804 733184
1783703968498 25.609966224990785 735232
1783703978199 14.148606010712683 737280
1783703987781 9.708833555690944 739328
1783703997705 29.837698847055435 741376
1783704007469 23.501120511442423 743424
1783704017668 5.530651722103357 745472
1783704027289 15.947510179597884 747520
1783704037230 19.570769953541458 749568
1783704046786 10.85755422967486 751616
1783704056817 19.663496925495565 753664
1783704066455 5.360732941655442 755712
1783704076354 0.5026078900555149 757760
1783704085737 40.62064512446523 759808
1783704095728 55.187893982976675 761856
1783704105221 15.53268495714292 763904
1783704115136 49.608059357851744 765952
1783704124803 0.31068770377896726 768000
1783704134828 20.400833069346845 770048
1783704144535 0.45280119171366096 772096
1783704154363 21.96198223065585 774144
1783704163867 0.4862334954086691 776192
1783704171364 9.858305788366124 778240
1783704180223 0.34506932221120223 780288
1783704188788 32.960773361846805 782336
1783704197370 51.724850967526436 784384
1783704205863 0.37357807729858905 786432
1783704214235 14.944361347006634 788480
1783704222823 6.548643974354491 790528
1783704231258 29.02757280692458 792576
1783704239754 20.53531115152873 794624
1783704248266 10.824408323969692 796672
1783704256820 0.3030510030221194 798720
1783704264619 14.359287545084953 800768
1783704273021 19.378980182809755 802816
1783704281434 23.856493062339723 804864
1783704289981 18.88563379761763 806912
1783704298910 5.3585253150667995 808960
1783704308089 14.04613716993481 811008
1783704317666 15.658667709678411 813056
1783704327188 29.48577485466376 815104
1783704336884 0.6185085665201768 817152
1783704346285 19.14996622875333 819200
1783704356042 4.991452568909153 821248
1783704365523 33.533284068107605 823296
1783704375368 13.144332160241902 825344
1783704384808 8.401792746270075 827392
1783704394658 33.16669330652803 829440
1783704404094 13.382886356674135 831488
1783704413848 26.673622484318912 833536
1783704423427 2.270044765435159 835584
1783704430851 20.944823547732085 837632
1783704436105 5.224545720499009 839680
1783704446304 0.5022646992001683 841728
1783704456147 4.107957816217095 843776
1783704466216 30.739142138510942 845824
1783704475622 3.413636209676042 847872
1783704485248 19.34809624403715 849920
1783704494864 24.504260096699 851968
1783704504774 38.58455837517977 854016
1783704514552 18.455228289123625 856064
1783704523956 0.4408938707783818 858112
1783704533808 10.157702773809433 860160
1783704543849 25.835811492055655 862208
1783704553769 58.30854869633913 864256
1783704562718 9.569320847280324 866304
1783704564176 10.503128831507638 868352
1783704565345 61.91624799370766 870400
1783704566546 36.42946167290211 872448
1783704567815 33.19166745059192 874496
1783704574514 4.05329846200766 876544
1783704580244 0.46696741017512977 878592
1783704589549 30.85339342802763 880640
1783704598635 14.059206675738096 882688
1783704606047 36.88483551517129 884736
1783704615377 5.796323721064255 886784
1783704624635 12.311363236512989 888832
1783704634634 4.549060063203797 890880
1783704644486 6.515760224778205 892928
1783704654311 4.159803543938324 894976
1783704663549 11.474816757254303 897024
1783704670421 31.00297510251403 899072
1783704671533 8.133399317972362 901120
1783704672767 0.5205611273995601 903168
1783704674109 10.189308357890695 905216
1783704675497 9.708354185684584 907264
1783704682725 17.827038190327585 909312
1783704688208 26.614477599039674 911360
1783704694959 0.5071557360352017 913408
1783704702677 9.099319714237936 915456
1783704708925 3.9379655641969293 917504
1783704717573 22.582520509138703 919552
1783704726608 4.843717222334817 921600
1783704739203 0.5725046068546362 923648
1783704748286 13.158994819736108 925696
1783704757501 0.8676557822618634 927744
1783704766349 12.024204831104726 929792
1783704775600 1.1593670669244602 931840
1783704784727 40.604148134589195 933888
1783704794226 9.409441497176886 935936
1783704803454 9.631105637643486 937984
1783704812885 19.238174692727625 940032
1783704822268 9.202283015707508 942080
1783704832184 21.37446261011064 944128
1783704841230 8.619127831421793 946176
1783704850768 8.64182217628695 948224
1783704860262 37.802762761712074 950272
1783704869916 31.782027958892286 952320
1783704879446 31.1611472889781 954368
1783704889187 10.974539720453322 956416
1783704898320 58.44379857182503 958464
1783704908262 54.68974091857672 960512
1783704918132 42.40416510403156 962560
1783704927878 0.6303099599899724 964608
1783704937607 13.156852099578828 966656
1783704947527 17.86133519699797 968704
1783704957205 0.8237386485561728 970752
1783704966995 8.677147644106299 972800
1783704976529 7.770191919989884 974848
1783704985973 8.85743512737099 976896
1783704995637 0.7706189990276471 978944
1783705005471 24.68211846239865 980992
1783705015031 0.6747938576154411 983040
1783705024796 21.614326152950525 985088
1783705034193 0.5883685204898939 987136
1783705043361 0.9850638804491609 989184
1783705052709 38.08131059259176 991232
1783705062360 27.167253584833816 993280
1783705071817 14.34247168013826 995328
1783705081393 21.978335632011294 997376
1783705090770 31.512079671025276 999424
1783705093414 0.21322793513536453 1000000
