1783700967082 0.894861628767103 2048
1783700976016 23.455073062097654 4096
1783700984817 23.203328447649255 6144
1783700993717 22.02292808308266 8192
1783701002652 150.69225078076124 10240
1783701011592 0.41565267462283373 12288
1783701020597 67.64770118426532 14336
1783701029747 157.12016692757607 16384
1783701038768 0.300694971694611 18432
1783701047856 22.680911985924467 20480
1783701056592 210.93560966849327 22528
1783701065496 0.16933618992334232 24576
1783701074346 0.21135984983993694 26624
1783701083282 82.8341981396079 28672
1783701092193 80.83581528253853 30720
1783701101365 101.03336972743273 32768
1783701110305 0.16001897567184642 34816
1783701119142 21.477247922564857 36864
1783701128227 62.91992341168225 38912
1783701137160 164.7561443001032 40960
1783701145922 99.02456141263247 43008
1783701154765 178.1212298721075 45056
1783701163794 394.9679124355316 47104
1783701172818 36.72850959113566 49152
1783701182500 40.5666938732611 51200
1783701192771 78.05168533371761 53248
1783701202490 365.5556765794754 55296
1783701212327 150.35908775031567 57344
1783701221957 17.7853375961422 59392
1783701226401 56.24150642193854 61440
1783701227543 56.86016692733392 63488
1783701228757 109.87806942220777 65536
1783701229844 0.14303575898520648 67584
1783701231028 224.15910211205482 69632
1783701232148 0.3522436624043621 71680
1783701233271 37.57295528880786 73728
1783701234438 129.64056959748268 75776
1783701235689 149.04182797670364 77824
1783701236905 0.20799771425663494 79872
1783701238146 35.98094361118274 81920
1783701243409 36.18441264820285 83968
1783701247301 67.53308585844934 86016
1783701253146 35.12896244262811 88064
1783701263340 54.122263085562736 90112
1783701273279 53.019225660013035 92160
1783701283488 51.662640270311385 94208
1783701293078 35.26892727962695 96256
1783701302553 54.700549772474915 98304
1783701311700 51.893791906768456 100352
1783701321297 17.97111015795963 102400
1783701330526 69.31795109063387 104448
1783701340283 0.12834476932766847 106496
1783701349961 16.945472523220815 108544
1783701359542 51.96339126583189 110592
1783701368570 0.18773730105021968 112640
1783701378040 24.00120694207726 114688
1783701387367 18.754133779730182 116736
1783701396885 0.27825900638708845 118784
1783701406043 35.27485146955587 120832
1783701415641 0.14931419180356897 122880
1783701424603 0.1409400897391606 124928
1783701434147 0.39250571688171476 126976
1783701436409 0.12208222813205793 129024
1783701437514 22.86245765342028 131072
1783701438956 0.14600392966531217 133120
1783701440342 0.24393160990439355 135168
1783701441817 0.1332673796277959 137216
1783701443059 17.80387341650203 139264
1783701444387 35.246456839260645 141312
1783701445826 55.43654617853463 143360
1783701447382 53.7459211142268 145408
1783701448904 0.19572361669270322 147456
1783701455398 0.24192913377191871 149504
1783701462558 0.1251747036294546 151552
1783701471932 38.134992856066674 153600
1783701481605 0.24811927942209877 155648
1783701491385 34.69383062282577 157696
1783701500850 0.09872984964749776 159744
1783701510934 0.1103199633944314 161792
1783701520417 0.1583649547828827 163840
1783701530427 37.68275783350691 165888
1783701539925 0.2033497607917525 167936
1783701548887 0.08798838558141142 169984
1783701556197 0.09631682746112347 172032
1783701565299 18.752615374571178 174080
1783701574189 22.037808479799423 176128
1783701582897 18.61493128282018 178176
1783701591749 198.97759756445885 180224
1783701600773 36.40443143306766 182272
1783701610046 118.25675163418055 184320
1783701619228 96.29555160179734 186368
1783701626661 154.4511565938592 188416
1783701635839 0.17555306892609224 190464
1783701644594 61.28117708978243 192512
1783701653266 35.7829973846674 194560
1783701662169 145.30098176002502 196608
1783701671383 17.54987733764574 198656
1783701680752 66.23628099751659 200704
1783701691057 21.792276494321413 202752
1783701700562 114.83094149641693 204800
1783701710528 17.241081293672323 206848
1783701720417 25.9398196504917 208896
1783701730561 0.22237501834752038 210944
1783701739790 0.32636031275615096 212992
1783701750050 16.677334151230752 215040
1783701759638 91.85491909831762 217088
1783701769721 146.38225582242012 219136
1783701779564 123.61729803681374 221184
1783701789081 64.50355230504647 223232
1783701797981 164.49619954824448 225280
1783701807298 79.0783669501543 227328
1783701816543 175.8847598284483 229376
1783701826147 31.48694409849122 231424
1783701835175 93.20914646983147 233472
1783701844618 0.35562888253480196 235520
1783701845879 106.42071065306664 237568
1783701847022 0.30703200842253864 239616
1783701848202 46.78756544739008 241664
1783701849508 20.6215476419311 243712
1783701850755 0.23202383681200445 245760
1783701853803 15.936311182216741 247808
1783701861640 16.1547527841758 249856
1783701870828 96.9511843174696 251904
1783701880240 16.946333889383823 253952
1783701889498 55.04787892848253 256000
1783701899256 56.310643252916634 258048
1783701908578 77.2162385135889 260096
1783701918570 15.467694743652828 262144
1783701927970 0.24686854745959863 264192
1783701937899 24.425902750575915 266240
1783701947375 0.21759046404622495 268288
1783701957256 0.19676773564424366 270336
1783701966806 15.151893808040768 272384
1783701976681 0.1692705326131545 274432
1783701986056 0.23652492207475007 276480
1783701995982 118.94053605571389 278528
1783702005433 0.2024847898283042 280576
1783702015289 0.20005345257231966 282624
1783702024862 0.1989536260953173 284672
1783702035096 22.960688561899588 286720
1783702044839 15.771074921882246 288768
1783702054951 19.975567630084697 290816
1783702064911 0.14285446563735604 292864
1783702074929 16.778567728120834 294912
1783702084778 55.78460995294154 296960
1783702094943 0.16015319287544116 299008
1783702104579 15.032812322606333 301056
1783702114823 14.460092705616262 303104
1783702124292 29.241087096044794 305152
1783702134529 79.595882544294 307200
1783702144249 70.85454622469842 309248
1783702154103 75.04869580967352 311296
1783702163857 31.284697523806244 313344
1783702173836 0.44471921445801854 315392
1783702183531 163.3416205048561 317440
1783702193575 121.19575308263302 319488
1783702203115 21.324139276344795 321536
1783702213082 125.1756643652916 323584
1783702222561 0.371445125201717 325632
1783702232381 189.15852361917496 327680
1783702242024 154.4163878262043 329728
1783702251869 92.24599309265614 331776
1783702260150 14.95944288407918 333824
1783702262418 0.1935429751756601 335872
1783702263573 14.612437474774197 337920
1783702268437 55.70322103984654 339968
1783702275160 0.3364845491014421 342016
1783702284696 0.24645157961640507 344064
1783702293807 0.3098248083842918 346112
1783702303274 0.5255835403222591 348160
1783702312069 0.3366123375017196 350208
1783702321621 84.86560981161892 352256
1783702330755 60.18009364232421 354304
1783702340127 0.8374729012139142 356352
1783702349138 15.409430406754836 358400
1783702358635 76.5608585793525 360448
1783702367708 0.4173328772885725 362496
1783702377072 45.21708065038547 364544
1783702386308 21.46381594054401 366592
1783702395921 0.5435050497762859 368640
1783702405291 0.5392788092140108 370688
1783702414904 0.37978269229643047 372736
1783702424179 85.73642002418637 374784
1783702433594 48.08303452981636 376832
1783702442883 23.95383750856854 378880
1783702452743 16.229124061064795 380928
1783702461969 46.00097170192748 382976
1783702471778 49.114225066266954 385024
1783702480928 31.03697911184281 387072
1783702490697 54.846830969676375 389120
1783702500238 80.68814876675606 391168
1783702510339 43.64586497657001 393216
1783702519992 172.86820030212402 395264
1783702530291 93.0630193054676 397312
1783702539852 14.731293423334137 399360
1783702550017 77.06574506312609 401408
1783702559841 0.45772900886368006 403456
1783702569509 25.636300097452477 405504
1783702579216 92.42875793203712 407552
1783702589388 98.00103812664747 409600
1783702591590 0.632139387074858 411648
1783702597554 14.79349980992265 413696
1783702600742 34.48826926667243 415744
1783702601865 0.5226658908650279 417792
1783702602977 48.95771656744182 419840
1783702604196 103.72780264168978 421888
1783702605312 39.973217968363315 423936
1783702606471 103.28233193606138 425984
1783702607527 163.1039523780346 428032
1783702608600 13.9515129995998 430080
1783702616407 130.24492982029915 432128
1783702625145 36.63916615676135 434176
1783702634794 49.27494352310896 436224
1783702644999 90.36711040511727 438272
1783702654481 0.8554113386198878 440320
1783702663330 66.35235189273953 442368
1783702672128 0.4812218975275755 444416
1783702680927 38.92904702620581 446464
1783702689386 80.4449016302824 448512
1783702697992 0.6473368422593921 450560
1783702706764 73.53318397700787 452608
1783702715621 0.559733904665336 454656
1783702724751 14.748458373593166 456704
1783702734865 76.61456830613315 458752
1783702743896 83.51237984932959 460800
1783702753322 0.6873152800835669 462848
1783702762290 22.115970549173653 464896
1783702771745 0.6495073006954044 466944
1783702780835 74.71326566115022 468992
1783702790433 104.98661195486784 471040
1783702799387 49.05872370302677 473088
1783702809057 51.84794474951923 475136
1783702818305 0.6212438901420683 477184
1783702827929 189.380234926939 479232
1783702836858 71.0760399736464 481280
1783702846468 138.59047113358974 483328
1783702855425 0.9141850266605616 485376
1783702865013 46.9134840592742 487424
1783702874352 49.25593937188387 489472
1783702883900 0.7793760569766164 491520
1783702893398 89.23742793500423 493568
1783702903174 12.304146494949237 495616
1783702912789 38.66893530078232 497664
1783702922414 60.65339107438922 499712
1783702931838 12.637797315604985 501760
1783702941630 143.65959175676107 503808
1783702950899 0.9079104941338301 505856
1783702960495 45.88441956276074 507904
1783702969931 54.782124038785696 509952
1783702979647 13.96131101809442 512000
1783702989380 24.159692510962486 514048
1783702999454 12.638631777837873 516096
1783703009276 0.6974205463193357 518144
1783703019494 45.97524642525241 520192
1783703029143 15.42995144193992 522240
1783703039144 82.21712166070938 524288
1783703045394 64.94142968580127 526336
1783703046541 41.276479066349566 528384
1783703047770 1.3782349000684917 530432
1783703055716 20.675505654420704 532480
1783703065222 15.806776170618832 534528
1783703075233 36.133136896416545 536576
1783703084822 119.08922231942415 538624
1783703095019 22.713175794342533 540672
1783703104761 53.381307477131486 542720
1783703114778 49.7286157682538 544768
1783703124522 22.86576299369335 546816
1783703134387 37.36063776817173 548864
1783703144159 74.1877782382071 550912
1783703153947 38.74778949469328 552960
1783703163888 38.77447819337249 555008
1783703173889 13.556606945581734 557056
1783703183430 71.13048126362264 559104
1783703193347 88.51546053774655 561152
1783703203056 49.163134943693876 563200
1783703213118 34.31422690441832 565248
1783703222846 68.86343008838594 567296
1783703232330 14.530571701005101 569344
1783703241435 0.732010152656585 571392
1783703250819 36.395857797469944 573440
1783703259799 184.35128515958786 575488
1783703269221 46.89475001767278 577536
1783703278289 34.78697447665036 579584
1783703287753 13.6249796631746 581632
1783703296548 43.624199722427875 583680
1783703305997 22.26256969338283 585728
1783703315005 22.311567111406475 587776
1783703324134 68.28331385506317 589824
1783703333264 23.229017206002027 591872
1783703342900 0.6208837800659239 593920
1783703352472 69.36593123525381 595968
1783703362503 98.89118930697441 598016
1783703372139 55.881907978095114 600064
1783703381731 14.249665337847546 602112
1783703391158 34.6816385560669 604160
1783703401017 83.71212326735258 606208
1783703410266 32.01899397885427 608256
1783703420026 41.925404604757205 610304
1783703429369 13.621516556013376 612352
1783703439209 35.61852881684899 614400
1783703448755 39.29769279435277 616448
1783703458437 32.57300503505394 618496
1783703468094 55.559537783265114 620544
1783703478091 12.590668870136142 622592
1783703487759 39.4599017444998 624640
1783703497819 11.828611397650093 626688
1783703507660 103.07928689569235 628736
1783703517577 47.74511420447379 630784
1783703527067 36.002783454954624 632832
1783703537016 43.10189564432949 634880
1783703546623 34.03576637618244 636928
1783703556739 10.699949141591787 638976
1783703566548 121.99514950811863 641024
1783703576494 45.41739594750106 643072
1783703586299 11.688488349318504 645120
1783703596313 0.8321368399774656 647168
1783703606179 35.755774879828095 649216
1783703616276 11.957390564959496 651264
1783703626077 34.487356124212965 653312
1783703636312 79.24343034625053 655360
1783703646047 124.18223065137863 657408
1783703656054 42.59558615833521 659456
1783703665759 79.42456652224064 661504
1783703675831 40.514083532616496 663552
1783703685653 11.795430765952915 665600
1783703691922 131.5440128147602 667648
1783703693084 31.76049479097128 669696
1783703694336 37.69616804784164 671744
1783703695589 11.736802279949188 673792
1783703698045 21.502953183371574 675840
1783703705956 23.50567886978388 677888
1783703714792 55.12426828593016 679936
1783703724406 80.78759110718966 681984
1783703733659 61.308124924078584 684032
1783703743055 11.492571910843253 686080
1783703752614 20.870510826352984 688128
1783703761945 48.75193971581757 690176
1783703771615 62.50954641774297 692224
1783703780805 11.65384516119957 694272
1783703790202 0.7586247734725475 696320
1783703799393 0.8755514479707927 698368
1783703808757 0.8733811909332871 700416
1783703817800 106.50744624435902 702464
1783703827459 11.547737094573677 704512
1783703836821 133.52913217246532 706560
1783703846485 9.698451568372548 708608
1783703857059 21.532888907939196 710656
1783703863550 236.71558511257172 712704
1783703872444 23.744707375764847 714752
1783703881771 28.401783552020788 716800
1783703890912 114.3932299464941 718848
1783703900732 27.88463807385415 720896
1783703910229 1.1308245924301445 722944
1783703920071 103.62552828714252 724992
1783703929426 11.452806184999645 727040
1783703939256 103.94834057986736 729088
1783703948885 0.9704935050103813 731136
1783703958879 122.17192147672176 733184
1783703968498 51.373046616092324 735232
1783703978199 28.446355651132762 737280
1783703987781 19.568305687280372 739328
1783703997705 59.8319459464401 741376
1783704007469 47.159704115241766 743424
1783704017668 11.218678826699033 745472
1783704027289 32.04368035402149 747520
1783704037230 39.29039678443223 749568
1783704046786 21.869285576511174 751616
1783704056817 39.47901215031743 753664
1783704066455 10.876148371491581 755712
1783704076354 1.1562928925268352 757760
1783704085737 81.39130330830812 759808
1783704095728 110.52592604607344 761856
1783704105221 31.216378963552415 763904
1783704115136 99.36516289412975 765952
1783704124803 0.7784233170095831 768000
1783704134828 40.95159970689565 770048
1783704144535 1.0636669141240418 772096
1783704154363 44.07219056971371 774144
1783704163867 1.123234207276255 776192
1783704171364 19.86491343798116 778240
1783704180223 0.8366411523893476 780288
1783704188788 66.0722419153899 782336
1783704197370 103.60140012204647 784384
1783704205863 0.9028003623243421 786432
1783704214235 30.03973899385892 788480
1783704222823 13.247401737142354 790528
1783704231258 58.203702804632485 792576
1783704239754 41.21886716037989 794624
1783704248266 21.7983477441594 796672
1783704256820 0.7573596031870693 798720
1783704264619 28.865818603895605 800768
1783704273021 38.90800187527202 802816
1783704281434 47.86069203168154 804864
1783704289981 37.92028718953952 806912
1783704298910 10.868802667595446 808960
1783704308089 28.2422360740602 811008
1783704317666 31.46594487503171 813056
1783704327188 59.12537530064583 815104
1783704336884 1.3890359848737717 817152
1783704346285 38.449362334795296 819200
1783704356042 10.13355227559805 821248
1783704365523 67.21517590433359 823296
1783704375368 26.43646890996024 825344
1783704384808 16.954883666709065 827392
1783704394658 66.48317376151681 829440
1783704404094 26.918379503302276 831488
1783704413848 53.495588555932045 833536
1783704423427 4.692670925986022 835584
1783704430851 42.04231966286898 837632
1783704436105 10.597515450790524 839680
1783704446304 1.154904748313129 841728
1783704456147 8.365215266123414 843776
1783704466216 61.6266614459455 845824
1783704475622 6.97862362768501 847872
1783704485248 38.84542117267847 849920
1783704494864 49.156067445874214 851968
1783704504774 77.31727860867977 854016
1783704514552 37.06049041822553 856064
1783704523956 1.0369202580768615 858112
1783704533808 20.46707954071462 860160
1783704543849 51.81925792619586 862208
1783704553769 116.76561789214611 864256
1783704562718 19.28881275933236 866304
1783704564176 21.159572342876345 868352
1783704565345 123.98046949505806 870400
1783704566546 73.0077058300376 872448
1783704567815 66.53292933478951 874496
1783704574514 8.255212907679379 876544
1783704580244 1.0831567328423262 878592
1783704589549 61.85553929954767 880640
1783704598635 28.265866990666837 882688
1783704606047 73.91747869551182 884736
1783704615377 11.73976221960038 886784
1783704624635 24.771544017829 888832
1783704634634 9.247253543231636 890880
1783704644486 13.18005301989615 892928
1783704654311 8.472442107275128 894976
1783704663549 23.0992752565071 897024
1783704670421 62.154387038201094 899072
1783704671533 16.41749802324921 901120
1783704672767 1.1974574900232255 903168
1783704674109 20.52883620420471 905216
1783704675497 19.564447296317667 907264
1783704682725 35.80372042581439 909312
1783704688208 53.37827128171921 911360
1783704694959 1.1663457709364593 913408
1783704702677 18.345490504056215 915456
1783704708925 8.025395338889211 917504
1783704717573 45.31222035549581 919552
1783704726608 9.837419816292822 921600
1783704739203 1.2942713198717684 923648
1783704748286 26.465568708255887 925696
1783704757501 1.8845177465118468 927744
1783704766349 24.197950122877955 929792
1783704775600 2.4684787238948047 931840
1783704784727 81.35558818280697 933888
1783704794226 18.965965412557125 935936
1783704803454 19.41148317651823 937984
1783704812885 38.623002126812935 940032
1783704822268 18.551254523918033 942080
1783704832184 42.89822666533291 944128
1783704841230 17.385579399764538 946176
1783704850768 17.432331493124366 948224
1783704860262 75.752710044384 950272
1783704869916 63.71097210422158 952320
1783704879446 62.46939813345671 954368
1783704889187 22.09727786714211 956416
1783704898320 117.03436389565468 958464
1783704908262 109.52610158920288 960512
1783704918132 84.95555685460567 962560
1783704927878 1.4090909492224455 964608
1783704937607 26.460235936567187 966656
1783704947527 35.86966535914689 968704
1783704957205 1.799665859900415 970752
1783704966995 17.501607766840607 972800
1783704976529 15.687050329521298 974848
1783704985973 17.861434458289295 976896
1783704995637 1.6885380446910858 978944
1783705005471 49.511153254657984 980992
1783705015031 1.4968947919551283 983040
1783705024796 43.37514636665583 985088
1783705034193 1.3235472976230085 987136
1783705043361 2.1171467415988445 989184
1783705052709 76.3090000897646 991232
1783705062360 54.48097055684775 993280
1783705071817 28.83134488388896 995328
1783705081393 44.1030746307224 997376
1783705090770 63.17056468129158 999424
1783705093414 0.5728330372108353 1000000
