1783692285307 22.0 2048
1783692293000 43.0 4096
1783692300940 66.0 6144
1783692308645 86.0 8192
1783692316923 107.0 10240
1783692325492 126.0 12288
1783692333763 144.0 14336
1783692341972 156.0 16384
1783692349894 170.0 18432
1783692358153 187.0 20480
1783692366265 202.0 22528
1783692369520 216.0 24576
1783692370522 230.0 26624
1783692371516 243.0 28672
1783692372681 256.0 30720
1783692373967 265.0 32768
1783692375194 275.0 34816
1783692376405 282.0 36864
1783692377635 289.0 38912
1783692380669 301.0 40960
1783692386512 307.0 43008
1783692394006 323.0 45056
1783692402094 336.0 47104
1783692410349 343.0 49152
1783692418178 352.0 51200
1783692426706 363.0 53248
1783692434853 372.0 55296
1783692443282 376.0 57344
1783692451626 382.0 59392
1783692455981 389.0 61440
1783692457057 397.0 63488
1783692458032 402.0 65536
1783692459110 408.0 67584
1783692460633 415.0 69632
1783692467696 417.0 71680
1783692472999 419.0 73728
1783692481527 423.0 75776
1783692489736 426.0 77824
1783692498270 428.0 79872
1783692507004 431.0 81920
1783692515600 435.0 83968
1783692523854 437.0 86016
1783692532194 439.0 88064
1783692540625 442.0 90112
1783692548856 444.0 92160
1783692557278 447.0 94208
1783692565602 449.0 96256
1783692574324 451.0 98304
1783692582319 453.0 100352
1783692590967 455.0 102400
1783692596329 457.0 104448
1783692597270 460.0 106496
1783692598610 462.0 108544
1783692599714 464.0 110592
1783692600889 467.0 112640
1783692607122 469.0 114688
1783692612169 471.0 116736
1783692620131 473.0 118784
1783692628451 475.0 120832
1783692636816 477.0 122880
1783692645092 480.0 124928
1783692653164 482.0 126976
1783692661529 485.0 129024
1783692669463 487.0 131072
1783692677460 489.0 133120
1783692685468 491.0 135168
1783692693077 493.0 137216
1783692701050 496.0 139264
1783692708644 499.0 141312
1783692716677 502.0 143360
1783692724531 504.0 145408
1783692732410 507.0 147456
1783692740654 509.0 149504
1783692748360 512.0 151552
1783692756546 515.0 153600
1783692764020 518.0 155648
1783692772033 521.0 157696
1783692779913 523.0 159744
1783692788127 526.0 161792
1783692796402 531.0 163840
1783692804272 534.0 165888
1783692812440 538.0 167936
1783692820204 541.0 169984
1783692828178 545.0 172032
1783692836211 549.0 174080
1783692844459 552.0 176128
1783692852620 556.0 178176
1783692860378 560.0 180224
1783692868154 564.0 182272
1783692875780 567.0 184320
1783692883421 571.0 186368
1783692891433 576.0 188416
1783692899004 580.0 190464
1783692905479 585.0 192512
1783692913639 589.0 194560
1783692922048 594.0 196608
1783692930589 599.0 198656
1783692938893 604.0 200704
1783692947416 609.0 202752
1783692955699 614.0 204800
1783692964069 619.0 206848
1783692972150 625.0 208896
1783692980425 629.0 210944
1783692981411 634.0 212992
1783692984197 640.0 215040
1783692990571 645.0 217088
1783692998947 650.0 219136
1783693007219 655.0 221184
1783693015771 660.0 223232
1783693023952 665.0 225280
1783693032541 671.0 227328
1783693041040 677.0 229376
1783693049081 683.0 231424
1783693057454 689.0 233472
1783693065797 695.0 235520
1783693074261 700.0 237568
1783693082317 705.0 239616
1783693090795 711.0 241664
1783693099021 716.0 243712
1783693107626 719.0 245760
1783693116088 724.0 247808
1783693123684 730.0 249856
1783693132173 735.0 251904
1783693140467 740.0 253952
1783693148315 746.0 256000
1783693156050 752.0 258048
1783693164052 757.0 260096
1783693172232 762.0 262144
1783693179855 768.0 264192
1783693187785 775.0 266240
1783693195544 781.0 268288
1783693203630 787.0 270336
1783693211393 793.0 272384
1783693218668 800.0 274432
1783693226736 806.0 276480
1783693234449 810.0 278528
1783693242480 814.0 280576
1783693250307 820.0 282624
1783693258373 827.0 284672
1783693266491 833.0 286720
1783693274457 838.0 288768
1783693282848 842.0 290816
1783693290958 846.0 292864
1783693298743 852.0 294912
1783693306559 858.0 296960
1783693314726 864.0 299008
1783693322721 871.0 301056
1783693328932 876.0 303104
1783693335996 882.0 305152
1783693344279 888.0 307200
1783693352638 894.0 309248
1783693360776 900.0 311296
1783693368701 906.0 313344
1783693377365 910.0 315392
1783693385608 915.0 317440
1783693394412 921.0 319488
1783693402707 927.0 321536
1783693411152 933.0 323584
1783693419513 939.0 325632
1783693428288 944.0 327680
1783693436013 950.0 329728
1783693444123 956.0 331776
1783693453073 961.0 333824
1783693461757 967.0 335872
1783693470582 973.0 337920
1783693478554 980.0 339968
1783693486969 986.0 342016
1783693495112 991.0 344064
1783693504008 996.0 346112
1783693512358 1000.0 348160
1783693520661 1006.0 350208
1783693529462 1011.0 352256
1783693537537 1015.0 354304
1783693546289 1020.0 356352
1783693554279 1025.0 358400
1783693562725 1030.0 360448
1783693570673 1035.0 362496
1783693578770 1039.0 364544
1783693586981 1043.0 366592
1783693595390 1047.0 368640
1783693603766 1052.0 370688
1783693611846 1056.0 372736
1783693620321 1060.0 374784
1783693627853 1064.0 376832
1783693635755 1067.0 378880
1783693643677 1071.0 380928
1783693646018 1074.0 382976
1783693650947 1078.0 385024
1783693658839 1082.0 387072
1783693666434 1086.0 389120
1783693672928 1090.0 391168
1783693680854 1092.0 393216
1783693688715 1096.0 395264
1783693696885 1099.0 397312
1783693704645 1104.0 399360
1783693712851 1107.0 401408
1783693720655 1111.0 403456
1783693728623 1115.0 405504
1783693736578 1119.0 407552
1783693744472 1122.0 409600
1783693752749 1126.0 411648
1783693760892 1130.0 413696
1783693769272 1133.0 415744
1783693777192 1136.0 417792
1783693785598 1140.0 419840
1783693793665 1143.0 421888
1783693802018 1146.0 423936
1783693809994 1150.0 425984
1783693817950 1155.0 428032
1783693826128 1159.0 430080
1783693834078 1163.0 432128
1783693842181 1167.0 434176
1783693850118 1171.0 436224
1783693858319 1174.0 438272
1783693866506 1177.0 440320
1783693874798 1181.0 442368
1783693883289 1185.0 444416
1783693891474 1188.0 446464
1783693900009 1191.0 448512
1783693908230 1196.0 450560
1783693912868 1200.0 452608
1783693914464 1205.0 454656
1783693922018 1208.0 456704
1783693927194 1212.0 458752
1783693935865 1216.0 460800
1783693943806 1221.0 462848
1783693952071 1225.0 464896
1783693960256 1230.0 466944
1783693968779 1234.0 468992
1783693977344 1239.0 471040
1783693985895 1244.0 473088
1783693994509 1247.0 475136
1783694002633 1251.0 477184
1783694011180 1254.0 479232
1783694019182 1259.0 481280
1783694027858 1264.0 483328
1783694035660 1269.0 485376
1783694044007 1273.0 487424
1783694052166 1278.0 489472
1783694060587 1283.0 491520
1783694068937 1288.0 493568
1783694077108 1292.0 495616
1783694085680 1297.0 497664
1783694093815 1302.0 499712
1783694102286 1307.0 501760
1783694109809 1312.0 503808
1783694117812 1318.0 505856
1783694125665 1322.0 507904
1783694133482 1327.0 509952
1783694141438 1332.0 512000
1783694149227 1336.0 514048
1783694156305 1340.0 516096
1783694164030 1342.0 518144
1783694172120 1348.0 520192
1783694180305 1352.0 522240
1783694187755 1357.0 524288
1783694195554 1362.0 526336
1783694203378 1366.0 528384
1783694211238 1371.0 530432
1783694218862 1375.0 532480
1783694226780 1379.0 534528
1783694235111 1385.0 536576
1783694242951 1390.0 538624
1783694251234 1394.0 540672
1783694259039 1399.0 542720
1783694267030 1403.0 544768
1783694275043 1409.0 546816
1783694283412 1415.0 548864
1783694291606 1421.0 550912
1783694299602 1426.0 552960
1783694307937 1433.0 555008
1783694315832 1436.0 557056
1783694324044 1441.0 559104
1783694332111 1446.0 561152
1783694340451 1452.0 563200
1783694348986 1457.0 565248
1783694357166 1462.0 567296
1783694365524 1468.0 569344
1783694373532 1473.0 571392
1783694382032 1479.0 573440
1783694390101 1485.0 575488
1783694398716 1491.0 577536
1783694406846 1496.0 579584
1783694415507 1501.0 581632
1783694423830 1505.0 583680
1783694432039 1511.0 585728
1783694440382 1517.0 587776
1783694448727 1521.0 589824
1783694457356 1527.0 591872
1783694465567 1532.0 593920
1783694474184 1537.0 595968
1783694482468 1542.0 598016
1783694490771 1550.0 600064
1783694498960 1556.0 602112
1783694507596 1562.0 604160
1783694515963 1570.0 606208
1783694524467 1575.0 608256
1783694533085 1581.0 610304
1783694541258 1587.0 612352
1783694549919 1592.0 614400
1783694557931 1599.0 616448
1783694566630 1606.0 618496
1783694574798 1613.0 620544
1783694583246 1620.0 622592
1783694591022 1626.0 624640
1783694599193 1633.0 626688
1783694607208 1638.0 628736
1783694615301 1644.0 630784
1783694621283 1650.0 632832
1783694622317 1656.0 634880
1783694623371 1662.0 636928
1783694626626 1669.0 638976
1783694633027 1675.0 641024
1783694634128 1681.0 643072
1783694635128 1687.0 645120
1783694639556 1691.0 647168
1783694640960 1699.0 649216
1783694641966 1703.0 651264
