1783692285307 -190.3197649125647 2048
1783692293000 -145.0091437378399 4096
1783692300940 -161.68638008402726 6144
1783692308645 -151.0268105795979 8192
1783692316923 -104.19877553288116 10240
1783692325492 -158.82916091776136 12288
1783692333763 -141.86640960050119 14336
1783692341972 -144.21140671275538 16384
1783692349894 -111.48722758558638 18432
1783692358153 -144.55570061863426 20480
1783692366265 -102.97712245122727 22528
1783692369520 -98.07209153820432 24576
1783692370522 -109.27865613362621 26624
1783692371516 -90.53524516445867 28672
1783692372681 -84.44721900661996 30720
1783692373967 -80.77156629246129 32768
1783692375194 -86.63279099523086 34816
1783692376405 -133.11672168947172 36864
1783692377635 -114.87211444366025 38912
1783692380669 -132.38997852310746 40960
1783692386512 -105.70288214008356 43008
1783692394006 -57.665185344738845 45056
1783692402094 -52.094082974240834 47104
1783692410349 -39.40229618678999 49152
1783692418178 -49.722411477003945 51200
1783692426706 -64.12628104101428 53248
1783692434853 -47.40125748657723 55296
1783692443282 -51.291248464930916 57344
1783692451626 -53.09722375429783 59392
1783692455981 -47.44116647321556 61440
1783692457057 -30.758977121604083 63488
1783692458032 -29.07279091848895 65536
1783692459110 -32.09161789865144 67584
1783692460633 -39.0996883060635 69632
1783692467696 -39.944006881097884 71680
1783692472999 -36.40115615360233 73728
1783692481527 -25.55660953006886 75776
1783692489736 -27.55162262395233 77824
1783692498270 -19.12251107578295 79872
1783692507004 -1.8931330788767782 81920
1783692515600 15.603983633810966 83968
1783692523854 28.46591696840296 86016
1783692532194 33.175793988628534 88064
1783692540625 42.32594272484949 90112
1783692548856 50.51405133452816 92160
1783692557278 50.23626556480754 94208
1783692565602 58.09811922000888 96256
1783692574324 57.17743848094477 98304
1783692582319 60.693852872469805 100352
1783692590967 63.87025816597596 102400
1783692596329 50.36392612148428 104448
1783692597270 39.01314384415532 106496
1783692598610 28.433004822366986 108544
1783692599714 27.920179135395262 110592
1783692600889 21.75269157453271 112640
1783692607122 12.782090565372775 114688
1783692612169 11.983783635673717 116736
1783692620131 2.5750081655716572 118784
1783692628451 -1.9958246966063968 120832
1783692636816 9.223700298411886 122880
1783692645092 28.60927251165674 124928
1783692653164 36.66845026309992 126976
1783692661529 24.153340762927748 129024
1783692669463 49.33783256825356 131072
1783692677460 62.52475017326044 133120
1783692685468 62.829963523939384 135168
1783692693077 65.60670130436003 137216
1783692701050 50.75794264050036 139264
1783692708644 53.99121891830589 141312
1783692716677 45.46523954636068 143360
1783692724531 62.48931963417671 145408
1783692732410 62.53153393138066 147456
1783692740654 52.87849940781496 149504
1783692748360 60.74260362288288 151552
1783692756546 68.31748999034855 153600
1783692764020 84.01727469596025 155648
1783692772033 120.489679943331 157696
1783692779913 111.8673170973592 159744
1783692788127 135.02625737677303 161792
1783692796402 153.8686764239 163840
1783692804272 168.30409785304215 165888
1783692812440 176.28851449381574 167936
1783692820204 167.61955140138681 169984
1783692828178 164.25551249008785 172032
1783692836211 158.76268236615354 174080
1783692844459 141.44887897154132 176128
1783692852620 121.96784583146112 178176
1783692860378 97.00420898093483 180224
1783692868154 122.18505351862545 182272
1783692875780 93.98860020227278 184320
1783692883421 114.6672148917331 186368
1783692891433 123.33514626635767 188416
1783692899004 106.2838059505074 190464
1783692905479 91.19531408058617 192512
1783692913639 112.38997487500365 194560
1783692922048 101.66252408086561 196608
1783692930589 127.89244626172982 198656
1783692938893 162.2265957661029 200704
1783692947416 150.4347116279579 202752
1783692955699 140.03975570846686 204800
1783692964069 111.18043704257828 206848
1783692972150 120.02140355130726 208896
1783692980425 131.83915965490507 210944
1783692981411 156.18876747931768 212992
1783692984197 139.83255954044003 215040
1783692990571 121.61222970887881 217088
1783692998947 124.34489839890648 219136
1783693007219 131.9978261966324 221184
1783693015771 171.67600533446605 223232
1783693023952 194.0695025256592 225280
1783693032541 171.07970581037162 227328
1783693041040 176.54711577089614 229376
1783693049081 152.62323429925215 231424
1783693057454 126.40356733764244 233472
1783693065797 83.39561401235437 235520
1783693074261 56.072285163051866 237568
1783693082317 53.78609411354476 239616
1783693090795 75.75435328108996 241664
1783693099021 104.36292096327176 243712
1783693107626 123.4688188304577 245760
1783693116088 154.00738751412862 247808
1783693123684 170.85672142397817 249856
1783693132173 157.75141845709283 251904
1783693140467 126.4021010161462 253952
1783693148315 76.6826367969624 256000
1783693156050 96.813341319388 258048
1783693164052 106.98976453961181 260096
1783693172232 125.64248275361481 262144
1783693179855 141.09540266126558 264192
1783693187785 101.8692826831684 266240
1783693195544 64.78638898193189 268288
1783693203630 63.887944033646704 270336
1783693211393 85.53314972286941 272384
1783693218668 64.11317092108527 274432
1783693226736 92.60395818601756 276480
1783693234449 102.5757183656331 278528
1783693242480 144.11274504573333 280576
1783693250307 181.2530336376521 282624
1783693258373 135.3988784928619 284672
1783693266491 116.25360181651494 286720
1783693274457 105.02712806530607 288768
1783693282848 124.96670337644585 290816
1783693290958 164.48043297917857 292864
1783693298743 177.178382511359 294912
1783693306559 175.4695206759955 296960
1783693314726 126.47943130497865 299008
1783693322721 91.68723928270836 301056
1783693328932 88.04408687229535 303104
1783693335996 82.44641685970625 305152
1783693344279 98.5387046270818 307200
1783693352638 101.40373604837285 309248
1783693360776 100.57715837818014 311296
1783693368701 94.24379603941148 313344
1783693377365 102.3549229280795 315392
1783693385608 86.48997575596555 317440
1783693394412 65.2204209185167 319488
1783693402707 99.56823366458963 321536
1783693411152 54.53597474024311 323584
1783693419513 97.63036821137842 325632
1783693428288 86.60132554962459 327680
1783693436013 112.49325228156047 329728
1783693444123 120.67210767211768 331776
1783693453073 118.05122829378263 333824
1783693461757 76.00958744073218 335872
1783693470582 65.51147158498785 337920
1783693478554 27.91232626046201 339968
1783693486969 37.29209089590197 342016
1783693495112 63.213808878992154 344064
1783693504008 57.9048346726823 346112
1783693512358 102.16187193390545 348160
1783693520661 113.97743353810162 350208
1783693529462 101.89002699884823 352256
1783693537537 114.785209626993 354304
1783693546289 85.31221636118539 356352
1783693554279 78.70118251567717 358400
1783693562725 95.54925161273988 360448
1783693570673 97.40232047775159 362496
1783693578770 107.6549423641737 364544
1783693586981 132.6604377255774 366592
1783693595390 140.73013346465305 368640
1783693603766 111.05165732200093 370688
1783693611846 105.1639104812017 372736
1783693620321 92.58742051842685 374784
1783693627853 69.03800351005579 376832
1783693635755 87.71146026667854 378880
1783693643677 116.13638567889714 380928
1783693646018 84.1152871783484 382976
1783693650947 73.19141741279144 385024
1783693658839 79.77594765643008 387072
1783693666434 85.4944986053832 389120
1783693672928 62.75869540212144 391168
1783693680854 76.52232099301399 393216
1783693688715 95.9106856996375 395264
1783693696885 97.62031663037442 397312
1783693704645 69.396688097282 399360
1783693712851 65.56732384757534 401408
1783693720655 87.07616180708514 403456
1783693728623 89.12016637410348 405504
1783693736578 94.13552257058878 407552
1783693744472 107.44983636343007 409600
1783693752749 87.77386873695968 411648
1783693760892 45.049885774842075 413696
1783693769272 34.957361085846856 415744
1783693777192 54.67886474790161 417792
1783693785598 59.24304907934752 419840
1783693793665 71.35826800456265 421888
1783693802018 92.49816173584327 423936
1783693809994 109.64787275166702 425984
1783693817950 104.75576102847704 428032
1783693826128 128.73741263351613 430080
1783693834078 113.129620900322 432128
1783693842181 134.2071337020175 434176
1783693850118 145.8484437451392 436224
1783693858319 157.01784177626269 438272
1783693866506 165.25038377936363 440320
1783693874798 160.99888601936595 442368
1783693883289 119.06709952058699 444416
1783693891474 114.33895000131209 446464
1783693900009 115.06523688297409 448512
1783693908230 102.22746160568352 450560
1783693912868 116.59012482269779 452608
1783693914464 136.16989834568375 454656
1783693922018 123.07449476866331 456704
1783693927194 114.15747638143498 458752
1783693935865 133.44261913636848 460800
1783693943806 114.66524039127066 462848
1783693952071 115.20044764291906 464896
1783693960256 111.83518650462516 466944
1783693968779 95.24903161215641 468992
1783693977344 97.54540231427646 471040
1783693985895 88.89064318808859 473088
1783693994509 69.92319713363199 475136
1783694002633 100.34839798532708 477184
1783694011180 108.25169045425089 479232
1783694019182 101.98779571785187 481280
1783694027858 117.1865787030259 483328
1783694035660 113.9167672387731 485376
1783694044007 102.37411983500934 487424
1783694052166 105.98031557445904 489472
1783694060587 93.7375266957005 491520
1783694068937 105.65448453149682 493568
1783694077108 126.52989337990034 495616
1783694085680 130.10760680298145 497664
1783694093815 126.7116710801696 499712
1783694102286 124.24970896856628 501760
1783694109809 111.99059785919906 503808
1783694117812 92.30768388029705 505856
1783694125665 88.0863244985632 507904
1783694133482 66.45162085869116 509952
1783694141438 87.85832395439047 512000
1783694149227 91.57812156553415 514048
1783694156305 104.64901212079766 516096
1783694164030 112.44611513000696 518144
1783694172120 75.76065941349498 520192
1783694180305 20.761320630210577 522240
1783694187755 16.425051657397045 524288
1783694195554 -0.433512725933037 526336
1783694203378 31.41010606064267 528384
1783694211238 57.42075625243132 530432
1783694218862 87.72719795810944 532480
1783694226780 87.6405613060143 534528
1783694235111 75.37745622573684 536576
1783694242951 103.52121449678432 538624
1783694251234 75.66833450856726 540672
1783694259039 78.97653396824951 542720
1783694267030 107.23385893452837 544768
1783694275043 95.81582822575703 546816
1783694283412 110.26051975329685 548864
1783694291606 82.59257029572292 550912
1783694299602 70.04277147558062 552960
1783694307937 73.8931593264389 555008
1783694315832 84.67859231012338 557056
1783694324044 99.79575075302841 559104
1783694332111 125.24219205394047 561152
1783694340451 139.28107649952432 563200
1783694348986 110.76484296272812 565248
1783694357166 120.4584921384999 567296
1783694365524 125.27761056868246 569344
1783694373532 143.90376827213984 571392
1783694382032 162.39265141542288 573440
1783694390101 166.01549801341866 575488
1783694398716 154.5793891866085 577536
1783694406846 156.61703123765602 579584
1783694415507 119.44090061261113 581632
1783694423830 98.32344980632362 583680
1783694432039 100.70467276775096 585728
1783694440382 83.88358648640148 587776
1783694448727 120.14491539135061 589824
1783694457356 106.43117985168519 591872
1783694465567 136.43015589486026 593920
1783694474184 149.40277312081972 595968
1783694482468 149.08152281676564 598016
1783694490771 126.93811589654152 600064
1783694498960 120.92106714856975 602112
1783694507596 102.75744852448005 604160
1783694515963 109.07935529224434 606208
1783694524467 121.65513611131693 608256
1783694533085 164.82649597637993 610304
1783694541258 185.63550391787237 612352
1783694549919 167.77041898526053 614400
1783694557931 112.27931191118815 616448
1783694566630 96.04861982209714 618496
1783694574798 87.19314057311722 620544
1783694583246 89.50833973544727 622592
1783694591022 85.99110935144884 624640
1783694599193 106.28651716968079 626688
1783694607208 126.97615437557059 628736
1783694615301 109.90543394365045 630784
1783694621283 147.07152448205755 632832
1783694622317 153.42958385321032 634880
1783694623371 151.15988064748348 636928
1783694626626 106.85709363682804 638976
1783694633027 94.3356258374404 641024
1783694634128 97.7944184225451 643072
1783694635128 158.07361828784454 645120
1783694639556 157.8400290486033 647168
1783694640960 155.08573681196899 649216
1783694641966 167.75598110558968 651264
