1783628170739 1.3838651813566685 2048
1783628171471 1.3722931267693639 4096
1783628172188 1.3494341801851988 6144
1783628172973 1.3632540991529822 8192
1783628173679 1.3510337881743908 10240
1783628174301 1.3606136934831738 12288
1783628174965 1.3745881104841828 14336
1783628175581 1.3833438092842698 16384
1783628176284 1.381096881814301 18432
1783628176949 1.3608989138156176 20480
1783628177651 1.3731257198378444 22528
1783628178267 1.3788002450019121 24576
1783628178986 1.3829532591626048 26624
1783628179622 1.3809382803738117 28672
1783628180321 1.3816914949566126 30720
1783628180959 1.3761829249560833 32768
1783628181655 1.3821894628927112 34816
1783628182261 1.3779311329126358 36864
1783628182947 1.3785412702709436 38912
1783628183685 1.3849037885665894 40960
1783628184372 1.382430142723024 43008
1783628184991 1.3716152673587203 45056
1783628185594 1.3531550550833344 47104
1783628186351 1.3615075126290321 49152
1783628186988 1.3712636390700936 51200
1783628187717 1.3562333835288882 53248
1783628188429 1.3357084300369024 55296
1783628189156 1.335658896714449 57344
1783628189889 1.3529204344376922 59392
1783628190599 1.3624807577580214 61440
1783628191381 1.37267991527915 63488
1783628192174 1.3753685522824526 65536
1783628192867 1.359167905524373 67584
1783628193504 1.3386187320575118 69632
1783628194127 1.33105528075248 71680
1783628194745 1.343646696768701 73728
1783628195422 1.3546323981136084 75776
1783628196016 1.3640892831608653 77824
1783628196829 1.3687675604596734 79872
1783628197524 1.3335871789604425 81920
1783628198151 1.350724550895393 83968
1783628198783 1.36730938218534 86016
1783628199414 1.379272822290659 88064
1783628200109 1.3600229742005467 90112
1783628200849 1.3513830695301294 92160
1783628201519 1.371483663097024 94208
1783628202181 1.3824411667883396 96256
1783628202833 1.3839266235008836 98304
1783628203552 1.3833782896399498 100352
1783628204267 1.3822855642065406 102400
1783628204969 1.3769001075997949 104448
1783628205601 1.376086376607418 106496
1783628206252 1.3746759686619043 108544
1783628206861 1.3670432129874825 110592
1783628207567 1.3794536050409079 112640
1783628208189 1.3704620050266385 114688
1783628208871 1.3795068264007568 116736
1783628209570 1.3750288616865873 118784
1783628210274 1.368868637830019 120832
1783628210933 1.373747550882399 122880
1783628211583 1.3796581700444221 124928
1783628212300 1.3827442256733775 126976
1783628212896 1.382038607262075 129024
1783628213657 1.378154993057251 131072
1783628214414 1.381584388203919 133120
1783628215199 1.380191182717681 135168
1783628215969 1.382359185256064 137216
1783628216695 1.3840062376111746 139264
1783628217510 1.3797652060166001 141312
1783628218233 1.3781359260901809 143360
1783628218999 1.3744343668222427 145408
1783628219637 1.3667839420959353 147456
1783628220578 1.3697853730991483 149504
1783628221310 1.3750872630625963 151552
1783628221971 1.3775826301425695 153600
1783628222952 1.3538071336224675 155648
1783628223764 1.359486060217023 157696
1783628224812 1.3702914947643876 159744
1783628225727 1.361479970626533 161792
1783628226475 1.3689093822613358 163840
1783628227170 1.364487536251545 165888
1783628228203 1.3700671419501305 167936
1783628228984 1.3540105046704412 169984
1783628229691 1.3389954986050725 172032
1783628230849 1.3184163942933083 174080
1783628231640 1.3059457978233695 176128
1783628232501 1.2833165507763624 178176
1783628233483 1.290739961899817 180224
1783628234587 1.2821177579462528 182272
1783628235467 1.2353467913344502 184320
1783628236270 1.2576071545481682 186368
1783628237354 1.2000909084454179 188416
1783628238152 1.2696031527593732 190464
1783628238889 1.2744937250390649 192512
1783628239929 1.23315966501832 194560
1783628240711 1.2231749249622226 196608
1783628241585 1.2148006036877632 198656
1783628242474 1.2055135872215033 200704
1783628243373 1.205425526946783 202752
1783628244359 1.1839671107009053 204800
1783628245455 1.195225385017693 206848
1783628246182 1.2326360642910004 208896
1783628246856 1.2146059107035398 210944
1783628247831 1.2311723828315735 212992
1783628248584 1.2209946913644671 215040
1783628249246 1.2213415475562215 217088
1783628250313 1.2185453968122602 219136
1783628251065 1.2448392808437347 221184
1783628251810 1.2303123166784644 223232
1783628252820 1.1623183442279696 225280
1783628253712 1.179724596440792 227328
1783628254510 1.1982146808877587 229376
1783628255611 1.17694868799299 231424
1783628256534 1.1580247785896063 233472
1783628257329 1.2377124559134245 235520
1783628258400 1.2739126272499561 237568
1783628259130 1.2171176047995687 239616
1783628259910 1.2134697828441858 241664
1783628260998 1.2097203712910414 243712
1783628261798 1.225266213528812 245760
1783628262557 1.2342442646622658 247808
1783628263250 1.2030543368309736 249856
1783628264058 1.2445288747549057 251904
1783628264954 1.2315382761880755 253952
1783628265585 1.1746720504015684 256000
1783628266476 1.1933057382702827 258048
1783628267581 1.1814740365371108 260096
1783628268317 1.1557968240231276 262144
1783628269100 1.1522241039201617 264192
1783628269930 1.1819541957229376 266240
1783628270672 1.187586672604084 268288
1783628271308 1.1677832258865237 270336
1783628272405 1.182134703733027 272384
1783628273425 1.1337224524468184 274432
1783628274166 1.1352085564285517 276480
1783628274955 1.114912362769246 278528
1783628275597 1.1492053186520934 280576
1783628276290 1.1687646685168147 282624
1783628277332 1.1747119119390845 284672
1783628278063 1.161688026972115 286720
1783628278850 1.1433302527293563 288768
1783628279745 1.1744601288810372 290816
1783628280416 1.1718620778992772 292864
1783628281395 1.2234241906553507 294912
1783628282420 1.2355027385056019 296960
1783628283173 1.2539663976058364 299008
1783628284002 1.2403685618191957 301056
1783628285102 1.284558960236609 303104
1783628285814 1.2828389331698418 305152
1783628286477 1.296375010162592 307200
1783628287413 1.330257716588676 309248
1783628288293 1.2806845558807254 311296
1783628289169 1.3033375451341271 313344
1783628290285 1.2669782247394323 315392
1783628291013 1.2934014406055212 317440
1783628291744 1.290045046247542 319488
1783628292688 1.3021599985659122 321536
1783628293435 1.293618026189506 323584
1783628294060 1.3124437220394611 325632
1783628294984 1.315601204521954 327680
1783628295760 1.2990235202014446 329728
1783628296473 1.3002928588539362 331776
1783628297281 1.3022370813414454 333824
1783628298080 1.2926802337169647 335872
1783628298775 1.3064366169273853 337920
1783628299811 1.314843068830669 339968
1783628300575 1.2931035729125142 342016
1783628301216 1.304215275682509 344064
1783628302098 1.2707173367962241 346112
1783628302921 1.3181921653449535 348160
1783628303702 1.3162095621228218 350208
1783628304644 1.3300227522850037 352256
1783628305410 1.3179438281804323 354304
1783628306065 1.3121767593547702 356352
1783628307055 1.3051734315231442 358400
1783628307849 1.2874537976458669 360448
1783628308547 1.2737893406301737 362496
1783628309365 1.2718433775007725 364544
1783628310083 1.273603480309248 366592
1783628310939 1.2913514086976647 368640
1783628311672 1.2943963380530477 370688
1783628312349 1.2867518402636051 372736
1783628313262 1.302903812378645 374784
1783628313918 1.3004197431728244 376832
1783628314680 1.293582746759057 378880
1783628315436 1.2984160212799907 380928
1783628316112 1.3052262980490923 382976
1783628316761 1.2709688125178218 385024
1783628318138 1.2703289967030287 387072
1783628318782 1.27578105032444 389120
1783628319414 1.2550273006781936 391168
1783628320306 1.2799482801929116 393216
1783628321063 1.2557263765484095 395264
1783628321728 1.299432473257184 397312
1783628322776 1.2690036622807384 399360
1783628323520 1.3007087726145983 401408
1783628324237 1.2825974887236953 403456
1783628325256 1.237023170106113 405504
1783628326126 1.3066452043130994 407552
1783628326961 1.286688388325274 409600
1783628327814 1.2944188602268696 411648
1783628328573 1.296525053679943 413696
1783628329480 1.3091351771727204 415744
1783628330450 1.3046874580904841 417792
1783628331286 1.3310530558228493 419840
1783628332171 1.3028527051210403 421888
1783628333115 1.3180809393525124 423936
1783628333839 1.3119181487709284 425984
1783628334535 1.267335002310574 428032
1783628335464 1.321947772987187 430080
1783628336328 1.2688536811619997 432128
1783628337218 1.2401490584015846 434176
1783628340654 1.2560899564996362 436224
1783628342398 1.2961309794336557 438272
1783628343415 1.2423135014250875 440320
1783628344410 1.2368749342858791 442368
1783628349302 1.2765764435753226 444416
1783628351715 1.298664522357285 446464
1783628352564 1.2331674676388502 448512
1783628353716 1.3051373613998294 450560
1783628354762 1.2774544348940253 452608
1783628355546 1.2940120669081807 454656
1783628356630 1.2684505973011255 456704
1783628357732 1.2827979810535908 458752
1783628358512 1.2163626719266176 460800
1783628359613 1.2044325340539217 462848
1783628360765 1.1995408851653337 464896
1783628361754 1.2607737239450216 466944
1783628362681 1.2095826920121908 468992
1783628363655 1.2163223791867495 471040
1783628364743 1.2111694365739822 473088
1783628365789 1.2299111047759652 475136
1783628366738 1.2297336040064692 477184
1783628367697 1.2095596753060818 479232
1783628368929 1.249910986982286 481280
1783628369798 1.1581424120813608 483328
1783628370784 1.260465863160789 485376
1783628372074 1.214187410660088 487424
1783628373008 1.2113600187003613 489472
1783628374000 1.227928820066154 491520
1783628375109 1.2309965258464217 493568
1783628375915 1.2657383605837822 495616
1783628376947 1.1995426137000322 497664
1783628378003 1.1983320321887732 499712
1783628378193 1.107237273454666 500000
