1783628170739 3113.0 2048
1783628171471 2946.0 4096
1783628172188 2916.0 6144
1783628172973 2833.0 8192
1783628173679 2845.0 10240
1783628174301 2911.0 12288
1783628174965 2935.0 14336
1783628175581 2979.0 16384
1783628176284 2971.0 18432
1783628176949 2982.0 20480
1783628177651 2976.0 22528
1783628178267 3002.0 24576
1783628178986 2989.0 26624
1783628179622 3005.0 28672
1783628180321 3000.0 30720
1783628180959 3012.0 32768
1783628181655 3008.0 34816
1783628182261 3026.0 36864
1783628182947 3024.0 38912
1783628183685 3010.0 40960
1783628184372 3009.0 43008
1783628184991 3021.0 45056
1783628185594 3036.0 47104
1783628186351 3021.0 49152
1783628186988 3028.0 51200
1783628187717 3019.0 53248
1783628188429 3013.0 55296
1783628189156 3006.0 57344
1783628189889 2998.0 59392
1783628190599 2994.0 61440
1783628191381 2980.0 63488
1783628192174 2966.0 65536
1783628192867 2966.0 67584
1783628193504 2972.0 69632
1783628194127 2980.0 71680
1783628194745 2989.0 73728
1783628195422 2990.0 75776
1783628196016 3000.0 77824
1783628196829 2986.0 79872
1783628197524 2985.0 81920
1783628198151 2991.0 83968
1783628198783 2996.0 86016
1783628199414 3002.0 88064
1783628200109 3000.0 90112
1783628200849 2995.0 92160
1783628201519 2996.0 94208
1783628202181 2998.0 96256
1783628202833 3001.0 98304
1783628203552 2998.0 100352
1783628204267 2995.0 102400
1783628204969 2993.0 104448
1783628205601 2998.0 106496
1783628206252 3000.0 108544
1783628206861 3006.0 110592
1783628207567 3004.0 112640
1783628208189 3009.0 114688
1783628208871 3009.0 116736
1783628209570 3008.0 118784
1783628210274 3006.0 120832
1783628210933 3007.0 122880
1783628211583 3010.0 124928
1783628212300 3007.0 126976
1783628212896 3013.0 129024
1783628213657 3007.0 131072
1783628214414 3002.0 133120
1783628215199 2995.0 135168
1783628215969 2990.0 137216
1783628216695 2987.0 139264
1783628217510 2979.0 141312
1783628218233 2977.0 143360
1783628218999 2972.0 145408
1783628219637 2975.0 147456
1783628220578 2960.0 149504
1783628221310 2958.0 151552
1783628221971 2960.0 153600
1783628222952 2943.0 155648
1783628223764 2937.0 157696
1783628224812 2918.0 159744
1783628225727 2907.0 161792
1783628226475 2905.0 163840
1783628227170 2905.0 165888
1783628228203 2889.0 167936
1783628228984 2885.0 169984
1783628229691 2885.0 172032
1783628230849 2864.0 174080
1783628231640 2861.0 176128
1783628232501 2854.0 178176
1783628233483 2842.0 180224
1783628234587 2825.0 182272
1783628235467 2818.0 184320
1783628236270 2815.0 186368
1783628237354 2800.0 188416
1783628238152 2798.0 190464
1783628238889 2797.0 192512
1783628239929 2785.0 194560
1783628240711 2783.0 196608
1783628241585 2778.0 198656
1783628242474 2772.0 200704
1783628243373 2766.0 202752
1783628244359 2757.0 204800
1783628245455 2744.0 206848
1783628246182 2744.0 208896
1783628246856 2747.0 210944
1783628247831 2739.0 212992
1783628248584 2739.0 215040
1783628249246 2742.0 217088
1783628250313 2731.0 219136
1783628251065 2731.0 221184
1783628251810 2731.0 223232
1783628252820 2722.0 225280
1783628253712 2718.0 227328
1783628254510 2716.0 229376
1783628255611 2705.0 231424
1783628256534 2700.0 233472
1783628257329 2699.0 235520
1783628258400 2689.0 237568
1783628259130 2690.0 239616
1783628259910 2690.0 241664
1783628260998 2680.0 243712
1783628261798 2679.0 245760
1783628262557 2679.0 247808
1783628263250 2681.0 249856
1783628264058 2680.0 251904
1783628264954 2676.0 253952
1783628265585 2680.0 256000
1783628266476 2676.0 258048
1783628267581 2667.0 260096
1783628268317 2668.0 262144
1783628269100 2668.0 264192
1783628269930 2666.0 266240
1783628270672 2667.0 268288
1783628271308 2670.0 270336
1783628272405 2661.0 272384
1783628273425 2655.0 274432
1783628274166 2656.0 276480
1783628274955 2655.0 278528
1783628275597 2659.0 280576
1783628276290 2661.0 282624
1783628277332 2654.0 284672
1783628278063 2655.0 286720
1783628278850 2654.0 288768
1783628279745 2651.0 290816
1783628280416 2654.0 292864
1783628281395 2649.0 294912
1783628282420 2643.0 296960
1783628283173 2643.0 299008
1783628284002 2642.0 301056
1783628285102 2635.0 303104
1783628285814 2636.0 305152
1783628286477 2639.0 307200
1783628287413 2635.0 309248
1783628288293 2633.0 311296
1783628289169 2631.0 313344
1783628290285 2623.0 315392
1783628291013 2624.0 317440
1783628291744 2626.0 319488
1783628292688 2622.0 321536
1783628293435 2623.0 323584
1783628294060 2626.0 325632
1783628294984 2623.0 327680
1783628295760 2623.0 329728
1783628296473 2624.0 331776
1783628297281 2624.0 333824
1783628298080 2624.0 335872
1783628298775 2625.0 337920
1783628299811 2620.0 339968
1783628300575 2620.0 342016
1783628301216 2623.0 344064
1783628302098 2621.0 346112
1783628302921 2620.0 348160
1783628303702 2620.0 350208
1783628304644 2617.0 352256
1783628305410 2618.0 354304
1783628306065 2620.0 356352
1783628307055 2616.0 358400
1783628307849 2616.0 360448
1783628308547 2617.0 362496
1783628309365 2617.0 364544
1783628310083 2618.0 366592
1783628310939 2617.0 368640
1783628311672 2618.0 370688
1783628312349 2619.0 372736
1783628313262 2617.0 374784
1783628313918 2619.0 376832
1783628314680 2620.0 378880
1783628315436 2620.0 380928
1783628316112 2622.0 382976
1783628316761 2624.0 385024
1783628318138 2614.0 387072
1783628318782 2616.0 389120
1783628319414 2619.0 391168
1783628320306 2617.0 393216
1783628321063 2617.0 395264
1783628321728 2619.0 397312
1783628322776 2615.0 399360
1783628323520 2616.0 401408
1783628324237 2617.0 403456
1783628325256 2613.0 405504
1783628326126 2611.0 407552
1783628326961 2610.0 409600
1783628327814 2609.0 411648
1783628328573 2610.0 413696
1783628329480 2608.0 415744
1783628330450 2605.0 417792
1783628331286 2604.0 419840
1783628332171 2602.0 421888
1783628333115 2600.0 423936
1783628333839 2601.0 425984
1783628334535 2602.0 428032
1783628335464 2600.0 430080
1783628336328 2599.0 432128
1783628337218 2597.0 434176
1783628340654 2557.0 436224
1783628342398 2543.0 438272
1783628343415 2540.0 440320
1783628344410 2537.0 442368
1783628349302 2479.0 444416
1783628351715 2458.0 446464
1783628352564 2457.0 448512
1783628353716 2453.0 450560
1783628354762 2450.0 452608
1783628355546 2451.0 454656
1783628356630 2448.0 456704
1783628357732 2444.0 458752
1783628358512 2445.0 460800
1783628359613 2442.0 462848
1783628360765 2438.0 464896
1783628361754 2436.0 466944
1783628362681 2435.0 468992
1783628363655 2433.0 471040
1783628364743 2430.0 473088
1783628365789 2427.0 475136
1783628366738 2426.0 477184
1783628367697 2425.0 479232
1783628368929 2420.0 481280
1783628369798 2420.0 483328
1783628370784 2418.0 485376
1783628372074 2413.0 487424
1783628373008 2412.0 489472
1783628374000 2410.0 491520
1783628375109 2407.0 493568
1783628375915 2407.0 495616
1783628376947 2405.0 497664
1783628378003 2403.0 499712
1783628378193 2402.0 500000
