1783628170739 -0.005001403216738254 2048
1783628171471 -0.0010027840580733027 4096
1783628172188 -0.0048308106561307795 6144
1783628172973 -0.004156629172939574 8192
1783628173679 -0.005983402894344181 10240
1783628174301 -0.0017300912222708575 12288
1783628174965 -0.00016325412798323669 14336
1783628175581 -0.0005723385656892788 16384
1783628176284 -0.005164271504327189 18432
1783628176949 -0.004883184923528461 20480
1783628177651 -0.002879211046092678 22528
1783628178267 -0.0009901671874104068 24576
1783628178986 -0.0025087357316806447 26624
1783628179622 -0.0005775309709861176 28672
1783628180321 -0.005694384149592224 30720
1783628180959 0.0008691344955877867 32768
1783628181655 -0.001804817879019538 34816
1783628182261 -0.001173435175587656 36864
1783628182947 -0.00069957693995093 38912
1783628183685 -0.0057946109809563495 40960
1783628184372 -0.0007961987575981766 43008
1783628184991 -0.0016670734585204627 45056
1783628185594 -0.004682397129727178 47104
1783628186351 -0.0034407480015943293 49152
1783628186988 -0.001334631389909191 51200
1783628187717 -0.005529760350327706 53248
1783628188429 0.000735633813746972 55296
1783628189156 -0.0034592243864608463 57344
1783628189889 -0.002141793018381577 59392
1783628190599 -0.0004280275279597845 61440
1783628191381 -0.006109334408392897 63488
1783628192174 -0.0015045803011162207 65536
1783628192867 -0.0016691242999513634 67584
1783628193504 -0.001010440548270708 69632
1783628194127 -0.0003040499323105905 71680
1783628194745 -0.0001326701312791556 73728
1783628195422 -0.0019564781396184117 75776
1783628196016 -0.0003902651606040308 77824
1783628196829 -0.0018490933816792676 79872
1783628197524 0.0010768070569611154 81920
1783628198151 -0.0029637000625371 83968
1783628198783 -0.0029009425179538084 86016
1783628199414 -0.004608542814821703 88064
1783628200109 -0.004376000626507448 90112
1783628200849 0.002414038528513629 92160
1783628201519 -0.0038565432478208095 94208
1783628202181 -0.0018298114082426764 96256
1783628202833 -0.00043080928662675433 98304
1783628203552 -0.0010925029819190968 100352
1783628204267 -0.0014575989916920662 102400
1783628204969 -0.0009261051818612032 104448
1783628205601 -0.0012856897556048352 106496
1783628206252 -0.0011210056545678526 108544
1783628206861 7.612267290824093e-05 110592
1783628207567 -0.0030493126214423683 112640
1783628208189 -0.00022798393547418527 114688
1783628208871 -0.004098664583580103 116736
1783628209570 -0.0016327943267242517 118784
1783628210274 1.7622020095586777e-05 120832
1783628210933 -0.00033592747058719397 122880
1783628211583 -3.443844798312057e-05 124928
1783628212300 -0.0019659324316307902 126976
1783628212896 -0.0016985908296192065 129024
1783628213657 0.0001499078789493069 131072
1783628214414 -0.0027672357864503283 133120
1783628215199 -0.0002959092853416223 135168
1783628215969 -0.001469866339903092 137216
1783628216695 -0.00023115060866985004 139264
1783628217510 -0.001298464172577951 141312
1783628218233 -0.0048298842484655324 143360
1783628218999 -0.001023228105623275 145408
1783628219637 9.437213702767622e-05 147456
1783628220578 -0.0032204511644522427 149504
1783628221310 -0.001285694221223821 151552
1783628221971 -0.0033685606285871472 153600
1783628222952 -0.006670739927358227 155648
1783628223764 -0.002650243473908631 157696
1783628224812 -0.0037235261443129275 159744
1783628225727 -0.0062215786092565395 161792
1783628226475 -0.008157499039953109 163840
1783628227170 -0.0017893123931571608 165888
1783628228203 -0.0031745424785185605 167936
1783628228984 0.00039891239430289716 169984
1783628229691 -0.006465110622229986 172032
1783628230849 -0.0005064237047918141 174080
1783628231640 -0.006587502619368024 176128
1783628232501 0.003428831936616916 178176
1783628233483 -0.0044650068957707845 180224
1783628234587 0.00197617847516085 182272
1783628235467 -0.00462621301994659 184320
1783628236270 -0.0025676788100099657 186368
1783628237354 0.0005500583956745686 188416
1783628238152 0.003434945858316496 190464
1783628238889 -0.007183431589510292 192512
1783628239929 -0.002010636955674272 194560
1783628240711 -0.003273942245868966 196608
1783628241585 -0.005361946408811491 198656
1783628242474 -0.0032012487135943957 200704
1783628243373 -0.008051696720940527 202752
1783628244359 -0.010939165396848693 204800
1783628245455 0.007662225700187264 206848
1783628246182 -0.003928470250684768 208896
1783628246856 -0.008632769557152642 210944
1783628247831 -0.007963580301293405 212992
1783628248584 -0.0066808233204938006 215040
1783628249246 -0.013204517716076225 217088
1783628250313 0.005045100519055268 219136
1783628251065 -0.0076095754993730225 221184
1783628251810 -0.00878006529455888 223232
1783628252820 -0.004535566517006373 225280
1783628253712 -0.003940290360333165 227328
1783628254510 -0.0062789618168608285 229376
1783628255611 0.0014591414437745698 231424
1783628256534 0.00021119938537594862 233472
1783628257329 -0.002941611719506909 235520
1783628258400 -0.003874377827742137 237568
1783628259130 -0.007795777331921272 239616
1783628259910 -0.007700096270127688 241664
1783628260998 0.0009920603370119352 243712
1783628261798 -0.007595405226311414 245760
1783628262557 -0.00334778363321675 247808
1783628263250 -0.012498786145442864 249856
1783628264058 -0.0066264778179174755 251904
1783628264954 -0.007646920228580711 253952
1783628265585 -0.0020111078993068077 256000
1783628266476 -0.001139939296990633 258048
1783628267581 -0.008093292155535892 260096
1783628268317 -0.009144992791334516 262144
1783628269100 -0.014496526251605246 264192
1783628269930 -0.006759582729500835 266240
1783628270672 -0.002070514383376576 268288
1783628271308 -0.0066370012136758305 270336
1783628272405 -0.0017974389484152198 272384
1783628273425 0.00197696980467299 274432
1783628274166 -0.011402559888665564 276480
1783628274955 -0.00392382568497851 278528
1783628275597 -0.003049000613827957 280576
1783628276290 -0.01694856489484664 282624
1783628277332 -0.0030721819093741942 284672
1783628278063 -0.009562141101923771 286720
1783628278850 -0.00030511563454638235 288768
1783628279745 -0.013670566946530016 290816
1783628280416 -0.010453375347424299 292864
1783628281395 -0.011005214411852648 294912
1783628282420 -0.005361015013477299 296960
1783628283173 -0.007935838020785013 299008
1783628284002 -0.00816555498749949 301056
1783628285102 -0.009197712806781055 303104
1783628285814 -0.0022600980701099616 305152
1783628286477 -0.0021648071669915225 307200
1783628287413 -0.0019339549071446527 309248
1783628288293 0.0005012837445974583 311296
1783628289169 -0.008062401782808593 313344
1783628290285 -0.001349007408862235 315392
1783628291013 -0.0015424158227688167 317440
1783628291744 -0.004514884712989442 319488
1783628292688 0.001404841063049389 321536
1783628293435 -0.00046690190720255487 323584
1783628294060 -0.003929117388906889 325632
1783628294984 -0.009562305815052241 327680
1783628295760 0.006963382867979817 329728
1783628296473 0.003873466182994889 331776
1783628297281 -0.005998402299155714 333824
1783628298080 0.0013618659286294132 335872
1783628298775 0.00043959820504824165 337920
1783628299811 -0.0014836319860478397 339968
1783628300575 -0.004153208305069711 342016
1783628301216 -0.002913479089329485 344064
1783628302098 -0.010724609608587343 346112
1783628302921 0.0012055936240358278 348160
1783628303702 -0.007848386503610527 350208
1783628304644 -0.0009675913242972456 352256
1783628305410 -0.004510547074460192 354304
1783628306065 -0.00631507096477435 356352
1783628307055 -0.0012670180840359535 358400
1783628307849 -0.0009415072836418403 360448
1783628308547 0.004737037193990545 362496
1783628309365 0.004024484553156071 364544
1783628310083 -0.001966563366295304 366592
1783628310939 0.006389489160937956 368640
1783628311672 -0.0022386324708350003 370688
1783628312349 0.003191103027347708 372736
1783628313262 0.0002726316342887003 374784
1783628313918 0.00013621872130897827 376832
1783628314680 -0.001554364103867556 378880
1783628315436 -0.0037658679102605674 380928
1783628316112 -0.0031274373777705478 382976
1783628316761 -0.0053109581203898415 385024
1783628318138 -0.003223703693947755 387072
1783628318782 0.005410446694440907 389120
1783628319414 -0.003955997060984373 391168
1783628320306 -0.005522360792383552 393216
1783628321063 -0.006455901169829303 395264
1783628321728 -0.006536021781357704 397312
1783628322776 0.00026583300859783776 399360
1783628323520 -0.0013527063056244515 401408
1783628324237 -0.014761317765078275 403456
1783628325256 -0.002399092398263747 405504
1783628326126 -0.004627430960681522 407552
1783628326961 -0.01380336745569366 409600
1783628327814 -0.007977185843628831 411648
1783628328573 -0.003778861806495115 413696
1783628329480 -0.0051481393402355025 415744
1783628330450 0.001136435239459388 417792
1783628331286 -0.00355725552799413 419840
1783628332171 -0.00015735960005258676 421888
1783628333115 0.004354387681814842 423936
1783628333839 -0.0050341167152510025 425984
1783628334535 -0.0031943625344865723 428032
1783628335464 -0.0018060564616462216 430080
1783628336328 -0.0013466740056173876 432128
1783628337218 -0.00519795189393335 434176
1783628340654 -0.00673781110526761 436224
1783628342398 -0.003454684370808536 438272
1783628343415 -0.00663848880049045 440320
1783628344410 -0.0021398451463028323 442368
1783628349302 -0.00744072701127152 444416
1783628351715 -0.0017129401658166898 446464
1783628352564 -0.003226857816116535 448512
1783628353716 -0.005897242212085985 450560
1783628354762 -0.007089109742082655 452608
1783628355546 -0.0029715580785705242 454656
1783628356630 -0.0019541122328519123 456704
1783628357732 -0.005958209458185593 458752
1783628358512 -0.0012146080407546833 460800
1783628359613 -0.003210808037692914 462848
1783628360765 -0.008143004291923717 464896
1783628361754 -0.003836394906102214 466944
1783628362681 -0.0028165576804894954 468992
1783628363655 -0.003614310873672366 471040
1783628364743 0.001402264413627563 473088
1783628365789 -0.0013877961628168123 475136
1783628366738 0.006228693895536708 477184
1783628367697 -0.0005558081611525267 479232
1783628368929 -0.0027088166498288047 481280
1783628369798 -0.0037571501270576846 483328
1783628370784 -0.004832547976548085 485376
1783628372074 -0.0005190303709241562 487424
1783628373008 -0.003852287329209503 489472
1783628374000 -0.001229183664690936 491520
1783628375109 -0.00506182164826896 493568
1783628375915 -0.013663995796378003 495616
1783628376947 -0.0024693338564247824 497664
1783628378003 -0.007801409366948064 499712
1783628378193 0.0003164003603160381 500000
