1783628170739 707.5306375026703 2048
1783628171471 622.981529712677 4096
1783628172188 597.303318977356 6144
1783628172973 1258.9285702705383 8192
1783628173679 1008.8906373977661 10240
1783628174301 1022.6536846160889 12288
1783628174965 634.0174608230591 14336
1783628175581 710.4117767810822 16384
1783628176284 762.3783657550812 18432
1783628176949 708.4839961528778 20480
1783628177651 796.1806495189667 22528
1783628178267 1009.5789499282837 24576
1783628178986 671.0166418552399 26624
1783628179622 325.50585865974426 28672
1783628180321 769.4945023059845 30720
1783628180959 213.2047312259674 32768
1783628181655 535.1519205570221 34816
1783628182261 634.1577005386353 36864
1783628182947 691.4974807500839 38912
1783628183685 419.3239679336548 40960
1783628184372 509.3986904621124 43008
1783628184991 370.1149035692215 45056
1783628185594 663.2191188335419 47104
1783628186351 963.9618954658508 49152
1783628186988 683.5525188446045 51200
1783628187717 283.824232339859 53248
1783628188429 368.19044303894043 55296
1783628189156 259.1472325325012 57344
1783628189889 697.9428844451904 59392
1783628190599 673.5237996578217 61440
1783628191381 498.6490560770035 63488
1783628192174 400.39026629924774 65536
1783628192867 293.6344507932663 67584
1783628193504 381.97205770015717 69632
1783628194127 236.57325023412704 71680
1783628194745 353.90772819519043 73728
1783628195422 415.23459589481354 75776
1783628196016 533.8106641769409 77824
1783628196829 246.11139249801636 79872
1783628197524 298.3454051017761 81920
1783628198151 346.1596019268036 83968
1783628198783 325.3147705793381 86016
1783628199414 272.8744603395462 88064
1783628200109 283.1135951280594 90112
1783628200849 292.738332927227 92160
1783628201519 361.65987980365753 94208
1783628202181 275.2537199854851 96256
1783628202833 345.27132987976074 98304
1783628203552 333.2386897802353 100352
1783628204267 164.74424055218697 102400
1783628204969 209.00368613004684 104448
1783628205601 423.64790630340576 106496
1783628206252 240.37128031253815 108544
1783628206861 211.78828179836273 110592
1783628207567 138.98950189352036 112640
1783628208189 581.4458800554276 114688
1783628208871 348.1889854669571 116736
1783628209570 237.95900279283524 118784
1783628210274 366.7595098018646 120832
1783628210933 329.509938120842 122880
1783628211583 287.44359415769577 124928
1783628212300 191.33778977394104 126976
1783628212896 140.1179478764534 129024
1783628213657 247.41553163528442 131072
1783628214414 207.57923716306686 133120
1783628215199 201.56778973340988 135168
1783628215969 361.5751277208328 137216
1783628216695 252.5571094751358 139264
1783628217510 61.71429353952408 141312
1783628218233 263.6353403329849 143360
1783628218999 189.72706300020218 145408
1783628219637 319.67724347114563 147456
1783628220578 252.24087536334991 149504
1783628221310 250.98234671354294 151552
1783628221971 359.26564252376556 153600
1783628222952 157.05597281455994 155648
1783628223764 153.42487534880638 157696
1783628224812 238.15340566635132 159744
1783628225727 184.26471316814423 161792
1783628226475 145.58531820774078 163840
1783628227170 246.88950514793396 165888
1783628228203 158.13441640138626 167936
1783628228984 133.41649293899536 169984
1783628229691 126.49432936310768 172032
1783628230849 177.6004821062088 174080
1783628231640 131.01449963450432 176128
1783628232501 222.0723529458046 178176
1783628233483 209.14587604999542 180224
1783628234587 102.51263409852982 182272
1783628235467 161.0587301850319 184320
1783628236270 219.04943454265594 186368
1783628237354 183.451553940773 188416
1783628238152 126.1010113954544 190464
1783628238889 150.52813789248466 192512
1783628239929 173.15603226423264 194560
1783628240711 168.76177406311035 196608
1783628241585 231.62837326526642 198656
1783628242474 157.57682919502258 200704
1783628243373 142.94229251146317 202752
1783628244359 123.04513549804688 204800
1783628245455 105.71716928482056 206848
1783628246182 153.2494294643402 208896
1783628246856 191.8444716334343 210944
1783628247831 129.68812149763107 212992
1783628248584 142.88109251856804 215040
1783628249246 69.62861880660057 217088
1783628250313 84.69118222594261 219136
1783628251065 104.708003282547 221184
1783628251810 99.29611718654633 223232
1783628252820 73.7987205684185 225280
1783628253712 146.57394570112228 227328
1783628254510 113.11661633849144 229376
1783628255611 84.03741082549095 231424
1783628256534 83.47543692588806 233472
1783628257329 164.40796971321106 235520
1783628258400 157.68405577540398 237568
1783628259130 155.47320437431335 239616
1783628259910 111.6632724404335 241664
1783628260998 103.63887459039688 243712
1783628261798 139.18383407592773 245760
1783628262557 91.81951794028282 247808
1783628263250 88.49240130186081 249856
1783628264058 89.2900798022747 251904
1783628264954 178.51634413003922 253952
1783628265585 60.514068245887756 256000
1783628266476 123.86520791053772 258048
1783628267581 110.6252164542675 260096
1783628268317 66.99308571219444 262144
1783628269100 94.09333714842796 264192
1783628269930 55.613665133714676 266240
1783628270672 109.79883852601051 268288
1783628271308 102.89015200734138 270336
1783628272405 83.90900084376335 272384
1783628273425 101.26187667250633 274432
1783628274166 150.3447350859642 276480
1783628274955 133.8981170654297 278528
1783628275597 249.4318813085556 280576
1783628276290 79.81853953003883 282624
1783628277332 60.706679195165634 284672
1783628278063 66.69589450955391 286720
1783628278850 44.633312687277794 288768
1783628279745 72.78707900643349 290816
1783628280416 98.45199692249298 292864
1783628281395 51.33369578421116 294912
1783628282420 195.5877025425434 296960
1783628283173 172.13608902692795 299008
1783628284002 135.66777157783508 301056
1783628285102 126.63379895687103 303104
1783628285814 129.41921627521515 305152
1783628286477 107.49690866470337 307200
1783628287413 156.24763107299805 309248
1783628288293 165.77069437503815 311296
1783628289169 114.62870374321938 313344
1783628290285 265.61613434553146 315392
1783628291013 272.8529386520386 317440
1783628291744 156.06475085020065 319488
1783628292688 150.45233738422394 321536
1783628293435 279.7321392297745 323584
1783628294060 282.3647527694702 325632
1783628294984 126.08451634645462 327680
1783628295760 144.6634063720703 329728
1783628296473 440.05073034763336 331776
1783628297281 441.13738691806793 333824
1783628298080 210.5200034379959 335872
1783628298775 145.1980910897255 337920
1783628299811 263.92155081033707 339968
1783628300575 261.8637933731079 342016
1783628301216 116.36082953214645 344064
1783628302098 100.33677190542221 346112
1783628302921 142.74904090166092 348160
1783628303702 162.3623496890068 350208
1783628304644 290.33007860183716 352256
1783628305410 164.8382596373558 354304
1783628306065 168.78330981731415 356352
1783628307055 207.8656965494156 358400
1783628307849 145.2354740202427 360448
1783628308547 212.54898315668106 362496
1783628309365 299.8107481598854 364544
1783628310083 151.42776736617088 366592
1783628310939 213.54053902626038 368640
1783628311672 256.23292684555054 370688
1783628312349 135.67975825071335 372736
1783628313262 142.5569052696228 374784
1783628313918 189.51367580890656 376832
1783628314680 178.82301938533783 378880
1783628315436 107.67427244782448 380928
1783628316112 206.7047220468521 382976
1783628316761 136.6551991701126 385024
1783628318138 186.1331468820572 387072
1783628318782 166.8534989953041 389120
1783628319414 160.7292965054512 391168
1783628320306 176.61242073774338 393216
1783628321063 196.32312566041946 395264
1783628321728 83.2158160507679 397312
1783628322776 88.42056015133858 399360
1783628323520 89.25247249007225 401408
1783628324237 178.11260497570038 403456
1783628325256 66.07340714335442 405504
1783628326126 100.90811064839363 407552
1783628326961 74.79269859194756 409600
1783628327814 105.27992019057274 411648
1783628328573 88.54059278964996 413696
1783628329480 98.63800701498985 415744
1783628330450 92.81477808952332 417792
1783628331286 70.21987190842628 419840
1783628332171 79.20032799243927 421888
1783628333115 125.98704463243484 423936
1783628333839 51.82085634768009 425984
1783628334535 105.28923270106316 428032
1783628335464 131.44873550534248 430080
1783628336328 84.16935905814171 432128
1783628337218 115.0399879515171 434176
1783628340654 196.09134244918823 436224
1783628342398 114.38434961438179 438272
1783628343415 106.61327031254768 440320
1783628344410 120.39817789196968 442368
1783628349302 89.20533815026283 444416
1783628351715 163.8886798620224 446464
1783628352564 81.35835236310959 448512
1783628353716 46.79173158109188 450560
1783628354762 91.8196978867054 452608
1783628355546 70.3370863944292 454656
1783628356630 44.456045150756836 456704
1783628357732 84.56280320882797 458752
1783628358512 78.27601048350334 460800
1783628359613 54.70111307501793 462848
1783628360765 44.87655267119408 464896
1783628361754 120.00383749604225 466944
1783628362681 63.378053814172745 468992
1783628363655 62.26308315992355 471040
1783628364743 60.27403821051121 473088
1783628365789 84.90116626024246 475136
1783628366738 165.16557678580284 477184
1783628367697 51.78842355310917 479232
1783628368929 92.69096177816391 481280
1783628369798 66.32147115468979 483328
1783628370784 60.150521636009216 485376
1783628372074 71.20417556166649 487424
1783628373008 93.15577110648155 489472
1783628374000 62.66641288995743 491520
1783628375109 58.48920018970966 493568
1783628375915 70.61645790934563 495616
1783628376947 74.24018406867981 497664
1783628378003 72.22957134246826 499712
1783628378193 57.88033275604248 500000
