1783628170739 1415.0989561080933 2048
1783628171471 1245.9925179481506 4096
1783628172188 1194.6432874202728 6144
1783628172973 2517.8927297592163 8192
1783628173679 2017.8202571868896 10240
1783628174301 2045.3380403518677 12288
1783628174965 1268.0627431869507 14336
1783628175581 1420.852375984192 16384
1783628176284 1524.7946844100952 18432
1783628176949 1417.004963874817 20480
1783628177651 1592.3945260047913 22528
1783628178267 2019.1874446868896 24576
1783628178986 1342.0659670829773 26624
1783628179622 651.0404937267303 28672
1783628180321 1539.0280389785767 30720
1783628180959 426.4352481365204 32768
1783628181655 1070.3350977897644 34816
1783628182261 1268.3453159332275 36864
1783628182947 1383.023921251297 38912
1783628183685 838.6872220039368 40960
1783628184372 1018.8266162872314 43008
1783628184991 740.2605760097504 45056
1783628185594 1326.4746565818787 47104
1783628186351 1927.9579095840454 49152
1783628186988 1367.1351385116577 51200
1783628187717 567.686651468277 53248
1783628188429 736.4061324596405 55296
1783628189156 518.328094959259 57344
1783628189889 1395.9171199798584 59392
1783628190599 1347.0756812095642 61440
1783628191381 997.3377792835236 63488
1783628192174 800.8110461235046 65536
1783628192867 587.2994222640991 67584
1783628193504 763.972907781601 69632
1783628194127 473.17372846603394 71680
1783628194745 707.842592716217 73728
1783628195422 830.5001945495605 75776
1783628196016 1067.6493835449219 77824
1783628196829 492.25385999679565 79872
1783628197524 596.715325832367 81920
1783628198151 692.3521461486816 83968
1783628198783 650.6626870632172 86016
1783628199414 545.7857224941254 88064
1783628200109 566.2631464004517 90112
1783628200849 585.4988684654236 92160
1783628201519 723.3549036979675 94208
1783628202181 550.5387494564056 96256
1783628202833 690.5712056159973 98304
1783628203552 666.5072325468063 100352
1783628204267 329.5190395116806 102400
1783628204969 418.03676211833954 104448
1783628205601 847.3259043693542 106496
1783628206252 480.77229857444763 108544
1783628206861 423.60375475883484 110592
1783628207567 278.01269030570984 112640
1783628208189 1162.9196124076843 114688
1783628208871 696.4137644767761 116736
1783628209570 475.9487671852112 118784
1783628210274 733.5463597774506 120832
1783628210933 659.0480210781097 122880
1783628211583 574.9148448705673 124928
1783628212300 382.7071650028229 126976
1783628212896 280.26693189144135 129024
1783628213657 494.8583273887634 131072
1783628214414 415.19164299964905 133120
1783628215199 403.1637736558914 135168
1783628215969 723.1808375120163 137216
1783628216695 505.1423649787903 139264
1783628217510 123.45877933502197 141312
1783628218233 527.3079068660736 143360
1783628218999 379.4836622476578 145408
1783628219637 639.3816306591034 147456
1783628220578 504.5155863761902 149504
1783628221310 501.9947669506073 151552
1783628221971 718.5655741691589 153600
1783628222952 314.15236508846283 155648
1783628223764 306.88223934173584 157696
1783628224812 476.3416631221771 159744
1783628225727 368.56909811496735 161792
1783628226475 291.21432757377625 163840
1783628227170 493.8098785877228 165888
1783628228203 316.30258321762085 167936
1783628228984 266.85926735401154 169984
1783628229691 253.02836918830872 172032
1783628230849 355.2283446788788 174080
1783628231640 262.06829196214676 176128
1783628232501 444.1635160446167 178176
1783628233483 418.3264993429184 180224
1783628234587 205.04695814847946 182272
1783628235467 322.1514186859131 184320
1783628236270 438.1291561126709 186368
1783628237354 366.9260084629059 188416
1783628238152 252.220545232296 190464
1783628238889 301.09613263607025 192512
1783628239929 346.3407483100891 194560
1783628240711 337.5545598268509 196608
1783628241585 463.2917687892914 198656
1783628242474 315.1841697692871 200704
1783628243373 285.924795627594 202752
1783628244359 246.13583052158356 204800
1783628245455 211.44291931390762 206848
1783628246182 306.53136879205704 208896
1783628246856 383.730500459671 210944
1783628247831 259.4167938232422 212992
1783628248584 285.7999674677849 215040
1783628249246 139.30807280540466 217088
1783628250313 169.39664620161057 219136
1783628251065 209.45612215995789 221184
1783628251810 198.63440018892288 223232
1783628252820 147.62975800037384 225280
1783628253712 293.17936658859253 227328
1783628254510 226.2697542309761 229376
1783628255611 168.09544223546982 231424
1783628256534 166.97361236810684 233472
1783628257329 328.84657698869705 235520
1783628258400 315.4013383984566 237568
1783628259130 310.98634219169617 239616
1783628259910 223.36621421575546 241664
1783628260998 207.29996007680893 243712
1783628261798 278.40736442804337 245760
1783628262557 183.67041701078415 247808
1783628263250 177.03386104106903 249856
1783628264058 178.61830455064774 251904
1783628264954 357.07261192798615 253952
1783628265585 121.05565220117569 256000
1783628266476 247.75656378269196 258048
1783628267581 221.2902484536171 260096
1783628268317 134.0275775194168 262144
1783628269100 188.23871153593063 264192
1783628269930 111.26448857784271 266240
1783628270672 219.625570833683 268288
1783628271308 205.8169339299202 270336
1783628272405 167.84523904323578 272384
1783628273425 202.5424744784832 274432
1783628274166 300.73497891426086 276480
1783628274955 267.8263809680939 278528
1783628275597 498.89284563064575 280576
1783628276290 159.69435095787048 282624
1783628277332 121.44299697875977 284672
1783628278063 133.43414759635925 286720
1783628278850 89.29010209441185 288768
1783628279745 145.62498873472214 290816
1783628280416 196.94833773374557 292864
1783628281395 102.71387070417404 294912
1783628282420 391.21083766222 296960
1783628283173 344.3131296634674 299008
1783628284002 271.37668138742447 301056
1783628285102 253.31168413162231 303104
1783628285814 258.8686094880104 305152
1783628286477 215.02407377958298 307200
1783628287413 312.5257337093353 309248
1783628288293 331.56600004434586 311296
1783628289169 229.2995988726616 313344
1783628290285 531.2603040933609 315392
1783628291013 545.7348301410675 317440
1783628291744 312.16433334350586 319488
1783628292688 300.9279091358185 321536
1783628293435 559.4910864830017 323584
1783628294060 564.7636121511459 325632
1783628294984 252.21446895599365 327680
1783628295760 289.3388654589653 329728
1783628296473 880.1197242736816 331776
1783628297281 882.312816619873 333824
1783628298080 421.063139796257 335872
1783628298775 290.42143177986145 337920
1783628299811 527.8723641633987 339968
1783628300575 523.7617563009262 342016
1783628301216 232.75357073545456 344064
1783628302098 200.72040808200836 346112
1783628302921 285.5220345258713 348160
1783628303702 324.7667198777199 350208
1783628304644 580.6886925697327 352256
1783628305410 329.7118990421295 354304
1783628306065 337.6054929494858 356352
1783628307055 415.7600327730179 358400
1783628307849 290.4985818862915 360448
1783628308547 425.1139669418335 362496
1783628309365 599.6388832330704 364544
1783628310083 302.8849387168884 366592
1783628310939 427.09412693977356 368640
1783628311672 512.4962205886841 370688
1783628312349 271.37886929512024 372736
1783628313262 285.13932406902313 374784
1783628313918 379.05308651924133 376832
1783628314680 357.6750203371048 378880
1783628315436 215.38204509019852 380928
1783628316112 413.44180208444595 382976
1783628316761 273.3464399576187 385024
1783628318138 372.2981491088867 387072
1783628318782 333.72169291973114 389120
1783628319414 321.49160528182983 391168
1783628320306 353.26148414611816 393216
1783628321063 392.6842794418335 395264
1783628321728 166.47069263458252 397312
1783628322776 176.86596816778183 399360
1783628323520 178.53366494178772 401408
1783628324237 356.2803865671158 403456
1783628325256 132.17635267972946 405504
1783628326126 201.8516092300415 407552
1783628326961 149.63873851299286 409600
1783628327814 210.6016839146614 411648
1783628328573 177.11467295885086 413696
1783628329480 197.31249165534973 415744
1783628330450 185.65337705612183 417792
1783628331286 140.47347885370255 419840
1783628332171 158.42702853679657 421888
1783628333115 251.99174177646637 423936
1783628333839 103.67801940441132 425984
1783628334535 210.6102003455162 428032
1783628335464 262.927522957325 430080
1783628336328 168.3667886853218 432128
1783628337218 230.11517572402954 434176
1783628340654 392.2212824821472 436224
1783628342398 228.80153185129166 438272
1783628343415 213.26466417312622 440320
1783628344410 240.82537204027176 442368
1783628349302 178.45108944177628 444416
1783628351715 327.806758582592 446464
1783628352564 162.74782234430313 448512
1783628353716 93.62136006355286 450560
1783628354762 183.67912340164185 452608
1783628355546 140.70599615573883 454656
1783628356630 88.94136786460876 456704
1783628357732 169.16317927837372 458752
1783628358512 156.5787770152092 460800
1783628359613 109.43273627758026 462848
1783628360765 89.79338228702545 464896
1783628361754 240.04056376218796 466944
1783628362681 126.78593242168427 468992
1783628363655 124.55772095918655 471040
1783628364743 120.56949549913406 473088
1783628365789 169.8297061920166 475136
1783628366738 330.3432897925377 477184
1783628367697 103.60215005278587 479232
1783628368929 185.41233950853348 481280
1783628369798 132.67361935973167 483328
1783628370784 120.33591762185097 485376
1783628372074 142.43367290496826 487424
1783628373008 186.34347343444824 489472
1783628374000 125.35984241962433 491520
1783628375109 117.01314401626587 493568
1783628375915 141.2855585217476 495616
1783628376947 148.50929725170135 497664
1783628378003 144.49871265888214 499712
1783628378193 115.78217697143555 500000
