1783629637334 1.3301507569849491 2048
1783629638374 1.3219705568626523 4096
1783629639140 1.320761381648481 6144
1783629639913 1.293882348574698 8192
1783629640710 1.2842303533107042 10240
1783629641565 1.295205687172711 12288
1783629642763 1.2503924295306206 14336
1783629643613 1.2796618407592177 16384
1783629644797 1.2160469135269523 18432
1783629645701 1.2142128543928266 20480
1783629646936 1.2068058121949434 22528
1783629647814 1.190449989400804 24576
1783629648690 1.2106013763695955 26624
1783629649585 1.241945649497211 28672
1783629650465 1.261928723193705 30720
1783629651670 1.218227168545127 32768
1783629652506 1.2550922501832247 34816
1783629653760 1.1949846558272839 36864
1783629654600 1.139324601739645 38912
1783629655665 1.21253680344671 40960
1783629656573 1.1371681652963161 43008
1783629657451 1.1333404257893562 45056
1783629658614 1.123634671792388 47104
1783629659469 1.1089055109769106 49152
1783629660479 1.1939498987048864 51200
1783629661301 1.188083766028285 53248
1783629662047 1.1614336566999555 55296
1783629662955 1.1165224928408861 57344
1783629663798 1.172696408815682 59392
1783629664546 1.1541803739964962 61440
1783629665404 1.0480809211730957 63488
1783629666192 1.177388058975339 65536
1783629666923 1.1344471974298358 67584
1783629667944 1.1239897646009922 69632
1783629668783 1.1722852680832148 71680
1783629670119 1.183630719780922 73728
1783629671020 1.0772957233712077 75776
1783629672171 1.026034353300929 77824
1783629673047 1.0725374221801758 79872
1783629673876 1.0010062661021948 81920
1783629674734 1.0815398264676332 83968
1783629675847 1.0396304936148226 86016
1783629676857 1.135353034362197 88064
1783629677844 1.0788248162716627 90112
1783629679073 1.0549119636416435 92160
1783629679932 1.0735409492626786 94208
1783629680851 1.1318928766995668 96256
1783629681843 1.0099777351133525 98304
1783629682883 1.093108526431024 100352
1783629683712 1.0234203222207725 102400
1783629684620 1.0689584463834763 104448
1783629685693 0.9992592097260058 106496
1783629686564 0.9971944401040673 108544
1783629687591 0.9177737776190042 110592
1783629688346 1.0466001317836344 112640
1783629689398 0.9779445552267134 114688
1783629690217 1.0415573450736701 116736
1783629691427 0.9932965110056102 118784
1783629692314 0.9525200007483363 120832
1783629693528 0.981430402956903 122880
1783629694356 0.9644769923761487 124928
1783629695389 0.9642704976722598 126976
1783629696250 0.8898487174883485 129024
1783629697137 0.904449590947479 131072
1783629697992 0.9638458611443639 133120
1783629698859 0.9326759977266192 135168
1783629699965 0.9779986306093633 137216
1783629700750 0.8985110609792173 139264
1783629701919 0.7959607834927738 141312
1783629702760 0.7726319571956992 143360
1783629703848 0.8623460968956351 145408
1783629704638 0.8309205090627074 147456
1783629705729 0.8871630895882845 149504
1783629706549 0.8941144421696663 151552
1783629707580 0.828603885602206 153600
1783629708362 0.8186973901465535 155648
1783629709726 0.8946193880401552 157696
1783629710537 0.8195136389695108 159744
1783629711697 0.8296067044138908 161792
1783629712667 0.9227723693475127 163840
1783629713548 0.8780416380614042 165888
1783629714682 0.9241122505627573 167936
1783629715539 0.9743402497842908 169984
1783629716690 0.791919038631022 172032
1783629717432 0.9109694054350257 174080
1783629718736 0.8607517969794571 176128
1783629719574 0.8219030923210084 178176
1783629720621 0.8711743028834462 180224
1783629721435 0.8898016968742013 182272
1783629722603 0.9016521289013326 184320
1783629723665 0.8539553508162498 186368
1783629724560 0.9574450175277889 188416
1783629725424 0.8208876154385507 190464
1783629726225 0.826311859767884 192512
1783629727583 0.8737777541391551 194560
1783629728423 0.8948331703431904 196608
1783629729503 0.8767298334278166 198656
1783629730377 0.9345769104547799 200704
1783629731326 0.9042349387891591 202752
1783629732259 0.7348184105940163 204800
1783629733160 0.790592233184725 206848
1783629734508 0.8232139023020864 208896
1783629735370 0.8875402742996812 210944
1783629736285 0.89087188616395 212992
1783629737128 0.7962130359373987 215040
1783629738051 0.8780031185597181 217088
1783629739007 0.8055961010977626 219136
1783629739960 0.8876241790130734 221184
1783629740996 0.8904547761194408 223232
1783629741910 0.9188839327543974 225280
1783629743177 0.8242369685322046 227328
1783629744053 0.8649955987930298 229376
1783629745304 0.8069512075744569 231424
1783629746199 0.8583844504319131 233472
1783629747158 0.9020911138504744 235520
1783629748017 0.8731613662093878 237568
1783629749181 0.9605458877049387 239616
1783629749999 0.8855164861306548 241664
1783629750910 0.8287799712270498 243712
1783629751890 0.8956565926782787 245760
1783629752877 0.8991488520987332 247808
1783629754124 0.9318887991830707 249856
1783629755049 0.9383103172294796 251904
1783629756209 0.9576956927776337 253952
1783629757049 0.8561817011795938 256000
1783629758051 0.8911881665699184 258048
1783629758963 0.9133609244599938 260096
1783629760076 0.9982301988638937 262144
1783629761017 0.8455416793003678 264192
1783629761881 0.9324162355624139 266240
1783629763235 0.8704361780546606 268288
1783629764073 0.8580865892581642 270336
1783629765090 0.8397903218865395 272384
1783629766159 0.8916783961467445 274432
1783629767067 0.8876628754660487 276480
1783629768417 0.8719135252758861 278528
1783629769269 0.7935802191495895 280576
1783629770277 0.863672761246562 282624
1783629771090 0.971722244285047 284672
1783629772000 0.8330756579525769 286720
1783629772992 0.890661486890167 288768
1783629774049 0.8489120858721435 290816
1783629775298 0.9197550523094833 292864
1783629776244 0.9263908839784563 294912
1783629777344 0.7992416983470321 296960
1783629778199 0.9262559516355395 299008
1783629779122 0.7869576518423855 301056
1783629780192 0.9119541910476983 303104
1783629781005 0.8708555814810097 305152
1783629782198 0.9367020511999726 307200
1783629783133 0.9009713716804981 309248
1783629784327 0.9581312397494912 311296
1783629785325 0.8691334640607238 313344
1783629786403 0.9518549195490777 315392
1783629787412 0.8606654363684356 317440
1783629788338 0.9219679646193981 319488
1783629789188 0.7258955901488662 321536
1783629790172 0.8805706459097564 323584
1783629791088 0.9348697625100613 325632
1783629792116 0.9311046926304698 327680
1783629793206 0.8204226321540773 329728
1783629794178 0.8279290953651071 331776
1783629795327 0.8816915322095156 333824
1783629796233 0.9193846411071718 335872
1783629797520 0.7818502909503877 337920
1783629798475 0.7632579510100186 339968
1783629799652 0.8089551785960793 342016
1783629800533 0.9037809553556144 344064
1783629801494 0.8819256820715964 346112
1783629802594 0.887392365373671 348160
1783629803680 0.8838562765158713 350208
1783629804729 0.8035641796886921 352256
1783629805674 0.7785564404912293 354304
1783629806991 0.8416385077871382 356352
1783629807948 0.7184539753943682 358400
1783629809098 0.8201545048505068 360448
1783629810097 0.9037953149527311 362496
1783629810949 0.9685041853226721 364544
1783629812050 0.9027444655075669 366592
1783629812961 0.8956786361522973 368640
1783629814168 0.7860441105440259 370688
1783629815070 0.9001600714400411 372736
1783629816193 0.7625592569820583 374784
1783629817185 0.9079871820285916 376832
1783629817924 0.8134794416837394 378880
1783629818971 0.876490343362093 380928
1783629819920 0.9257291681133211 382976
1783629821206 0.8913588770665228 385024
1783629822219 0.8185039828531444 387072
1783629823255 0.8569960771128535 389120
1783629824277 0.7443389887921512 391168
1783629825143 0.8550068545155227 393216
1783629826314 0.881663822568953 395264
1783629827175 0.8682112437672913 397312
1783629828372 0.8079096414148808 399360
1783629829442 0.7185098314657807 401408
1783629830355 0.811310164630413 403456
1783629831447 0.6991503639146686 405504
1783629832398 0.9226928129792213 407552
1783629833616 0.8480665441602468 409600
1783629834516 0.7521950528025627 411648
1783629835494 0.6850798665545881 413696
1783629836351 0.7432980542071164 415744
1783629837318 0.7405038843862712 417792
1783629838396 0.8219395726919174 419840
1783629839273 0.7361670611426234 421888
1783629840606 0.7395752663724124 423936
1783629841451 0.6673181080259383 425984
1783629842538 0.8033325946889818 428032
1783629843738 0.7978231501765549 430080
1783629844695 0.7264632461592555 432128
1783629845997 0.800592368002981 434176
1783629846904 0.7625159807503223 436224
1783629848003 0.7943551479838789 438272
1783629849036 0.8647252419032156 440320
1783629850104 0.7496809167787433 442368
1783629851152 0.8656648620963097 444416
1783629852272 0.7898840522393584 446464
1783629853560 0.7517643794417381 448512
1783629854528 0.7044555540196598 450560
1783629855871 0.7215608563274145 452608
1783629856823 0.7715453202836215 454656
1783629857747 0.784347094129771 456704
1783629858835 0.8513528117910028 458752
1783629859891 0.7116711135022342 460800
1783629861104 0.6640125042758882 462848
1783629861864 0.699465299025178 464896
1783629863099 0.6658771149814129 466944
1783629864074 0.7100389041006565 468992
1783629865167 0.8110759793780744 471040
1783629866248 0.6107378469314426 473088
1783629867182 0.757637754548341 475136
1783629868279 0.7001159638166428 477184
1783629869129 0.7115950277075171 479232
1783629869986 0.7101329690776765 481280
1783629870834 0.792233033105731 483328
1783629871930 0.7735578394494951 485376
1783629873032 0.6716268551535904 487424
1783629874049 0.7884330707602203 489472
1783629875041 0.6764520639553666 491520
1783629876268 0.815511972643435 493568
1783629877174 0.7402192214503884 495616
1783629878222 0.708049840759486 497664
1783629879068 0.7028064811602235 499712
1783629879282 0.7183246582746505 500000
