1783629637334 0.005174884950974956 2048
1783629638374 0.0032441407165606506 4096
1783629639140 0.003917310204997193 6144
1783629639913 0.0028251098628970794 8192
1783629640710 0.0010089807183248922 10240
1783629641565 0.004887162533123046 12288
1783629642763 0.003579457050363999 14336
1783629643613 0.0042612922479747795 16384
1783629644797 0.00206506802351214 18432
1783629645701 0.006447355932323262 20480
1783629646936 0.004560916044283658 22528
1783629647814 0.00668757358653238 24576
1783629648690 0.008160077944921795 26624
1783629649585 0.004018785213702358 28672
1783629650465 0.003289226893684827 30720
1783629651670 0.007661231014935765 32768
1783629652506 0.005977118846203666 34816
1783629653760 0.0062669618127983995 36864
1783629654600 0.00512075064034434 38912
1783629655665 0.003794646378082689 40960
1783629656573 0.0010409001406515017 43008
1783629657451 0.0027419003235991113 45056
1783629658614 0.005973948136670515 47104
1783629659469 0.0038937044009799138 49152
1783629660479 0.0071143841778393835 51200
1783629661301 0.007503704124246724 53248
1783629662047 0.003585864935303107 55296
1783629662955 0.0035896480112569407 57344
1783629663798 -0.00046495899005094543 59392
1783629664546 0.0061781139665981755 61440
1783629665404 0.00293651080573909 63488
1783629666192 0.006333183504466433 65536
1783629666923 0.0019405547573114745 67584
1783629667944 0.003860786135192029 69632
1783629668783 0.006466037062637042 71680
1783629670119 0.005348880782548804 73728
1783629671020 0.0029549588507506996 75776
1783629672171 0.003933172440156341 77824
1783629673047 0.005017878786020447 79872
1783629673876 0.009368175866256934 81920
1783629674734 0.004144293714489322 83968
1783629675847 0.005278916920360643 86016
1783629676857 0.0037871335225645453 88064
1783629677844 0.005699618777725846 90112
1783629679073 0.015377933283161838 92160
1783629679932 0.004211855433823075 94208
1783629680851 0.0074101572899962775 96256
1783629681843 0.005797132791485637 98304
1783629682883 0.009456138526729774 100352
1783629683712 0.003675861000374425 102400
1783629684620 0.004803546471521258 104448
1783629685693 0.0044201502605574206 106496
1783629686564 0.00467841461795615 108544
1783629687591 0.006532883307954762 110592
1783629688346 0.008341571003256831 112640
1783629689398 0.0051264358626212925 114688
1783629690217 0.00976332801656099 116736
1783629691427 0.0030048914995859377 118784
1783629692314 -0.0004979179284418933 120832
1783629693528 0.0032621398349874653 122880
1783629694356 0.006487385762738995 124928
1783629695389 0.0026352836066507734 126976
1783629696250 0.006591090670553967 129024
1783629697137 0.002568058014730923 131072
1783629697992 0.007183479981904384 133120
1783629698859 0.005379064241424203 135168
1783629699965 0.001827507330744993 137216
1783629700750 0.0051703561475733295 139264
1783629701919 0.003011055800016038 141312
1783629702760 0.0008224125849665143 143360
1783629703848 0.002215350374171976 145408
1783629704638 0.0013938416668679565 147456
1783629705729 0.0017936029325937852 149504
1783629706549 0.001396834952174686 151552
1783629707580 0.0021761665047961287 153600
1783629708362 0.006593886770133395 155648
1783629709726 0.002273362028063275 157696
1783629710537 0.003379771012987476 159744
1783629711697 0.0038970401365077123 161792
1783629712667 0.006240380600502249 163840
1783629713548 0.0007213300414150581 165888
1783629714682 -0.0005669110178132541 167936
1783629715539 0.004728272106149234 169984
1783629716690 0.0032010362701839767 172032
1783629717432 2.983642480103299e-05 174080
1783629718736 0.0017945545914699323 176128
1783629719574 0.0024918815615819767 178176
1783629720621 0.00372634351515444 180224
1783629721435 0.0020109454126213677 182272
1783629722603 0.002145726408343762 184320
1783629723665 -0.0004861775232711807 186368
1783629724560 0.0026382218493381515 188416
1783629725424 0.00019227551092626527 190464
1783629726225 0.002310602598299738 192512
1783629727583 0.0012928731594001874 194560
1783629728423 0.003008325795235578 196608
1783629729503 0.002755878733296413 198656
1783629730377 0.008116268654703163 200704
1783629731326 0.0025286560266977176 202752
1783629732259 0.002382878024945967 204800
1783629733160 0.00279213202156825 206848
1783629734508 0.0057332220749231055 208896
1783629735370 0.001403212758305017 210944
1783629736285 0.0033696177779347636 212992
1783629737128 0.004988612861779984 215040
1783629738051 0.0053913311785436235 217088
1783629739007 0.004649525631975848 219136
1783629739960 0.0007214927536551841 221184
1783629740996 0.006336491052934434 223232
1783629741910 0.002098558412399143 225280
1783629743177 0.004809843972907402 227328
1783629744053 0.005392727172875311 229376
1783629745304 0.002526683900214266 231424
1783629746199 0.004466785227123182 233472
1783629747158 0.0004652269490179606 235520
1783629748017 0.0045715520609519444 237568
1783629749181 0.002532829428673722 239616
1783629749999 0.0025125931133516133 241664
1783629750910 0.008778492694546003 243712
1783629751890 0.002849772383342497 245760
1783629752877 0.0009094181805266999 247808
1783629754124 0.006016067723976448 249856
1783629755049 0.005954188665782567 251904
1783629756209 -0.00019318568956805393 253952
1783629757049 0.0021596337828668766 256000
1783629758051 0.0026474467013031244 258048
1783629758963 0.00769185114040738 260096
1783629760076 0.001218427212734241 262144
1783629761017 0.0023574875594931655 264192
1783629761881 0.0028381859156070277 266240
1783629763235 0.007979525391419884 268288
1783629764073 0.0012121608742745593 270336
1783629765090 0.0018014891247730702 272384
1783629766159 0.005362709205655847 274432
1783629767067 0.001777321369445417 276480
1783629768417 0.003390000478248112 278528
1783629769269 0.0013661044431501068 280576
1783629770277 0.004514460473728832 282624
1783629771090 0.005987434677081183 284672
1783629772000 0.006752625427907333 286720
1783629772992 0.004215763205138501 288768
1783629774049 0.0034471569379093125 290816
1783629775298 0.0030605385909439065 292864
1783629776244 0.005265751307888422 294912
1783629777344 0.0018507855493226089 296960
1783629778199 0.002864832124032546 299008
1783629779122 0.0010748178756330162 301056
1783629780192 0.006403865692846011 303104
1783629781005 0.00505861135025043 305152
1783629782198 0.007713511324254796 307200
1783629783133 0.007019920136372093 309248
1783629784327 0.0036216815205989406 311296
1783629785325 0.0027187697996851057 313344
1783629786403 0.0019812375467154197 315392
1783629787412 0.0014115019148448482 317440
1783629788338 0.0014205530096660368 319488
1783629789188 0.002255136234452948 321536
1783629790172 0.0023555818625027314 323584
1783629791088 0.0033254266236326657 325632
1783629792116 0.005273790236969944 327680
1783629793206 0.0020017692222609185 329728
1783629794178 0.0016721470674383454 331776
1783629795327 0.0013116814006934874 333824
1783629796233 0.002676978983799927 335872
1783629797520 0.001380076770146843 337920
1783629798475 0.00209342225571163 339968
1783629799652 0.0023701933459960856 342016
1783629800533 0.0018058279165416025 344064
1783629801494 0.001107502612285316 346112
1783629802594 0.0037987972973496653 348160
1783629803680 0.0017993265428231098 350208
1783629804729 0.003149893651425373 352256
1783629805674 0.00039686357195023447 354304
1783629806991 0.0010113412208738737 356352
1783629807948 0.00038923969987081364 358400
1783629809098 0.0032973637571558356 360448
1783629810097 0.005570044289925136 362496
1783629810949 0.0021894241363042966 364544
1783629812050 0.004173367560724728 366592
1783629812961 0.0011956122616538778 368640
1783629814168 0.0022604769401368685 370688
1783629815070 0.005161630833754316 372736
1783629816193 0.004547674740024377 374784
1783629817185 0.002880506195651833 376832
1783629817924 -0.00021041709987912327 378880
1783629818971 0.0018414302176097408 380928
1783629819920 0.005350005747459363 382976
1783629821206 0.001319239345320966 385024
1783629822219 0.001692666883172933 387072
1783629823255 0.0036484136726357974 389120
1783629824277 0.0038684357641614042 391168
1783629825143 0.0020767736932612024 393216
1783629826314 0.0013586024506366812 395264
1783629827175 0.00356498306064168 397312
1783629828372 -0.0005490399780683219 399360
1783629829442 0.0007629537503817119 401408
1783629830355 0.0027334252517903224 403456
1783629831447 0.0026093069100170396 405504
1783629832398 0.003637104258814361 407552
1783629833616 0.00030521750886691734 409600
1783629834516 0.0008158275886671618 411648
1783629835494 0.010461733174452092 413696
1783629836351 0.0052479015503195114 415744
1783629837318 0.0018193084179074503 417792
1783629838396 0.005383194875321351 419840
1783629839273 0.004082839543116279 421888
1783629840606 0.002112603782734368 423936
1783629841451 0.0017286352522205561 425984
1783629842538 0.0024425365627394058 428032
1783629843738 0.0047073389432625845 430080
1783629844695 0.0008330007985932752 432128
1783629845997 0.0020829780914937146 434176
1783629846904 0.001999713735131081 436224
1783629848003 -7.142188405850902e-05 438272
1783629849036 0.003092805993219372 440320
1783629850104 0.0016645244759274647 442368
1783629851152 0.006987484754063189 444416
1783629852272 0.0012815861991839483 446464
1783629853560 0.0020126799136050977 448512
1783629854528 0.004545037947536912 450560
1783629855871 0.003295645597972907 452608
1783629856823 0.0028285786538617685 454656
1783629857747 0.0030348208019859158 456704
1783629858835 0.0017035434939316474 458752
1783629859891 0.001267848834686447 460800
1783629861104 0.003505520202452317 462848
1783629861864 0.01734274175396422 464896
1783629863099 0.005645612873195205 466944
1783629864074 0.004331792653829325 468992
1783629865167 0.0013830721145495772 471040
1783629866248 0.00416170106473146 473088
1783629867182 0.00048144394531846046 475136
1783629868279 0.0043139759509358555 477184
1783629869129 0.0035332638799445704 479232
1783629869986 0.0018141281252610497 481280
1783629870834 0.0029472082969732583 483328
1783629871930 0.00046948763338150457 485376
1783629873032 0.010327845586289186 487424
1783629874049 0.004221433628117666 489472
1783629875041 0.006307385854597669 491520
1783629876268 0.0020515397627605125 493568
1783629877174 0.006023327085131314 495616
1783629878222 0.004726877617940772 497664
1783629879068 0.007664521646802314 499712
1783629879282 -0.0001575017347931862 500000
