1783629637334 0.2 2048
1783629638374 0.1 4096
1783629639140 0.05 6144
1783629639913 0.025 8192
1783629640710 0.0125 10240
1783629641565 0.00625 12288
1783629642763 0.003125 14336
1783629643613 0.0015625 16384
1783629644797 0.00078125 18432
1783629645701 0.00078125 20480
1783629646936 0.000390625 22528
1783629647814 0.000390625 24576
1783629648690 0.000390625 26624
1783629649585 0.0001953125 28672
1783629650465 9.765625e-05 30720
1783629651670 9.765625e-05 32768
1783629652506 9.765625e-05 34816
1783629653760 9.765625e-05 36864
1783629654600 9.765625e-05 38912
1783629655665 4.8828125e-05 40960
1783629656573 2.44140625e-05 43008
1783629657451 1.220703125e-05 45056
1783629658614 1.220703125e-05 47104
1783629659469 6.103515625e-06 49152
1783629660479 6.103515625e-06 51200
1783629661301 6.103515625e-06 53248
1783629662047 3.0517578125e-06 55296
1783629662955 1.52587890625e-06 57344
1783629663798 7.62939453125e-07 59392
1783629664546 7.62939453125e-07 61440
1783629665404 3.814697265625e-07 63488
1783629666192 3.814697265625e-07 65536
1783629666923 1.9073486328125e-07 67584
1783629667944 9.5367431640625e-08 69632
1783629668783 9.5367431640625e-08 71680
1783629670119 9.5367431640625e-08 73728
1783629671020 4.76837158203125e-08 75776
1783629672171 2.384185791015625e-08 77824
1783629673047 2.384185791015625e-08 79872
1783629673876 2.384185791015625e-08 81920
1783629674734 1.1920928955078126e-08 83968
1783629675847 1.1920928955078126e-08 86016
1783629676857 5.960464477539063e-09 88064
1783629677844 5.960464477539063e-09 90112
1783629679073 5.960464477539063e-09 92160
1783629679932 2.9802322387695314e-09 94208
1783629680851 2.9802322387695314e-09 96256
1783629681843 2.9802322387695314e-09 98304
1783629682883 2.9802322387695314e-09 100352
1783629683712 1.4901161193847657e-09 102400
1783629684620 7.450580596923829e-10 104448
1783629685693 3.7252902984619143e-10 106496
1783629686564 1.8626451492309571e-10 108544
1783629687591 1.8626451492309571e-10 110592
1783629688346 1.8626451492309571e-10 112640
1783629689398 1.8626451492309571e-10 114688
1783629690217 1.8626451492309571e-10 116736
1783629691427 9.313225746154786e-11 118784
1783629692314 4.656612873077393e-11 120832
1783629693528 2.3283064365386964e-11 122880
1783629694356 2.3283064365386964e-11 124928
1783629695389 1.1641532182693482e-11 126976
1783629696250 1.1641532182693482e-11 129024
1783629697137 5.820766091346741e-12 131072
1783629697992 5.820766091346741e-12 133120
1783629698859 5.820766091346741e-12 135168
1783629699965 2.9103830456733705e-12 137216
1783629700750 2.9103830456733705e-12 139264
1783629701919 1.4551915228366853e-12 141312
1783629702760 7.275957614183426e-13 143360
1783629703848 3.637978807091713e-13 145408
1783629704638 1.8189894035458566e-13 147456
1783629705729 9.094947017729283e-14 149504
1783629706549 4.5474735088646414e-14 151552
1783629707580 2.2737367544323207e-14 153600
1783629708362 2.2737367544323207e-14 155648
1783629709726 1.1368683772161604e-14 157696
1783629710537 5.684341886080802e-15 159744
1783629711697 2.842170943040401e-15 161792
1783629712667 2.842170943040401e-15 163840
1783629713548 1.4210854715202005e-15 165888
1783629714682 7.105427357601002e-16 167936
1783629715539 3.552713678800501e-16 169984
1783629716690 1.7763568394002506e-16 172032
1783629717432 8.881784197001253e-17 174080
1783629718736 4.4408920985006264e-17 176128
1783629719574 2.2204460492503132e-17 178176
1783629720621 1.1102230246251566e-17 180224
1783629721435 5.551115123125783e-18 182272
1783629722603 2.7755575615628915e-18 184320
1783629723665 1.3877787807814458e-18 186368
1783629724560 6.938893903907229e-19 188416
1783629725424 3.4694469519536144e-19 190464
1783629726225 1.7347234759768072e-19 192512
1783629727583 8.673617379884036e-20 194560
1783629728423 4.336808689942018e-20 196608
1783629729503 2.168404344971009e-20 198656
1783629730377 2.168404344971009e-20 200704
1783629731326 1.0842021724855045e-20 202752
1783629732259 5.4210108624275225e-21 204800
1783629733160 2.7105054312137612e-21 206848
1783629734508 2.7105054312137612e-21 208896
1783629735370 1.3552527156068806e-21 210944
1783629736285 6.776263578034403e-22 212992
1783629737128 3.3881317890172015e-22 215040
1783629738051 3.3881317890172015e-22 217088
1783629739007 1.6940658945086008e-22 219136
1783629739960 8.470329472543004e-23 221184
1783629740996 8.470329472543004e-23 223232
1783629741910 4.235164736271502e-23 225280
1783629743177 2.117582368135751e-23 227328
1783629744053 2.117582368135751e-23 229376
1783629745304 1.0587911840678755e-23 231424
1783629746199 5.2939559203393774e-24 233472
1783629747158 2.6469779601696887e-24 235520
1783629748017 1.3234889800848444e-24 237568
1783629749181 6.617444900424222e-25 239616
1783629749999 3.308722450212111e-25 241664
1783629750910 3.308722450212111e-25 243712
1783629751890 1.6543612251060554e-25 245760
1783629752877 8.271806125530277e-26 247808
1783629754124 8.271806125530277e-26 249856
1783629755049 8.271806125530277e-26 251904
1783629756209 4.1359030627651386e-26 253952
1783629757049 2.0679515313825693e-26 256000
1783629758051 1.0339757656912847e-26 258048
1783629758963 1.0339757656912847e-26 260096
1783629760076 5.169878828456423e-27 262144
1783629761017 2.5849394142282116e-27 264192
1783629761881 1.2924697071141058e-27 266240
1783629763235 1.2924697071141058e-27 268288
1783629764073 6.462348535570529e-28 270336
1783629765090 3.2311742677852645e-28 272384
1783629766159 3.2311742677852645e-28 274432
1783629767067 1.6155871338926323e-28 276480
1783629768417 8.077935669463161e-29 278528
1783629769269 4.0389678347315807e-29 280576
1783629770277 2.0194839173657903e-29 282624
1783629771090 2.0194839173657903e-29 284672
1783629772000 2.0194839173657903e-29 286720
1783629772992 1.0097419586828952e-29 288768
1783629774049 5.048709793414476e-30 290816
1783629775298 2.524354896707238e-30 292864
1783629776244 2.524354896707238e-30 294912
1783629777344 1.262177448353619e-30 296960
1783629778199 6.310887241768095e-31 299008
1783629779122 3.1554436208840474e-31 301056
1783629780192 3.1554436208840474e-31 303104
1783629781005 3.1554436208840474e-31 305152
1783629782198 3.1554436208840474e-31 307200
1783629783133 3.1554436208840474e-31 309248
1783629784327 1.5777218104420237e-31 311296
1783629785325 7.888609052210118e-32 313344
1783629786403 3.944304526105059e-32 315392
1783629787412 1.9721522630525296e-32 317440
1783629788338 9.860761315262648e-33 319488
1783629789188 4.930380657631324e-33 321536
1783629790172 2.465190328815662e-33 323584
1783629791088 1.232595164407831e-33 325632
1783629792116 1.232595164407831e-33 327680
1783629793206 6.162975822039155e-34 329728
1783629794178 3.0814879110195775e-34 331776
1783629795327 1.5407439555097888e-34 333824
1783629796233 7.703719777548944e-35 335872
1783629797520 3.851859888774472e-35 337920
1783629798475 1.925929944387236e-35 339968
1783629799652 9.62964972193618e-36 342016
1783629800533 4.81482486096809e-36 344064
1783629801494 2.407412430484045e-36 346112
1783629802594 1.2037062152420225e-36 348160
1783629803680 6.018531076210112e-37 350208
1783629804729 3.009265538105056e-37 352256
1783629805674 1.504632769052528e-37 354304
1783629806991 7.52316384526264e-38 356352
1783629807948 3.76158192263132e-38 358400
1783629809098 1.88079096131566e-38 360448
1783629810097 1.88079096131566e-38 362496
1783629810949 9.4039548065783e-39 364544
1783629812050 4.70197740328915e-39 366592
1783629812961 2.350988701644575e-39 368640
1783629814168 1.1754943508222876e-39 370688
1783629815070 1.1754943508222876e-39 372736
1783629816193 5.877471754111438e-40 374784
1783629817185 2.938735877055719e-40 376832
1783629817924 1.4693679385278595e-40 378880
1783629818971 7.346839692639297e-41 380928
1783629819920 7.346839692639297e-41 382976
1783629821206 3.6734198463196487e-41 385024
1783629822219 1.8367099231598243e-41 387072
1783629823255 9.183549615799122e-42 389120
1783629824277 4.591774807899561e-42 391168
1783629825143 2.2958874039497804e-42 393216
1783629826314 1.1479437019748902e-42 395264
1783629827175 5.739718509874451e-43 397312
1783629828372 2.8698592549372255e-43 399360
1783629829442 1.4349296274686128e-43 401408
1783629830355 7.174648137343064e-44 403456
1783629831447 3.587324068671532e-44 405504
1783629832398 1.793662034335766e-44 407552
1783629833616 8.96831017167883e-45 409600
1783629834516 4.484155085839415e-45 411648
1783629835494 4.484155085839415e-45 413696
1783629836351 4.484155085839415e-45 415744
1783629837318 2.2420775429197074e-45 417792
1783629838396 2.2420775429197074e-45 419840
1783629839273 1.1210387714598537e-45 421888
1783629840606 5.6051938572992686e-46 423936
1783629841451 2.8025969286496343e-46 425984
1783629842538 1.4012984643248171e-46 428032
1783629843738 7.006492321624086e-47 430080
1783629844695 3.503246160812043e-47 432128
1783629845997 1.7516230804060214e-47 434176
1783629846904 8.758115402030107e-48 436224
1783629848003 4.3790577010150536e-48 438272
1783629849036 2.1895288505075268e-48 440320
1783629850104 1.0947644252537634e-48 442368
1783629851152 1.0947644252537634e-48 444416
1783629852272 5.473822126268817e-49 446464
1783629853560 2.7369110631344085e-49 448512
1783629854528 1.3684555315672042e-49 450560
1783629855871 6.842277657836021e-50 452608
1783629856823 3.4211388289180106e-50 454656
1783629857747 1.7105694144590053e-50 456704
1783629858835 8.552847072295027e-51 458752
1783629859891 4.276423536147513e-51 460800
1783629861104 2.1382117680737566e-51 462848
1783629861864 2.1382117680737566e-51 464896
1783629863099 2.1382117680737566e-51 466944
1783629864074 1.0691058840368783e-51 468992
1783629865167 5.3455294201843916e-52 471040
1783629866248 2.6727647100921958e-52 473088
1783629867182 1.3363823550460979e-52 475136
1783629868279 6.6819117752304895e-53 477184
1783629869129 3.3409558876152447e-53 479232
1783629869986 1.6704779438076224e-53 481280
1783629870834 8.352389719038112e-54 483328
1783629871930 4.176194859519056e-54 485376
1783629873032 4.176194859519056e-54 487424
1783629874049 2.088097429759528e-54 489472
1783629875041 2.088097429759528e-54 491520
1783629876268 1.044048714879764e-54 493568
1783629877174 1.044048714879764e-54 495616
1783629878222 5.22024357439882e-55 497664
1783629879068 5.22024357439882e-55 499712
1783629879282 2.61012178719941e-55 500000
