1783629637334 -159.91429548468108 2048
1783629638374 -161.71598229773053 4096
1783629639140 -184.15322232663843 6144
1783629639913 -155.57773630252683 8192
1783629640710 -180.11183408016532 10240
1783629641565 -129.9293617105117 12288
1783629642763 -143.7339110794319 14336
1783629643613 -148.87122633651393 16384
1783629644797 -216.11401155964663 18432
1783629645701 -210.90855144635702 20480
1783629646936 -217.3166052659517 22528
1783629647814 -201.12617912679494 24576
1783629648690 -184.59516347986008 26624
1783629649585 -178.52540725145724 28672
1783629650465 -158.1154239967551 30720
1783629651670 -142.6977434540637 32768
1783629652506 -130.39355069390302 34816
1783629653760 -139.17133144104636 36864
1783629654600 -155.09087844328707 38912
1783629655665 -158.7498845737228 40960
1783629656573 -136.8497902877476 43008
1783629657451 -92.98381260715156 45056
1783629658614 -100.12946805504704 47104
1783629659469 -91.23790948579652 49152
1783629660479 -90.58002645723947 51200
1783629661301 -82.69273441371115 53248
1783629662047 -80.9961160361452 55296
1783629662955 -93.0208767416589 57344
1783629663798 -100.81568805355849 59392
1783629664546 -95.39491027591544 61440
1783629665404 -97.21948304039954 63488
1783629666192 -91.13229252517029 65536
1783629666923 -125.26790469015995 67584
1783629667944 -121.31332884541003 69632
1783629668783 -94.86398329500585 71680
1783629670119 -79.05063492271624 73728
1783629671020 -53.02433270282798 75776
1783629672171 -63.6865953847459 77824
1783629673047 -69.74450565966355 79872
1783629673876 -84.1976706531803 81920
1783629674734 -64.88934855232974 83968
1783629675847 -51.27368444665277 86016
1783629676857 -35.565011147790756 88064
1783629677844 -28.779795821243255 90112
1783629679073 -16.566440355484573 92160
1783629679932 -30.683237619867338 94208
1783629680851 -33.19910008606869 96256
1783629681843 -30.224732149950928 98304
1783629682883 -32.99960093821153 100352
1783629683712 -17.06237539031529 102400
1783629684620 -15.669062924096398 104448
1783629685693 0.7460616742096906 106496
1783629686564 13.814540964243903 108544
1783629687591 20.036278338586282 110592
1783629688346 7.784050323468662 112640
1783629689398 11.696795388352578 114688
1783629690217 6.90133405542457 116736
1783629691427 -14.650299170315805 118784
1783629692314 -19.512527955757438 120832
1783629693528 -28.5484382601553 122880
1783629694356 -28.10410049919845 124928
1783629695389 -32.690439548561514 126976
1783629696250 -35.728400077155335 129024
1783629697137 -41.993677105544656 131072
1783629697992 -37.309193639584606 133120
1783629698859 -30.997929859833015 135168
1783629699965 -14.70545020837364 137216
1783629700750 -10.610427264143174 139264
1783629701919 17.675876998501856 141312
1783629702760 28.868014775903692 143360
1783629703848 54.33047896631448 145408
1783629704638 77.13857824826361 147456
1783629705729 103.85418816694103 149504
1783629706549 134.07966453854078 151552
1783629707580 150.64557975319653 153600
1783629708362 168.0906895286369 155648
1783629709726 185.03152402049875 157696
1783629710537 166.8434776853235 159744
1783629711697 166.9423974492501 161792
1783629712667 149.6808228535945 163840
1783629713548 122.01281100024573 165888
1783629714682 112.95099770662068 167936
1783629715539 96.46729159147121 169984
1783629716690 106.67517335155367 172032
1783629717432 103.46299661900188 174080
1783629718736 138.2884521916927 176128
1783629719574 141.79473438985104 178176
1783629720621 154.60273757703666 180224
1783629721435 162.60026018210056 182272
1783629722603 165.07973635138814 184320
1783629723665 153.05602923879638 186368
1783629724560 115.79076573588536 188416
1783629725424 115.98447957104386 190464
1783629726225 118.51497717618027 192512
1783629727583 97.12299079948039 194560
1783629728423 123.49128572445173 196608
1783629729503 149.28060276392335 198656
1783629730377 151.71570897918204 200704
1783629731326 162.9992457504421 202752
1783629732259 193.12767995883866 204800
1783629733160 205.88267309662652 206848
1783629734508 207.08194649043907 208896
1783629735370 155.6153349538659 210944
1783629736285 122.04735763542837 212992
1783629737128 110.05796298502185 215040
1783629738051 94.07277578849359 217088
1783629739007 116.57956672379653 219136
1783629739960 114.61830284587401 221184
1783629740996 77.7093539694316 223232
1783629741910 59.162558456424065 225280
1783629743177 36.46110435931401 227328
1783629744053 63.08538880811866 229376
1783629745304 111.61245407487709 231424
1783629746199 128.711688743391 233472
1783629747158 113.333861330113 235520
1783629748017 81.5344194694092 237568
1783629749181 70.50390626823577 239616
1783629749999 68.30108600075344 241664
1783629750910 71.50574334023642 243712
1783629751890 79.88306492212759 245760
1783629752877 87.05343487572034 247808
1783629754124 46.56804092831548 249856
1783629755049 28.970760040466523 251904
1783629756209 13.436271759712138 253952
1783629757049 32.6171214962833 256000
1783629758051 44.372169254958365 258048
1783629758963 56.722716876713 260096
1783629760076 31.7265864880709 262144
1783629761017 33.29241217747666 264192
1783629761881 36.38782248538015 266240
1783629763235 49.65373888595722 268288
1783629764073 55.527882650461336 270336
1783629765090 46.10360650112357 272384
1783629766159 39.21672323764649 274432
1783629767067 61.30433071238234 276480
1783629768417 86.04493934888559 278528
1783629769269 97.76505001590641 280576
1783629770277 98.8695822847857 282624
1783629771090 117.25123143537583 284672
1783629772000 127.91728827551272 286720
1783629772992 121.99042434396355 288768
1783629774049 97.9426644928608 290816
1783629775298 85.12259569566828 292864
1783629776244 72.59511410736079 294912
1783629777344 92.87274264054257 296960
1783629778199 102.75751573478581 299008
1783629779122 92.24980352209903 301056
1783629780192 116.57820179559016 303104
1783629781005 144.96802765725414 305152
1783629782198 156.85608972518554 307200
1783629783133 136.41088471197403 309248
1783629784327 138.7262533970446 311296
1783629785325 144.0594730117421 313344
1783629786403 132.10576683708732 315392
1783629787412 135.11608631284048 317440
1783629788338 134.47120458711737 319488
1783629789188 151.62084012431438 321536
1783629790172 144.15128577010972 323584
1783629791088 159.3321518121621 325632
1783629792116 170.68730122417088 327680
1783629793206 167.3025510480464 329728
1783629794178 155.46148450048247 331776
1783629795327 154.0448240044278 333824
1783629796233 157.2643918196821 335872
1783629797520 147.66288976502284 337920
1783629798475 165.15566359974787 339968
1783629799652 173.21398110535657 342016
1783629800533 145.41746382955324 344064
1783629801494 143.68011948916688 346112
1783629802594 147.55827077211467 348160
1783629803680 156.12981473728672 350208
1783629804729 181.80202851063694 352256
1783629805674 187.49769940071178 354304
1783629806991 184.48076657504978 356352
1783629807948 161.89346640085228 358400
1783629809098 138.64079775074725 360448
1783629810097 150.29901309137685 362496
1783629810949 101.5602839166931 364544
1783629812050 99.20435480757689 366592
1783629812961 100.52314663453885 368640
1783629814168 96.97325567718859 370688
1783629815070 120.6987201339507 372736
1783629816193 142.38012526035124 374784
1783629817185 159.15132734175648 376832
1783629817924 152.26140980720305 378880
1783629818971 142.42389357961642 380928
1783629819920 141.23038730725295 382976
1783629821206 145.4014148295092 385024
1783629822219 144.89487917967563 387072
1783629823255 133.9288939956115 389120
1783629824277 137.98908637543028 391168
1783629825143 150.79407563696486 393216
1783629826314 171.4012751214304 395264
1783629827175 188.0048754565181 397312
1783629828372 190.18984957890254 399360
1783629829442 190.17345509167586 401408
1783629830355 174.75619335673053 403456
1783629831447 172.32309594573766 405504
1783629832398 156.2150446712006 407552
1783629833616 129.7951818870917 409600
1783629834516 115.51822011735301 411648
1783629835494 135.11129777087876 413696
1783629836351 157.23770991804207 415744
1783629837318 186.02113159817 417792
1783629838396 178.32796462054938 419840
1783629839273 179.92789046273185 421888
1783629840606 194.5463715516358 423936
1783629841451 213.04427343934498 425984
1783629842538 215.3403784292008 428032
1783629843738 200.75001489204095 430080
1783629844695 190.95922272659067 432128
1783629845997 177.3484913886387 434176
1783629846904 164.0240552497361 436224
1783629848003 156.11803431707784 438272
1783629849036 160.0140387703262 440320
1783629850104 158.51504718627749 442368
1783629851152 154.74627245165115 444416
1783629852272 137.17980361949648 446464
1783629853560 133.37464273622066 448512
1783629854528 147.2808508202332 450560
1783629855871 160.6525212459209 452608
1783629856823 182.9528074193451 454656
1783629857747 182.79651773696486 456704
1783629858835 161.0211589282795 458752
1783629859891 172.61703420003394 460800
1783629861104 168.8434988241549 462848
1783629861864 160.00063784378608 464896
1783629863099 206.67044535820378 466944
1783629864074 178.2767131045993 468992
1783629865167 190.11397769017495 471040
1783629866248 171.53731817408973 473088
1783629867182 148.1083862662685 475136
1783629868279 163.28921634311897 477184
1783629869129 188.07921165065264 479232
1783629869986 221.23520057422326 481280
1783629870834 199.6388465329789 483328
1783629871930 181.18672959376178 485376
1783629873032 156.43291002287583 487424
1783629874049 157.98301136448666 489472
1783629875041 167.26258907781948 491520
1783629876268 148.46952752647732 493568
1783629877174 156.62042027285344 495616
1783629878222 168.68745486362334 497664
1783629879068 194.38510881942378 499712
1783629879282 206.20480056973673 500000
