1783629637334 -0.007334230373089667 2048
1783629638374 -0.0032576499070273712 4096
1783629639140 -0.004773014967213385 6144
1783629639913 -0.006762545497622341 8192
1783629640710 -0.005645566550811054 10240
1783629641565 -0.0050277359841857105 12288
1783629642763 -0.006117262864790973 14336
1783629643613 -0.0033830637112259865 16384
1783629644797 -0.002418828931695316 18432
1783629645701 -0.0035121458968205843 20480
1783629646936 -0.002983558009873377 22528
1783629647814 -0.004709834582172334 24576
1783629648690 0.002825435258273501 26624
1783629649585 -0.0046206698498281185 28672
1783629650465 -0.005535247808438726 30720
1783629651670 -0.006514933513244614 32768
1783629652506 -0.00689173179489444 34816
1783629653760 -0.005843160721269669 36864
1783629654600 -0.004055843122841907 38912
1783629655665 -0.0054665921270498075 40960
1783629656573 -0.0012947447630722309 43008
1783629657451 -0.0007828636280464707 45056
1783629658614 -0.0062175406637834385 47104
1783629659469 -0.003873535148159135 49152
1783629660479 -0.004793837109900778 51200
1783629661301 -0.008215407786337892 53248
1783629662047 -0.0031792584268259816 55296
1783629662955 -0.007244854110467713 57344
1783629663798 -0.0018830361750588054 59392
1783629664546 -0.009258554313419154 61440
1783629665404 -0.00423331827732909 63488
1783629666192 -0.006102009807364084 65536
1783629666923 -0.004773455879330868 67584
1783629667944 -0.006076758952985983 69632
1783629668783 -0.006881608726871491 71680
1783629670119 -0.004784374385053525 73728
1783629671020 -0.0014232022549549583 75776
1783629672171 -0.005666571089022909 77824
1783629673047 -0.005815022883325582 79872
1783629673876 -0.007809998094671755 81920
1783629674734 -0.004741634329548106 83968
1783629675847 -0.0028832720290665748 86016
1783629676857 -0.005024792317271931 88064
1783629677844 -0.004288558349799132 90112
1783629679073 -0.010731048485467909 92160
1783629679932 -0.00244949986517895 94208
1783629680851 -0.005164322867130977 96256
1783629681843 -0.002423626330710249 98304
1783629682883 -0.005214729128056206 100352
1783629683712 -0.0017187243174703326 102400
1783629684620 -0.004436667135450989 104448
1783629685693 -0.007297168685909128 106496
1783629686564 -0.0035793724564427976 108544
1783629687591 -0.004993627462681616 110592
1783629688346 -0.010684932643926004 112640
1783629689398 -0.0016054779407568276 114688
1783629690217 -0.0072838764117477695 116736
1783629691427 -0.007583905327919638 118784
1783629692314 -0.001574003017594805 120832
1783629693528 -0.0014200997011357686 122880
1783629694356 -0.006420213227102067 124928
1783629695389 -0.001363308692816645 126976
1783629696250 -0.0027612278681772295 129024
1783629697137 -0.00508535456538084 131072
1783629697992 -0.005687131828381098 133120
1783629698859 -0.005708805023459718 135168
1783629699965 -0.003108734541456215 137216
1783629700750 -0.0034600330218381714 139264
1783629701919 -0.0029695790326513816 141312
1783629702760 -0.00425825831189286 143360
1783629703848 -0.0019547472402337007 145408
1783629704638 -0.0022939724858588306 147456
1783629705729 -0.00021741782802564558 149504
1783629706549 -0.002655264313943917 151552
1783629707580 -0.0011969671286351513 153600
1783629708362 -0.004925916386127938 155648
1783629709726 -0.002025171692366712 157696
1783629710537 -0.0026960190807585604 159744
1783629711697 -0.0015983729172148742 161792
1783629712667 -0.0017499260156910168 163840
1783629713548 -0.0012385439404170029 165888
1783629714682 -0.0014367459134518867 167936
1783629715539 -0.0016315348220814485 169984
1783629716690 -0.0015209156590572093 172032
1783629717432 -0.0016723978587833699 174080
1783629718736 -0.0022120708799775457 176128
1783629719574 -0.0019453539734968217 178176
1783629720621 -0.0023812149574951036 180224
1783629721435 -0.00355085463161231 182272
1783629722603 -0.0035591473679232877 184320
1783629723665 -0.0003739131389011163 186368
1783629724560 -0.002727950582993799 188416
1783629725424 -0.002168935359804891 190464
1783629726225 -0.0018181677187385503 192512
1783629727583 -0.0012058603260811651 194560
1783629728423 -0.0020043827244080603 196608
1783629729503 -0.0007696170032431837 198656
1783629730377 -0.0002767554615275003 200704
1783629731326 -0.0014597462577512488 202752
1783629732259 -0.0022806071865488775 204800
1783629733160 -0.002761973624728853 206848
1783629734508 -0.0024819936297717504 208896
1783629735370 -0.0011006919012288563 210944
1783629736285 -0.002380590740358457 212992
1783629737128 -0.001503819443314569 215040
1783629738051 -0.004830879131986876 217088
1783629739007 -0.0031770658897585236 219136
1783629739960 -0.0020738379389513284 221184
1783629740996 -0.004211298219161108 223232
1783629741910 -0.0013447439578158082 225280
1783629743177 -0.004914097424261854 227328
1783629744053 -0.0008554311807529302 229376
1783629745304 -0.0010930735606962116 231424
1783629746199 -0.002801440889015794 233472
1783629747158 -0.0019558491003408562 235520
1783629748017 -0.0043153908554813825 237568
1783629749181 -0.001626145300178905 239616
1783629749999 -0.0012767572334269062 241664
1783629750910 -0.0035913977098971372 243712
1783629751890 -0.001052927551427274 245760
1783629752877 0.0005447165767691331 247808
1783629754124 -0.0027099556318717077 249856
1783629755049 -0.002245473599032266 251904
1783629756209 4.0358932892559096e-05 253952
1783629757049 -0.001196425495436415 256000
1783629758051 -0.0008899132408259902 258048
1783629758963 -0.005472974322401569 260096
1783629760076 -0.000630298181931721 262144
1783629761017 -0.0008455973875243217 264192
1783629761881 -0.002134932805347489 266240
1783629763235 -0.0038161807624419453 268288
1783629764073 -0.0003389338708075229 270336
1783629765090 -0.00043383840056776535 272384
1783629766159 -0.002135225044185063 274432
1783629767067 -0.0033323859115625964 276480
1783629768417 -0.0031500319482802297 278528
1783629769269 -0.0007753206500638044 280576
1783629770277 -0.002925544880781672 282624
1783629771090 -0.0015994630648492603 284672
1783629772000 -0.0018553957361291396 286720
1783629772992 -0.005614740395685658 288768
1783629774049 -0.0032528612173337024 290816
1783629775298 -0.0012965889654878993 292864
1783629776244 -0.002427403989713639 294912
1783629777344 -0.0003060105118493084 296960
1783629778199 -0.00399002030644624 299008
1783629779122 -0.0005576369057962438 301056
1783629780192 -0.0007451006877090549 303104
1783629781005 -0.001576724795086193 305152
1783629782198 -0.004453315588762052 307200
1783629783133 -0.0025372926120326156 309248
1783629784327 -0.003814927982602967 311296
1783629785325 -0.0007877697371441172 313344
1783629786403 -0.0016895389162527863 315392
1783629787412 -0.002458747787386528 317440
1783629788338 -0.0007149546963773901 319488
1783629789188 -0.0013554476427088957 321536
1783629790172 -0.0007739742122794269 323584
1783629791088 -1.2428559784893878e-05 325632
1783629792116 -0.0014016342684044503 327680
1783629793206 -4.415719195094425e-05 329728
1783629794178 -0.0024641374529892346 331776
1783629795327 -0.0019123591700918041 333824
1783629796233 -0.003320771978906123 335872
1783629797520 -0.0013920080691605108 337920
1783629798475 -0.0011223525907553267 339968
1783629799652 -0.001031707861329778 342016
1783629800533 -0.0014538525501848198 344064
1783629801494 0.00013378404491959373 346112
1783629802594 -0.0030356435800058534 348160
1783629803680 -0.002761462868875242 350208
1783629804729 0.0002513536719561671 352256
1783629805674 0.0002738185849011643 354304
1783629806991 9.772413977771066e-05 356352
1783629807948 -0.000372079844964901 358400
1783629809098 -0.0033246215207327623 360448
1783629810097 -0.0028808800525439437 362496
1783629810949 -0.0025034390218934277 364544
1783629812050 -0.0020407779102242785 366592
1783629812961 -0.0025404492298548575 368640
1783629814168 -0.001313328319156426 370688
1783629815070 -0.001159534433099907 372736
1783629816193 -0.0032293775457219454 374784
1783629817185 -0.0008186778850358678 376832
1783629817924 -0.0028066997783753322 378880
1783629818971 -0.0002220577825937653 380928
1783629819920 -0.0016700996020517778 382976
1783629821206 -0.0010395228728157235 385024
1783629822219 -0.00028772289806511253 387072
1783629823255 -0.0017115983137045987 389120
1783629824277 -0.0019977444262622157 391168
1783629825143 -0.0014959382424422074 393216
1783629826314 -0.0007698325480305357 395264
1783629827175 -0.0027640270945994416 397312
1783629828372 -0.0017371918256685603 399360
1783629829442 -0.0003441198878135765 401408
1783629830355 -0.00130133260609 403456
1783629831447 -0.0008157367210515076 405504
1783629832398 -0.0012887042357760947 407552
1783629833616 -0.0020592205619323067 409600
1783629834516 -0.0016964146816462744 411648
1783629835494 -0.003688153410621453 413696
1783629836351 -0.001173275659311912 415744
1783629837318 -0.0026890914432442514 417792
1783629838396 -0.002469968747391249 419840
1783629839273 -0.0017352564700559014 421888
1783629840606 -0.0006795321332901949 423936
1783629841451 -0.0003135195638606092 425984
1783629842538 -0.001868355275291833 428032
1783629843738 -0.002759500446700258 430080
1783629844695 -0.001853983965702355 432128
1783629845997 0.0002027180562436115 434176
1783629846904 -0.0002119435121130664 436224
1783629848003 -0.0010827670521393884 438272
1783629849036 -0.002913194008215214 440320
1783629850104 -0.001186876701467554 442368
1783629851152 -0.001742139907037199 444416
1783629852272 -0.0018535029230406508 446464
1783629853560 -0.0015543018816970289 448512
1783629854528 -0.0017786326498026028 450560
1783629855871 -0.0011158738816448022 452608
1783629856823 -7.846591870475095e-05 454656
1783629857747 -0.0007899267056927783 456704
1783629858835 -0.0028622714307857677 458752
1783629859891 -0.001257554966286989 460800
1783629861104 -0.001504090989328688 462848
1783629861864 -0.005658055037201848 464896
1783629863099 -0.0013441811861412134 466944
1783629864074 -0.0006775797974114539 468992
1783629865167 0.0006777143971703481 471040
1783629866248 -0.0024869011576811317 473088
1783629867182 -0.001181161183922086 475136
1783629868279 -0.0014008250400365796 477184
1783629869129 -0.0020913606422254816 479232
1783629869986 0.00047327734500868246 481280
1783629870834 -0.0014636201467510546 483328
1783629871930 -0.0002951305032183882 485376
1783629873032 -0.0027748883640015265 487424
1783629874049 0.0007979181864357088 489472
1783629875041 -0.00256014144179062 491520
1783629876268 -0.00282320389214874 493568
1783629877174 -0.000466858076833887 495616
1783629878222 -0.0008968674846983049 497664
1783629879068 -0.004766274616486044 499712
1783629879282 -0.0017913020215928554 500000
