1783629637334 1410.0200548171997 2048
1783629638374 1539.2902874946594 4096
1783629639140 1670.4975380897522 6144
1783629639913 1144.578929901123 8192
1783629640710 1060.1857509613037 10240
1783629641565 702.0313923358917 12288
1783629642763 896.5122177600861 14336
1783629643613 894.0939402580261 16384
1783629644797 963.5163428783417 18432
1783629645701 926.3118517398834 20480
1783629646936 767.675041437149 22528
1783629647814 1021.6002173423767 24576
1783629648690 612.79412150383 26624
1783629649585 648.5548343658447 28672
1783629650465 414.31095492839813 30720
1783629651670 673.6235129833221 32768
1783629652506 239.87115544080734 34816
1783629653760 731.248044013977 36864
1783629654600 652.4613090753555 38912
1783629655665 389.99816489219666 40960
1783629656573 401.9054592847824 43008
1783629657451 405.38637924194336 45056
1783629658614 421.88425183296204 47104
1783629659469 247.44933152198792 49152
1783629660479 228.17745262384415 51200
1783629661301 232.58081579208374 53248
1783629662047 283.40114998817444 55296
1783629662955 518.0430401563644 57344
1783629663798 334.0310027003288 59392
1783629664546 151.55346781015396 61440
1783629665404 597.0109270811081 63488
1783629666192 140.97882279753685 65536
1783629666923 336.1240527033806 67584
1783629667944 275.85881584882736 69632
1783629668783 145.8926038146019 71680
1783629670119 112.73000705242157 73728
1783629671020 325.0905984044075 75776
1783629672171 346.8999453783035 77824
1783629673047 196.55183243751526 79872
1783629673876 263.36089634895325 81920
1783629674734 191.9930258989334 83968
1783629675847 289.3151002526283 86016
1783629676857 105.02185562252998 88064
1783629677844 135.69652169942856 90112
1783629679073 137.3711722791195 92160
1783629679932 170.46539640426636 94208
1783629680851 89.54567843675613 96256
1783629681843 220.51856714487076 98304
1783629682883 42.35463359951973 100352
1783629683712 102.3482138812542 102400
1783629684620 94.90055322647095 104448
1783629685693 96.29494659602642 106496
1783629686564 29.419734448194504 108544
1783629687591 21.43809600174427 110592
1783629688346 28.070406019687653 112640
1783629689398 20.293999068439007 114688
1783629690217 24.636457338929176 116736
1783629691427 154.14200116693974 118784
1783629692314 24.29450199007988 120832
1783629693528 84.65930940210819 122880
1783629694356 20.871785797178745 124928
1783629695389 22.365743778645992 126976
1783629696250 19.533272434026003 129024
1783629697137 127.35191336274147 131072
1783629697992 19.923966720700264 133120
1783629698859 60.334579311311245 135168
1783629699965 17.238517586141825 137216
1783629700750 13.900160852819681 139264
1783629701919 101.91692131757736 141312
1783629702760 21.27205628529191 143360
1783629703848 118.44178552180529 145408
1783629704638 46.60104412585497 147456
1783629705729 80.48452132940292 149504
1783629706549 89.37757834792137 151552
1783629707580 59.92809374630451 153600
1783629708362 97.61254569888115 155648
1783629709726 97.54457694292068 157696
1783629710537 82.30821140110493 159744
1783629711697 105.31303979456425 161792
1783629712667 171.0162534415722 163840
1783629713548 243.55551302433014 165888
1783629714682 148.7367748990655 167936
1783629715539 143.34285654872656 169984
1783629716690 160.35534493625164 172032
1783629717432 206.70326203107834 174080
1783629718736 151.26850451529026 176128
1783629719574 183.6350938230753 178176
1783629720621 73.47431753575802 180224
1783629721435 149.21484778821468 182272
1783629722603 76.15827932953835 184320
1783629723665 199.85047522187233 186368
1783629724560 391.1095513999462 188416
1783629725424 75.21298922598362 190464
1783629726225 144.56128768622875 192512
1783629727583 216.66480550169945 194560
1783629728423 192.52208533883095 196608
1783629729503 69.63861690461636 198656
1783629730377 47.828701205551624 200704
1783629731326 50.60198909789324 202752
1783629732259 116.60697531700134 204800
1783629733160 63.97005504369736 206848
1783629734508 78.66547386348248 208896
1783629735370 457.46417385339737 210944
1783629736285 322.2424124479294 212992
1783629737128 131.46059992909431 215040
1783629738051 176.08533273637295 217088
1783629739007 147.62090039253235 219136
1783629739960 327.21253204345703 221184
1783629740996 358.2664280086756 223232
1783629741910 165.31683738529682 225280
1783629743177 208.47720177471638 227328
1783629744053 123.31099392473698 229376
1783629745304 114.91820013523102 231424
1783629746199 82.49040046334267 233472
1783629747158 256.19274036586285 235520
1783629748017 262.06542244553566 237568
1783629749181 135.3644885569811 239616
1783629749999 64.13144955039024 241664
1783629750910 120.14219518005848 243712
1783629751890 204.47274966537952 245760
1783629752877 250.1585821211338 247808
1783629754124 217.639122068882 249856
1783629755049 191.0349407196045 251904
1783629756209 294.557446539402 253952
1783629757049 201.1429328918457 256000
1783629758051 197.57274255156517 258048
1783629758963 223.202601313591 260096
1783629760076 398.26182156801224 262144
1783629761017 116.75654185563326 264192
1783629761881 282.01980766654015 266240
1783629763235 246.97013488411903 268288
1783629764073 189.402539357543 270336
1783629765090 115.86363023519516 272384
1783629766159 231.98631685972214 274432
1783629767067 193.83643314242363 276480
1783629768417 133.6112984418869 278528
1783629769269 218.05953845381737 280576
1783629770277 131.14970311522484 282624
1783629771090 148.02856728434563 284672
1783629772000 249.42906165122986 286720
1783629772992 123.40979452431202 288768
1783629774049 201.83445703983307 290816
1783629775298 203.558434933424 292864
1783629776244 160.9062635153532 294912
1783629777344 117.9718166589737 296960
1783629778199 35.513668067753315 299008
1783629779122 130.67912524938583 301056
1783629780192 70.41898278146982 303104
1783629781005 87.11509434878826 305152
1783629782198 41.65407867729664 307200
1783629783133 132.08989141881466 309248
1783629784327 34.375331066548824 311296
1783629785325 123.91429850459099 313344
1783629786403 156.43517644703388 315392
1783629787412 104.85865189880133 317440
1783629788338 152.4912327080965 319488
1783629789188 34.90328872203827 321536
1783629790172 135.52631157636642 323584
1783629791088 110.04176627099514 325632
1783629792116 30.642910555005074 327680
1783629793206 166.2599729448557 329728
1783629794178 242.2245183736086 331776
1783629795327 35.756934612989426 333824
1783629796233 142.07812124490738 335872
1783629797520 141.4070395976305 337920
1783629798475 78.029281899333 339968
1783629799652 183.64514409005642 342016
1783629800533 249.25085893273354 344064
1783629801494 244.39165814220905 346112
1783629802594 45.436874590814114 348160
1783629803680 122.63794827461243 350208
1783629804729 39.086754746735096 352256
1783629805674 109.09243462979794 354304
1783629806991 167.44763523340225 356352
1783629807948 217.89070695638657 358400
1783629809098 236.8910791426897 360448
1783629810097 41.7889703437686 362496
1783629810949 463.0248292684555 364544
1783629812050 239.07136246562004 366592
1783629812961 184.72987005114555 368640
1783629814168 109.04833179712296 370688
1783629815070 133.0847424864769 372736
1783629816193 74.73181189596653 374784
1783629817185 212.24128548055887 376832
1783629817924 118.08902026712894 378880
1783629818971 198.53716444969177 380928
1783629819920 43.51989884674549 382976
1783629821206 239.81108556687832 385024
1783629822219 169.88961566984653 387072
1783629823255 178.95544709265232 389120
1783629824277 107.9962817877531 391168
1783629825143 73.22101145982742 393216
1783629826314 93.4457943290472 395264
1783629827175 130.94024497270584 397312
1783629828372 142.92124196887016 399360
1783629829442 52.655682653188705 401408
1783629830355 196.5095912516117 403456
1783629831447 150.68040825426579 405504
1783629832398 179.06990948319435 407552
1783629833616 282.2518159747124 409600
1783629834516 198.43002250790596 411648
1783629835494 47.781616650521755 413696
1783629836351 186.34758415818214 415744
1783629837318 87.93553637713194 417792
1783629838396 224.16504684090614 419840
1783629839273 88.6104523986578 421888
1783629840606 41.12948164343834 423936
1783629841451 81.40748951584101 425984
1783629842538 132.7977124005556 428032
1783629843738 130.84069082140923 430080
1783629844695 158.27089962363243 432128
1783629845997 187.21424110233784 434176
1783629846904 169.96678878366947 436224
1783629848003 288.86052560806274 438272
1783629849036 154.91941013932228 440320
1783629850104 128.168640345335 442368
1783629851152 237.8759799748659 444416
1783629852272 279.6161020696163 446464
1783629853560 179.130092933774 448512
1783629854528 133.63467526435852 450560
1783629855871 204.07628625631332 452608
1783629856823 111.38283153623343 454656
1783629857747 158.4236681163311 456704
1783629858835 286.6018793284893 458752
1783629859891 148.4055888056755 460800
1783629861104 85.37492524087429 462848
1783629861864 93.3189040273428 464896
1783629863099 68.55545815825462 466944
1783629864074 236.98319137096405 468992
1783629865167 176.97386360168457 471040
1783629866248 106.1196696087718 473088
1783629867182 117.81926691532135 475136
1783629868279 116.73641665279865 477184
1783629869129 80.89409451186657 479232
1783629869986 49.295589461922646 481280
1783629870834 239.53891843557358 483328
1783629871930 165.24026450514793 485376
1783629873032 147.36870749294758 487424
1783629874049 80.01946741342545 489472
1783629875041 130.32788217067719 491520
1783629876268 358.1598946452141 493568
1783629877174 98.40763556584716 495616
1783629878222 73.78209027647972 497664
1783629879068 175.9308684617281 499712
1783629879282 172.67640266418456 500000
