1783658142849 9.5 2048
1783658144432 9.05 4096
1783658145948 9.45 6144
1783658147476 9.5 8192
1783658148994 9.2 10240
1783658150532 9.6 12288
1783658152132 9.45 14336
1783658153675 9.4 16384
1783658155228 9.3 18432
1783658156787 9.4 20480
1783658158315 9.35 22528
1783658159662 9.55 24576
1783658161137 9.55 26624
1783658162737 9.35 28672
1783658164315 9.6 30720
1783658165854 8.95 32768
1783658167414 9.45 34816
1783658169025 9.25 36864
1783658170423 9.35 38912
1783658171974 9.3 40960
1783658173516 9.4 43008
1783658175140 9.4 45056
1783658176739 9.2 47104
1783658178320 9.15 49152
1783658179877 9.15 51200
1783658181446 9.25 53248
1783658182994 9.5 55296
1783658184535 9.15 57344
1783658186162 9.4 59392
1783658187723 9.15 61440
1783658189324 8.95 63488
1783658190914 9.55 65536
1783658192494 9.45 67584
1783658194128 9.35 69632
1783658195746 9.1 71680
1783658197319 9.45 73728
1783658198911 9.15 75776
1783658200461 9.25 77824
1783658202028 9.45 79872
1783658203678 9.05 81920
1783658205331 9.25 83968
1783658206892 9.35 86016
1783658208516 9.6 88064
1783658210136 9.35 90112
1783658211697 9.4 92160
1783658213290 9.55 94208
1783658214926 9.4 96256
1783658216537 9.45 98304
1783658217949 9.05 100352
1783658219481 9.05 102400
1783658221117 9.2 104448
1783658222539 9.35 106496
1783658223941 9.3 108544
1783658225347 9.25 110592
1783658226803 9.25 112640
1783658228230 9.05 114688
1783658229581 9.5 116736
1783658230937 9.3 118784
1783658232412 9.4 120832
1783658233943 9.45 122880
1783658235326 9.65 124928
1783658236713 9.7 126976
1783658238101 9.4 129024
1783658239597 9.55 131072
1783658241067 9.25 133120
1783658242428 9.25 135168
1783658243756 9.35 137216
1783658245292 9.3 139264
1783658246690 9.3 141312
1783658248095 9.2 143360
1783658249460 9.7 145408
1783658250920 9.45 147456
1783658252272 9.2 149504
1783658253627 9.25 151552
1783658255003 9.25 153600
1783658256430 9.2 155648
1783658258021 9.4 157696
1783658259443 9.25 159744
1783658260821 9.15 161792
1783658262318 9.05 163840
1783658263701 9.2 165888
1783658265070 9.55 167936
1783658266469 9.1 169984
1783658267854 9.45 172032
1783658269504 9.35 174080
1783658270911 9.4 176128
1783658272229 8.9 178176
1783658273619 9.15 180224
1783658275145 9.45 182272
1783658276537 9.25 184320
1783658277859 9.5 186368
1783658279182 9.55 188416
1783658280600 9.35 190464
1783658282158 9.3 192512
1783658283632 9.45 194560
1783658285001 9.3 196608
1783658286339 9.65 198656
1783658287866 9.25 200704
1783658289211 9.4 202752
1783658290535 9.45 204800
1783658291955 9.5 206848
1783658293301 9.25 208896
1783658294810 9.35 210944
1783658296199 9.5 212992
1783658297555 9.4 215040
1783658298866 9.45 217088
1783658300279 9.05 219136
1783658301826 9.3 221184
1783658303170 9.4 223232
1783658304564 9.65 225280
1783658305860 9.3 227328
1783658307194 9.1 229376
1783658308803 9.25 231424
1783658310181 9.35 233472
1783658311507 9.6 235520
1783658312814 9.6 237568
1783658314179 9.35 239616
1783658315599 9.4 241664
1783658317241 9.55 243712
1783658318646 9.15 245760
1783658320024 9.4 247808
1783658321553 9.4 249856
1783658322906 9.25 251904
1783658324281 9.75 253952
1783658325659 9.25 256000
1783658327021 9.45 258048
1783658328518 9.5 260096
1783658329937 9.4 262144
1783658331263 9.25 264192
1783658332602 9.55 266240
1783658334096 9.55 268288
1783658335611 9.75 270336
1783658336984 9.35 272384
1783658338308 9.2 274432
1783658339696 9.7 276480
1783658341234 9.45 278528
1783658342664 9.3 280576
1783658343969 9.35 282624
1783658345260 9.55 284672
1783658346724 9.55 286720
1783658348328 9.2 288768
1783658349660 9.3 290816
1783658351011 9.5 292864
1783658352337 9.3 294912
1783658353785 9.15 296960
1783658355129 9.4 299008
1783658356450 9.45 301056
1783658357746 9.4 303104
1783658359128 9.55 305152
1783658360428 9.35 307200
1783658361769 9.1 309248
1783658363238 9.35 311296
1783658364589 9.4 313344
1783658365913 9.35 315392
1783658367282 9.25 317440
1783658368632 9.35 319488
1783658370165 9.2 321536
1783658371502 9.5 323584
1783658372830 9.35 325632
1783658374154 9.4 327680
1783658375625 9.55 329728
1783658376998 9.4 331776
1783658378300 9.25 333824
1783658379633 9.45 335872
1783658380999 9.25 337920
1783658382365 9.35 339968
1783658383928 9.5 342016
1783658385319 9.55 344064
1783658386631 9.0 346112
1783658387907 9.6 348160
1783658389286 9.15 350208
1783658390843 9.05 352256
1783658392271 9.65 354304
1783658393553 9.85 356352
1783658394895 9.6 358400
1783658396185 9.4 360448
1783658397657 9.45 362496
1783658399069 9.2 364544
1783658400469 9.55 366592
1783658401843 9.15 368640
1783658403303 9.65 370688
1783658404656 9.4 372736
1783658405988 9.6 374784
1783658407377 9.4 376832
1783658408768 9.35 378880
1783658410243 9.45 380928
1783658411609 9.4 382976
1783658412982 9.1 385024
1783658414323 9.25 387072
1783658415625 9.2 389120
1783658417120 9.15 391168
1783658418486 9.2 393216
1783658419859 9.15 395264
1783658421214 9.15 397312
1783658422578 9.3 399360
1783658424122 9.4 401408
1783658425540 9.25 403456
1783658426850 9.5 405504
1783658428185 9.35 407552
1783658429516 9.0 409600
1783658430982 9.65 411648
1783658432372 9.15 413696
1783658433774 9.1 415744
1783658435125 9.3 417792
1783658436542 9.35 419840
1783658437987 9.2 421888
1783658439559 9.15 423936
1783658440949 9.4 425984
1783658442360 9.5 428032
1783658443827 9.15 430080
1783658445188 9.2 432128
1783658446539 9.3 434176
1783658447863 9.4 436224
1783658449255 9.15 438272
1783658450765 9.45 440320
1783658452336 9.4 442368
1783658453737 9.55 444416
1783658455092 9.3 446464
1783658456554 9.65 448512
1783658458115 9.1 450560
1783658459519 9.5 452608
1783658460838 9.4 454656
1783658462188 9.35 456704
1783658463623 9.45 458752
1783658465173 9.45 460800
1783658466585 9.25 462848
1783658467945 9.4 464896
1783658469371 9.45 466944
1783658470987 9.6 468992
1783658472431 9.45 471040
1783658473822 9.45 473088
1783658475282 9.3 475136
1783658476736 9.45 477184
1783658478271 9.35 479232
1783658479798 9.3 481280
1783658481175 9.2 483328
1783658482513 9.55 485376
1783658483895 9.6 487424
1783658485552 9.65 489472
1783658486953 9.3 491520
1783658488438 9.3 493568
1783658489887 9.45 495616
1783658491379 9.05 497664
1783658492849 9.15 499712
1783658494278 9.3 501760
1783658495668 9.3 503808
1783658497193 9.4 505856
1783658498602 9.25 507904
1783658500011 9.5 509952
1783658501431 9.65 512000
1783658503087 9.2 514048
1783658504499 9.45 516096
1783658505979 9.0 518144
1783658507460 9.45 520192
1783658508979 9.2 522240
1783658510396 9.35 524288
1783658511851 9.45 526336
1783658513269 9.5 528384
1783658514655 9.45 530432
1783658516079 9.4 532480
1783658517674 9.25 534528
1783658519094 9.25 536576
1783658520519 9.1 538624
1783658522086 9.15 540672
1783658523555 9.25 542720
1783658525006 9.6 544768
1783658526466 9.65 546816
1783658527841 9.25 548864
1783658529265 9.0 550912
1783658530753 9.6 552960
1783658532261 9.35 555008
1783658533662 9.7 557056
1783658535104 9.6 559104
1783658536556 9.35 561152
1783658538050 9.35 563200
1783658539589 9.3 565248
1783658541160 9.15 567296
1783658542671 9.3 569344
1783658544121 9.45 571392
1783658545717 9.0 573440
1783658547182 9.25 575488
1783658548576 9.3 577536
1783658550002 9.45 579584
1783658551478 9.65 581632
1783658552967 9.25 583680
1783658554511 9.6 585728
1783658556047 9.5 587776
1783658557534 9.55 589824
1783658559097 9.25 591872
1783658560557 9.35 593920
1783658562007 9.05 595968
1783658563579 9.65 598016
1783658565157 9.5 600064
1783658566609 9.65 602112
1783658568115 9.5 604160
1783658569531 9.35 606208
1783658570920 9.35 608256
1783658572305 9.25 610304
1783658573915 9.55 612352
1783658575325 9.15 614400
1783658576756 9.25 616448
1783658578223 9.15 618496
1783658579753 9.5 620544
1783658581194 9.3 622592
1783658582777 9.2 624640
1783658584331 9.35 626688
1783658585783 9.2 628736
1783658587290 9.5 630784
1783658588767 9.55 632832
1783658590369 9.3 634880
1783658591938 9.2 636928
1783658593410 9.25 638976
1783658594890 9.35 641024
1783658596404 9.2 643072
1783658597862 9.45 645120
1783658599418 9.0 647168
1783658600847 9.2 649216
1783658602358 9.15 651264
1783658603844 9.5 653312
1783658605385 9.65 655360
1783658606867 9.55 657408
1783658608394 9.2 659456
1783658609963 9.0 661504
1783658611596 9.3 663552
1783658613153 9.35 665600
1783658614634 9.25 667648
1783658616129 9.3 669696
1783658617711 9.45 671744
1783658619309 9.45 673792
1783658620849 9.35 675840
1783658622354 9.05 677888
1783658623889 9.35 679936
1783658625398 9.35 681984
1783658626850 9.4 684032
1783658628427 9.25 686080
1783658629922 9.65 688128
1783658631415 9.3 690176
1783658632841 9.25 692224
1783658634350 9.55 694272
1783658635942 9.15 696320
1783658637508 9.05 698368
1783658639020 9.4 700416
1783658640614 9.3 702464
1783658642161 9.4 704512
1783658643735 9.4 706560
1783658645231 9.5 708608
1783658646857 8.95 710656
1783658648391 9.25 712704
1783658649938 9.3 714752
1783658651491 9.5 716800
1783658653051 9.3 718848
1783658654613 9.35 720896
1783658656133 9.2 722944
1783658657652 9.4 724992
1783658659144 9.25 727040
1783658660694 9.55 729088
1783658662217 9.35 731136
1783658663839 9.55 733184
1783658665303 9.55 735232
1783658666754 9.6 737280
1783658668265 9.45 739328
1783658669696 9.35 741376
1783658671278 9.35 743424
1783658672877 9.35 745472
1783658674452 9.6 747520
1783658675991 9.2 749568
1783658677512 9.15 751616
1783658679014 9.55 753664
1783658680553 9.7 755712
1783658682154 9.35 757760
1783658683649 9.35 759808
1783658685229 9.25 761856
1783658686798 9.25 763904
1783658688287 9.0 765952
1783658689886 9.65 768000
1783658691406 9.15 770048
1783658692932 9.35 772096
1783658694487 9.35 774144
1783658695992 9.6 776192
1783658697570 9.55 778240
1783658699167 9.45 780288
1783658700750 9.4 782336
1783658702307 9.55 784384
1783658703645 9.55 786432
1783658704951 9.3 788480
1783658706324 9.35 790528
1783658707687 9.5 792576
1783658709285 9.35 794624
1783658710720 9.45 796672
1783658712046 9.45 798720
1783658713338 9.3 800768
1783658714704 9.6 802816
1783658716199 9.45 804864
1783658717591 9.2 806912
1783658719017 9.7 808960
1783658720375 9.3 811008
1783658721703 9.2 813056
1783658723170 9.45 815104
1783658724572 9.3 817152
1783658725913 9.25 819200
1783658727239 9.3 821248
1783658728779 9.2 823296
1783658730289 9.45 825344
1783658731682 9.35 827392
1783658732996 9.55 829440
1783658734331 9.3 831488
1783658735863 9.25 833536
1783658737416 9.45 835584
1783658738821 9.25 837632
1783658740177 9.35 839680
1783658741681 9.45 841728
1783658743241 9.35 843776
1783658744692 9.5 845824
1783658746222 9.5 847872
1783658747560 9.4 849920
1783658748882 9.3 851968
1783658750257 9.5 854016
1783658751614 9.55 856064
1783658753160 9.15 858112
1783658754737 9.45 860160
1783658756079 9.45 862208
1783658757459 9.0 864256
1783658758988 9.25 866304
1783658760434 9.6 868352
1783658761838 9.45 870400
1783658763390 9.35 872448
1783658764918 9.35 874496
1783658766302 9.55 876544
1783658767590 9.25 878592
1783658769119 9.25 880640
1783658770757 9.4 882688
1783658772123 9.2 884736
1783658773453 9.25 886784
1783658774850 9.25 888832
1783658776439 9.25 890880
1783658777830 9.45 892928
1783658779220 9.55 894976
1783658780614 9.35 897024
1783658782146 9.3 899072
1783658783525 9.5 901120
1783658785002 9.35 903168
1783658786472 9.4 905216
1783658788068 9.2 907264
1783658789443 9.45 909312
1783658790811 9.3 911360
1783658792375 9.2 913408
1783658793765 9.45 915456
1783658795099 9.5 917504
1783658796472 9.3 919552
1783658797891 9.3 921600
1783658799431 9.2 923648
1783658800814 9.25 925696
1783658802163 9.35 927744
1783658803625 9.5 929792
1783658805259 9.2 931840
1783658806692 9.45 933888
1783658808035 9.5 935936
1783658809501 9.3 937984
1783658811070 9.55 940032
1783658812444 9.15 942080
1783658813803 9.4 944128
1783658815284 9.25 946176
1783658816654 9.15 948224
1783658818011 9.35 950272
1783658819531 9.4 952320
1783658821079 9.25 954368
1783658822529 9.25 956416
1783658823869 9.3 958464
1783658825225 9.7 960512
1783658826790 9.15 962560
1783658828212 9.35 964608
1783658829542 9.25 966656
1783658830927 9.25 968704
1783658832412 9.25 970752
1783658833790 9.6 972800
1783658835161 9.5 974848
1783658836474 9.4 976896
1783658837790 9.75 978944
1783658839366 9.45 980992
1783658840814 9.45 983040
1783658842206 9.35 985088
1783658843593 9.1 987136
1783658845082 9.25 989184
1783658846574 9.05 991232
1783658847957 9.45 993280
1783658849373 9.35 995328
1783658850745 9.35 997376
1783658852100 9.2 999424
1783658853411 9.2 1001472
