1783660322923 5.671066969633102 2048
1783660323870 5.660769626498222 4096
1783660324937 5.660787113010883 6144
1783660326056 5.658219005912542 8192
1783660327221 5.65764682367444 10240
1783660328402 5.65806295350194 12288
1783660329589 5.660066392272711 14336
1783660330733 5.66095757484436 16384
1783660331868 5.659824296832085 18432
1783660333011 5.6461708806455135 20480
1783660334108 5.618149776011705 22528
1783660335295 5.590955190360546 24576
1783660336446 5.594922985881567 26624
1783660337609 5.595948327332735 28672
1783660338734 5.607067082077265 30720
1783660339881 5.616103421896696 32768
1783660341030 5.617341436445713 34816
1783660342223 5.620835397392511 36864
1783660343368 5.607891738414764 38912
1783660344528 5.590584337711334 40960
1783660345696 5.590552993118763 43008
1783660346826 5.590861067175865 45056
1783660347963 5.578834634274244 47104
1783660349091 5.545121733099222 49152
1783660350285 5.524729236960411 51200
1783660351437 5.5213367491960526 53248
1783660352539 5.512891978025436 55296
1783660353726 5.510038483887911 57344
1783660354898 5.488313939422369 59392
1783660356047 5.4650984443724155 61440
1783660357186 5.465779151767492 63488
1783660358305 5.465974200516939 65536
1783660359384 5.464945655316114 67584
1783660360516 5.465437337756157 69632
1783660361623 5.460809677839279 71680
1783660362585 5.452067621052265 73728
1783660363565 5.455890979617834 75776
1783660364593 5.459159284830093 77824
1783660365568 5.453954294323921 79872
1783660366608 5.446957115083933 81920
1783660367705 5.439282279461622 83968
1783660368871 5.421579107642174 86016
1783660370028 5.413608867675066 88064
1783660371142 5.391186103224754 90112
1783660372219 5.3753949254751205 92160
1783660373332 5.364630319178104 94208
1783660374481 5.352968756109476 96256
1783660375609 5.332078080624342 98304
1783660376707 5.320850443094969 100352
1783660377853 5.312367916107178 102400
1783660378933 5.312585558742285 104448
1783660380086 5.295779053121805 106496
1783660381185 5.279271695762873 108544
1783660382198 5.282306928187609 110592
1783660383214 5.291049752384424 112640
1783660384249 5.294383730739355 114688
1783660385180 5.302280619740486 116736
1783660386238 5.304860636591911 118784
1783660387168 5.302704133093357 120832
1783660388107 5.303203269839287 122880
1783660389095 5.304813325405121 124928
1783660390058 5.305028587579727 126976
1783660390979 5.3035540245473385 129024
1783660392040 5.298416282981634 131072
1783660393032 5.298864025622606 133120
1783660393988 5.2964307107031345 135168
1783660395050 5.296222135424614 137216
1783660396128 5.291671946644783 139264
1783660397190 5.284359205514193 141312
1783660398207 5.2686893083155155 143360
1783660399223 5.254458598792553 145408
1783660400213 5.2437229454517365 147456
1783660401358 5.246910918504 149504
1783660402511 5.250024821609259 151552
1783660403618 5.247772574424744 153600
1783660404665 5.246520217508078 155648
1783660405670 5.246386978775263 157696
1783660406669 5.248983338475227 159744
1783660407706 5.2527321092784405 161792
1783660408648 5.253398410975933 163840
1783660409588 5.2536512687802315 165888
1783660410634 5.264213461428881 167936
1783660411675 5.276706006377935 169984
1783660412729 5.264200899749994 172032
1783660413754 5.246245805174112 174080
1783660414705 5.241939105093479 176128
1783660415628 5.233715400099754 178176
1783660416692 5.212778955698013 180224
1783660417912 5.196894373744726 182272
1783660419067 5.181952729821205 184320
1783660420213 5.169001277536154 186368
1783660421318 5.1546869948506355 188416
1783660422409 5.15661895275116 190464
1783660423440 5.1604015827178955 192512
1783660424474 5.1624824441969395 194560
1783660425454 5.164990149438381 196608
1783660426388 5.164137065410614 198656
1783660427297 5.163065999746323 200704
1783660428216 5.166256859898567 202752
1783660429245 5.165747482329607 204800
1783660430216 5.162410598248243 206848
1783660431157 5.164332836866379 208896
1783660432054 5.166130904108286 210944
1783660432998 5.164912812411785 212992
1783660434045 5.160339381545782 215040
1783660434998 5.156279779970646 217088
1783660435977 5.154898207634687 219136
1783660436939 5.1566305458545685 221184
1783660437977 5.162759814411402 223232
1783660439108 5.166765861213207 225280
1783660440259 5.167435605078936 227328
1783660441265 5.170698329806328 229376
1783660442291 5.174707103520632 231424
1783660443334 5.172798417508602 233472
1783660444248 5.1718914695084095 235520
1783660445164 5.1810210309922695 237568
1783660446268 5.1942335441708565 239616
1783660447368 5.182027939707041 241664
1783660448422 5.183042228221893 243712
1783660449454 5.177254602313042 245760
1783660450509 5.1635477617383 247808
1783660451533 5.155996683984995 249856
1783660452427 5.157785147428513 251904
1783660453422 5.158857516944408 253952
1783660454471 5.159582383930683 256000
1783660455490 5.15966597571969 258048
1783660456462 5.163051228970289 260096
1783660457450 5.163757741451263 262144
1783660458386 5.161711718887091 264192
1783660459269 5.160219322890043 266240
1783660460165 5.164836693555117 268288
1783660461246 5.171428371220827 270336
1783660462211 5.172900654375553 272384
1783660463114 5.174699615687132 274432
1783660464169 5.174716368317604 276480
1783660465236 5.161375980824232 278528
1783660466262 5.146522708237171 280576
1783660467265 5.144668333232403 282624
1783660468229 5.145747248083353 284672
1783660469156 5.145649034529924 286720
1783660470068 5.141979716718197 288768
1783660471006 5.148649226874113 290816
1783660472034 5.145819928497076 292864
1783660472971 5.144545767456293 294912
1783660473872 5.152682662010193 296960
1783660474924 5.146400310099125 299008
1783660476059 5.138546448200941 301056
1783660477199 5.136099528521299 303104
1783660478356 5.134623508900404 305152
1783660479461 5.133442018181086 307200
1783660480522 5.1321067698299885 309248
1783660481538 5.134361930191517 311296
1783660482567 5.138585612177849 313344
1783660483545 5.141817212104797 315392
1783660484512 5.144379649311304 317440
1783660485411 5.144858151674271 319488
1783660486416 5.1453842632472515 321536
1783660487540 5.147617928683758 323584
1783660488540 5.150344308465719 325632
1783660489581 5.159472215920687 327680
1783660490529 5.169014051556587 329728
1783660491438 5.179857216775417 331776
1783660492324 5.184032306075096 333824
1783660493482 5.176018726080656 335872
1783660494494 5.155063331127167 337920
1783660495469 5.150433488190174 339968
1783660496396 5.15335213765502 342016
1783660497286 5.1565349996089935 344064
1783660498197 5.160010457038879 346112
1783660499202 5.167261533439159 348160
1783660500193 5.177184645086527 350208
1783660501123 5.179598279297352 352256
1783660502022 5.182767428457737 354304
1783660503164 5.179530382156372 356352
1783660504272 5.175303723663092 358400
1783660505377 5.175253186374903 360448
1783660506477 5.185459673404694 362496
1783660507738 5.190237417817116 364544
1783660508753 5.181586381047964 366592
1783660509757 5.176576588302851 368640
1783660510655 5.173000242561102 370688
1783660511558 5.163533944636583 372736
1783660512556 5.166025195270777 374784
1783660513541 5.171303059905767 376832
1783660514479 5.160624839365482 378880
1783660515442 5.152903597801924 380928
1783660516417 5.154403124004602 382976
1783660517368 5.153340756893158 385024
1783660518412 5.152512691915035 387072
1783660519358 5.148169223219156 389120
1783660520376 5.141444571316242 391168
1783660521410 5.14072510227561 393216
1783660522497 5.144659731537104 395264
1783660523534 5.1509020030498505 397312
1783660524515 5.153139419853687 399360
1783660525482 5.155787203460932 401408
1783660526390 5.16175090149045 403456
1783660527513 5.16182429343462 405504
1783660528644 5.162057172507048 407552
1783660529802 5.1628091260790825 409600
1783660530923 5.165424972772598 411648
1783660532054 5.167371287941933 413696
1783660533183 5.1657982505857944 415744
1783660534162 5.167183745652437 417792
1783660535154 5.1685750260949135 419840
1783660536129 5.1717713214457035 421888
1783660537176 5.177042208611965 423936
1783660538168 5.174430947750807 425984
1783660539141 5.175799984484911 428032
1783660540071 5.178748436272144 430080
1783660540994 5.185308884829283 432128
1783660541978 5.182005275040865 434176
1783660543097 5.180582519620657 436224
1783660544194 5.1843956634402275 438272
1783660545233 5.19035180285573 440320
1783660546250 5.1921631544828415 442368
1783660547222 5.189042214304209 444416
1783660548277 5.194098237901926 446464
1783660549308 5.1951299123466015 448512
1783660550390 5.173608310520649 450560
1783660551511 5.180426821112633 452608
1783660552677 5.1803902462124825 454656
1783660553779 5.1841702722013 456704
1783660554930 5.182403385639191 458752
1783660556063 5.17708820104599 460800
1783660557170 5.175495911389589 462848
1783660558213 5.1748542338609695 464896
1783660559313 5.18113299459219 466944
1783660560381 5.184005867689848 468992
1783660561454 5.179601822048426 471040
1783660562536 5.184942878782749 473088
1783660563565 5.195915631949902 475136
1783660564474 5.188963521271944 477184
1783660565489 5.1810288317501545 479232
1783660566505 5.189798146486282 481280
1783660567612 5.197069559246302 483328
1783660568713 5.199739247560501 485376
1783660569742 5.201058458536863 487424
1783660570716 5.21064430475235 489472
1783660571707 5.220806438475847 491520
1783660572718 5.221180621534586 493568
1783660573697 5.219745330512524 495616
1783660574705 5.224945019930601 497664
1783660575603 5.227454055100679 499712
1783660576722 5.214382864534855 501760
1783660577823 5.2111031003296375 503808
1783660578888 5.210966020822525 505856
1783660579989 5.213084306567907 507904
1783660581047 5.214018069207668 509952
1783660582033 5.217253461480141 512000
1783660583072 5.220285419374704 514048
1783660584187 5.215224791318178 516096
1783660585282 5.2203213050961494 518144
1783660586360 5.22353332862258 520192
1783660587502 5.222396355122328 522240
1783660588599 5.222446870058775 524288
1783660589671 5.234682463109493 526336
1783660590771 5.242417890578508 528384
1783660591854 5.2421314269304276 530432
1783660592966 5.252129688858986 532480
1783660594017 5.26348065212369 534528
1783660595049 5.262256853282452 536576
1783660596124 5.259129323065281 538624
1783660597239 5.2444430738687515 540672
1783660598258 5.231423784047365 542720
1783660599287 5.2304468639194965 544768
1783660600323 5.228548664599657 546816
1783660601402 5.221316892653704 548864
1783660602562 5.21063094958663 550912
1783660603728 5.205327436327934 552960
1783660604853 5.206567361950874 555008
1783660605949 5.207389656454325 557056
1783660607076 5.20621133223176 559104
1783660608204 5.204693797975779 561152
1783660609335 5.199397698044777 563200
1783660610428 5.200674053281546 565248
1783660611582 5.203055739402771 567296
1783660612699 5.205120079219341 569344
1783660613713 5.202624797821045 571392
1783660614697 5.209450203925371 573440
1783660615875 5.205443199723959 575488
1783660616936 5.193635072559118 577536
1783660618058 5.194655310362577 579584
1783660619191 5.198036037385464 581632
1783660620265 5.197336200624704 583680
1783660621247 5.200493451207876 585728
1783660622282 5.205051366239786 587776
1783660623430 5.2116896994411945 589824
1783660624541 5.214442357420921 591872
1783660625606 5.217608727514744 593920
1783660626692 5.2186963483691216 595968
1783660627790 5.219335366040468 598016
1783660628784 5.221874136477709 600064
1783660629796 5.225992362946272 602112
1783660630733 5.227958098053932 604160
1783660631633 5.228948973119259 606208
1783660632664 5.229236643761396 608256
1783660633780 5.2310147024691105 610304
1783660634862 5.229182623326778 612352
1783660635859 5.230800207704306 614400
1783660636838 5.232265654951334 616448
1783660637766 5.233036890625954 618496
1783660638693 5.234049621969461 620544
1783660639731 5.227860759943724 622592
1783660640833 5.231143943965435 624640
1783660641929 5.241887174546719 626688
1783660643047 5.240968111902475 628736
1783660644102 5.244850315153599 630784
1783660645142 5.248154833912849 632832
1783660646168 5.2621061988174915 634880
1783660647124 5.275719981640577 636928
1783660648062 5.277297787368298 638976
1783660649100 5.270707190036774 641024
1783660650191 5.265924986451864 643072
1783660651300 5.265271686017513 645120
1783660652391 5.263713665306568 647168
1783660653406 5.2547552064061165 649216
1783660654360 5.257343418896198 651264
1783660655271 5.256095450371504 653312
1783660656191 5.25273784995079 655360
1783660657235 5.25589345023036 657408
1783660658355 5.25462681800127 659456
1783660659378 5.251913305372 661504
1783660660381 5.2514064982533455 663552
1783660661355 5.249483421444893 665600
1783660662272 5.245290637016296 667648
1783660663198 5.2449517622590065 669696
1783660664180 5.2494006007909775 671744
1783660665294 5.255481343716383 673792
1783660666374 5.266860734671354 675840
1783660667447 5.269365444779396 677888
1783660668528 5.266251549124718 679936
1783660669523 5.267942167818546 681984
1783660670526 5.270561538636684 684032
1783660671474 5.264153428375721 686080
1783660672393 5.256762195378542 688128
1783660673472 5.25493798404932 690176
1783660674535 5.260990928858519 692224
1783660675672 5.26538235321641 694272
1783660676813 5.269429616630077 696320
1783660677926 5.268988769501448 698368
1783660679000 5.267724115401506 700416
1783660680123 5.256159201264381 702464
1783660681247 5.246503237634897 704512
1783660682354 5.234861526638269 706560
1783660683467 5.2245289497077465 708608
1783660684536 5.233300678431988 710656
1783660685653 5.234388489276171 712704
1783660686740 5.235859282314777 714752
1783660687929 5.239592865109444 716800
1783660689048 5.2400431632995605 718848
1783660690081 5.2373771741986275 720896
1783660691074 5.236191637814045 722944
1783660692036 5.2358320243656635 724992
1783660692989 5.236245691776276 727040
1783660693923 5.233702104538679 729088
1783660695029 5.230131175369024 731136
1783660696186 5.22217458486557 733184
1783660697341 5.211491148918867 735232
1783660698431 5.206283655017614 737280
1783660699573 5.207951698452234 739328
1783660700678 5.209696281701326 741376
1783660701799 5.211194630712271 743424
1783660702923 5.214567646384239 745472
1783660704015 5.214306972920895 747520
1783660705118 5.214344970881939 749568
1783660706246 5.220441073179245 751616
1783660707400 5.2253684885799885 753664
1783660708491 5.224077884107828 755712
1783660709655 5.218830369412899 757760
1783660710827 5.225695013999939 759808
1783660711891 5.236724209040403 761856
1783660713038 5.241924490779638 763904
1783660714188 5.230764966458082 765952
1783660715346 5.223197810351849 768000
1783660716419 5.221746981143951 770048
1783660717614 5.215700767934322 772096
1783660718744 5.212636843323708 774144
1783660719897 5.218735422939062 776192
1783660720969 5.2222552709281445 778240
1783660722088 5.222305007278919 780288
1783660723223 5.218705598264933 782336
1783660724400 5.220137104392052 784384
1783660725505 5.224015090614557 786432
1783660726641 5.227328382432461 788480
1783660727759 5.228335004299879 790528
1783660728879 5.232956442981958 792576
1783660730041 5.244066346436739 794624
1783660731188 5.250346023589373 796672
1783660732308 5.252529289573431 798720
1783660733462 5.252655979245901 800768
1783660734702 5.253419429063797 802816
1783660735882 5.255783673375845 804864
1783660737041 5.257450103759766 806912
1783660738168 5.26411622390151 808960
1783660739254 5.273202147334814 811008
1783660740351 5.279798146337271 813056
1783660741462 5.2932497151196 815104
1783660742544 5.2961933799088 817152
1783660743651 5.298586022108793 819200
1783660744750 5.293426498770714 821248
1783660745895 5.280567493289709 823296
1783660746902 5.282397326081991 825344
1783660747938 5.28936405479908 827392
1783660748975 5.295174479484558 829440
1783660749972 5.2951692044734955 831488
1783660750975 5.297308504581451 833536
1783660751965 5.297848768532276 835584
1783660752976 5.298165626823902 837632
1783660754076 5.300495222210884 839680
1783660755240 5.302914820611477 841728
1783660756380 5.301677264273167 843776
1783660757525 5.302625220268965 845824
1783660758681 5.306320954114199 847872
1783660759793 5.302935171872377 849920
1783660760920 5.295738473534584 851968
1783660762033 5.29811579734087 854016
1783660763187 5.288852442055941 856064
1783660764290 5.280048038810492 858112
1783660765369 5.280916396528482 860160
1783660766492 5.281122736632824 862208
1783660767571 5.282925773411989 864256
1783660768648 5.286535583436489 866304
1783660769768 5.281215898692608 868352
1783660770973 5.260328412055969 870400
1783660772029 5.234883107244968 872448
1783660773026 5.23590037599206 874496
1783660774052 5.241168215870857 876544
1783660775090 5.2393904104828835 878592
1783660776037 5.236814647912979 880640
1783660776968 5.238312274217606 882688
1783660778037 5.24334317445755 884736
1783660779086 5.243336271494627 886784
1783660780169 5.247539609670639 888832
1783660781243 5.250370007008314 890880
1783660782279 5.244227070361376 892928
1783660783341 5.226659331470728 894976
1783660784290 5.22492203488946 897024
1783660785187 5.228519592434168 899072
1783660786287 5.22330753877759 901120
1783660787408 5.217874553054571 903168
1783660788535 5.210485156625509 905216
1783660789595 5.212553817778826 907264
1783660790668 5.2143984995782375 909312
1783660791674 5.214400332421064 911360
1783660792630 5.213247157633305 913408
1783660793554 5.209279533475637 915456
1783660794564 5.205781020224094 917504
1783660795709 5.204056408256292 919552
1783660796873 5.204245779663324 921600
1783660797934 5.205310523509979 923648
1783660798992 5.2092468068003654 925696
1783660800167 5.214698720723391 927744
1783660801280 5.207478143274784 929792
1783660802311 5.210480276495218 931840
1783660803295 5.220347758382559 933888
1783660804262 5.220067359507084 935936
1783660805201 5.220706146210432 937984
1783660806077 5.219297744333744 940032
1783660807146 5.22089046984911 942080
1783660808195 5.223001658916473 944128
1783660809254 5.223614167422056 946176
1783660810353 5.241573382169008 948224
1783660811436 5.2522588185966015 950272
1783660812454 5.251128703355789 952320
1783660813410 5.25204274430871 954368
1783660814329 5.2437661699950695 956416
1783660815384 5.2475396245718 958464
1783660816485 5.252786576747894 960512
1783660817547 5.255384176969528 962560
1783660818595 5.257870268076658 964608
1783660819639 5.259811233729124 966656
1783660820612 5.261320021003485 968704
1783660821632 5.262497261166573 970752
1783660822611 5.26410374045372 972800
1783660823572 5.255608551204205 974848
1783660824626 5.251080561429262 976896
1783660825730 5.256996922194958 978944
1783660826737 5.266472119837999 980992
1783660827785 5.286673706024885 983040
1783660828778 5.292484804987907 985088
1783660829708 5.295973334461451 987136
1783660830659 5.2858798541128635 989184
1783660831664 5.277681287378073 991232
1783660832713 5.28362138941884 993280
1783660833819 5.286137357354164 995328
1783660834876 5.293807443231344 997376
1783660835890 5.298372432589531 999424
1783660836225 5.294970472653707 1000000
