1783660322923 2064.0 2048
1783660323870 2112.0 4096
1783660324937 2043.0 6144
1783660326056 1986.0 8192
1783660327221 1935.0 10240
1783660328402 1898.0 12288
1783660329589 1872.0 14336
1783660330733 1861.0 16384
1783660331868 1854.0 18432
1783660333011 1848.0 20480
1783660334108 1850.0 22528
1783660335295 1839.0 24576
1783660336446 1834.0 26624
1783660337609 1828.0 28672
1783660338734 1828.0 30720
1783660339881 1825.0 32768
1783660341030 1822.0 34816
1783660342223 1816.0 36864
1783660343368 1815.0 38912
1783660344528 1812.0 40960
1783660345696 1809.0 43008
1783660346826 1809.0 45056
1783660347963 1809.0 47104
1783660349091 1809.0 49152
1783660350285 1805.0 51200
1783660351437 1804.0 53248
1783660352539 1806.0 55296
1783660353726 1803.0 57344
1783660354898 1801.0 59392
1783660356047 1800.0 61440
1783660357186 1800.0 63488
1783660358305 1801.0 65536
1783660359384 1804.0 67584
1783660360516 1804.0 69632
1783660361623 1805.0 71680
1783660362585 1813.0 73728
1783660363565 1820.0 75776
1783660364593 1824.0 77824
1783660365568 1830.0 79872
1783660366608 1833.0 81920
1783660367705 1834.0 83968
1783660368871 1832.0 86016
1783660370028 1830.0 88064
1783660371142 1831.0 90112
1783660372219 1832.0 92160
1783660373332 1832.0 94208
1783660374481 1831.0 96256
1783660375609 1831.0 98304
1783660376707 1832.0 100352
1783660377853 1831.0 102400
1783660378933 1832.0 104448
1783660380086 1831.0 106496
1783660381185 1831.0 108544
1783660382198 1835.0 110592
1783660383214 1838.0 112640
1783660384249 1840.0 114688
1783660385180 1845.0 116736
1783660386238 1847.0 118784
1783660387168 1852.0 120832
1783660388107 1856.0 122880
1783660389095 1860.0 124928
1783660390058 1863.0 126976
1783660390979 1868.0 129024
1783660392040 1869.0 131072
1783660393032 1872.0 133120
1783660393988 1875.0 135168
1783660395050 1876.0 137216
1783660396128 1876.0 139264
1783660397190 1877.0 141312
1783660398207 1879.0 143360
1783660399223 1881.0 145408
1783660400213 1883.0 147456
1783660401358 1882.0 149504
1783660402511 1880.0 151552
1783660403618 1880.0 153600
1783660404665 1881.0 155648
1783660405670 1883.0 157696
1783660406669 1885.0 159744
1783660407706 1886.0 161792
1783660408648 1889.0 163840
1783660409588 1892.0 165888
1783660410634 1893.0 167936
1783660411675 1894.0 169984
1783660412729 1894.0 172032
1783660413754 1895.0 174080
1783660414705 1898.0 176128
1783660415628 1901.0 178176
1783660416692 1901.0 180224
1783660417912 1899.0 182272
1783660419067 1897.0 184320
1783660420213 1896.0 186368
1783660421318 1895.0 188416
1783660422409 1895.0 190464
1783660423440 1896.0 192512
1783660424474 1897.0 194560
1783660425454 1899.0 196608
1783660426388 1901.0 198656
1783660427297 1904.0 200704
1783660428216 1907.0 202752
1783660429245 1908.0 204800
1783660430216 1910.0 206848
1783660431157 1912.0 208896
1783660432054 1915.0 210944
1783660432998 1917.0 212992
1783660434045 1918.0 215040
1783660434998 1919.0 217088
1783660435977 1921.0 219136
1783660436939 1923.0 221184
1783660437977 1923.0 223232
1783660439108 1922.0 225280
1783660440259 1921.0 227328
1783660441265 1922.0 229376
1783660442291 1922.0 231424
1783660443334 1923.0 233472
1783660444248 1925.0 235520
1783660445164 1927.0 237568
1783660446268 1927.0 239616
1783660447368 1926.0 241664
1783660448422 1926.0 243712
1783660449454 1927.0 245760
1783660450509 1927.0 247808
1783660451533 1927.0 249856
1783660452427 1930.0 251904
1783660453422 1931.0 253952
1783660454471 1931.0 256000
1783660455490 1932.0 258048
1783660456462 1933.0 260096
1783660457450 1934.0 262144
1783660458386 1936.0 264192
1783660459269 1938.0 266240
1783660460165 1940.0 268288
1783660461246 1940.0 270336
1783660462211 1941.0 272384
1783660463114 1943.0 274432
1783660464169 1943.0 276480
1783660465236 1943.0 278528
1783660466262 1943.0 280576
1783660467265 1944.0 282624
1783660468229 1945.0 284672
1783660469156 1947.0 286720
1783660470068 1949.0 288768
1783660471006 1950.0 290816
1783660472034 1951.0 292864
1783660472971 1952.0 294912
1783660473872 1954.0 296960
1783660474924 1954.0 299008
1783660476059 1953.0 301056
1783660477199 1952.0 303104
1783660478356 1950.0 305152
1783660479461 1950.0 307200
1783660480522 1949.0 309248
1783660481538 1950.0 311296
1783660482567 1950.0 313344
1783660483545 1951.0 315392
1783660484512 1952.0 317440
1783660485411 1954.0 319488
1783660486416 1954.0 321536
1783660487540 1953.0 323584
1783660488540 1954.0 325632
1783660489581 1954.0 327680
1783660490529 1955.0 329728
1783660491438 1957.0 331776
1783660492324 1959.0 333824
1783660493482 1957.0 335872
1783660494494 1958.0 337920
1783660495469 1959.0 339968
1783660496396 1960.0 342016
1783660497286 1962.0 344064
1783660498197 1963.0 346112
1783660499202 1963.0 348160
1783660500193 1964.0 350208
1783660501123 1965.0 352256
1783660502022 1967.0 354304
1783660503164 1966.0 356352
1783660504272 1965.0 358400
1783660505377 1964.0 360448
1783660506477 1964.0 362496
1783660507738 1961.0 364544
1783660508753 1962.0 366592
1783660509757 1962.0 368640
1783660510655 1964.0 370688
1783660511558 1965.0 372736
1783660512556 1966.0 374784
1783660513541 1966.0 376832
1783660514479 1967.0 378880
1783660515442 1968.0 380928
1783660516417 1969.0 382976
1783660517368 1970.0 385024
1783660518412 1970.0 387072
1783660519358 1970.0 389120
1783660520376 1971.0 391168
1783660521410 1971.0 393216
1783660522497 1970.0 395264
1783660523534 1970.0 397312
1783660524515 1971.0 399360
1783660525482 1972.0 401408
1783660526390 1973.0 403456
1783660527513 1972.0 405504
1783660528644 1971.0 407552
1783660529802 1970.0 409600
1783660530923 1969.0 411648
1783660532054 1968.0 413696
1783660533183 1968.0 415744
1783660534162 1968.0 417792
1783660535154 1969.0 419840
1783660536129 1969.0 421888
1783660537176 1969.0 423936
1783660538168 1969.0 425984
1783660539141 1970.0 428032
1783660540071 1971.0 430080
1783660540994 1972.0 432128
1783660541978 1973.0 434176
1783660543097 1972.0 436224
1783660544194 1971.0 438272
1783660545233 1971.0 440320
1783660546250 1972.0 442368
1783660547222 1972.0 444416
1783660548277 1972.0 446464
1783660549308 1972.0 448512
1783660550390 1972.0 450560
1783660551511 1971.0 452608
1783660552677 1970.0 454656
1783660553779 1969.0 456704
1783660554930 1968.0 458752
1783660556063 1968.0 460800
1783660557170 1967.0 462848
1783660558213 1967.0 464896
1783660559313 1967.0 466944
1783660560381 1966.0 468992
1783660561454 1966.0 471040
1783660562536 1966.0 473088
1783660563565 1966.0 475136
1783660564474 1967.0 477184
1783660565489 1967.0 479232
1783660566505 1967.0 481280
1783660567612 1967.0 483328
1783660568713 1966.0 485376
1783660569742 1966.0 487424
1783660570716 1967.0 489472
1783660571707 1967.0 491520
1783660572718 1968.0 493568
1783660573697 1968.0 495616
1783660574705 1968.0 497664
1783660575603 1969.0 499712
1783660576722 1969.0 501760
1783660577823 1968.0 503808
1783660578888 1968.0 505856
1783660579989 1968.0 507904
1783660581047 1968.0 509952
1783660582033 1968.0 512000
1783660583072 1968.0 514048
1783660584187 1967.0 516096
1783660585282 1967.0 518144
1783660586360 1967.0 520192
1783660587502 1966.0 522240
1783660588599 1966.0 524288
1783660589671 1965.0 526336
1783660590771 1965.0 528384
1783660591854 1965.0 530432
1783660592966 1964.0 532480
1783660594017 1964.0 534528
1783660595049 1964.0 536576
1783660596124 1964.0 538624
1783660597239 1963.0 540672
1783660598258 1964.0 542720
1783660599287 1964.0 544768
1783660600323 1964.0 546816
1783660601402 1963.0 548864
1783660602562 1963.0 550912
1783660603728 1962.0 552960
1783660604853 1961.0 555008
1783660605949 1961.0 557056
1783660607076 1960.0 559104
1783660608204 1960.0 561152
1783660609335 1959.0 563200
1783660610428 1959.0 565248
1783660611582 1958.0 567296
1783660612699 1958.0 569344
1783660613713 1958.0 571392
1783660614697 1958.0 573440
1783660615875 1957.0 575488
1783660616936 1957.0 577536
1783660618058 1957.0 579584
1783660619191 1956.0 581632
1783660620265 1956.0 583680
1783660621247 1956.0 585728
1783660622282 1956.0 587776
1783660623430 1956.0 589824
1783660624541 1955.0 591872
1783660625606 1955.0 593920
1783660626692 1955.0 595968
1783660627790 1955.0 598016
1783660628784 1955.0 600064
1783660629796 1955.0 602112
1783660630733 1956.0 604160
1783660631633 1957.0 606208
1783660632664 1957.0 608256
1783660633780 1957.0 610304
1783660634862 1956.0 612352
1783660635859 1957.0 614400
1783660636838 1957.0 616448
1783660637766 1958.0 618496
1783660638693 1959.0 620544
1783660639731 1959.0 622592
1783660640833 1958.0 624640
1783660641929 1958.0 626688
1783660643047 1957.0 628736
1783660644102 1957.0 630784
1783660645142 1957.0 632832
1783660646168 1958.0 634880
1783660647124 1958.0 636928
1783660648062 1959.0 638976
1783660649100 1959.0 641024
1783660650191 1959.0 643072
1783660651300 1958.0 645120
1783660652391 1958.0 647168
1783660653406 1958.0 649216
1783660654360 1959.0 651264
1783660655271 1959.0 653312
1783660656191 1960.0 655360
1783660657235 1960.0 657408
1783660658355 1960.0 659456
1783660659378 1960.0 661504
1783660660381 1960.0 663552
1783660661355 1960.0 665600
1783660662272 1961.0 667648
1783660663198 1962.0 669696
1783660664180 1962.0 671744
1783660665294 1962.0 673792
1783660666374 1962.0 675840
1783660667447 1961.0 677888
1783660668528 1961.0 679936
1783660669523 1962.0 681984
1783660670526 1962.0 684032
1783660671474 1962.0 686080
1783660672393 1963.0 688128
1783660673472 1963.0 690176
1783660674535 1963.0 692224
1783660675672 1962.0 694272
1783660676813 1962.0 696320
1783660677926 1961.0 698368
1783660679000 1961.0 700416
1783660680123 1961.0 702464
1783660681247 1960.0 704512
1783660682354 1960.0 706560
1783660683467 1959.0 708608
1783660684536 1959.0 710656
1783660685653 1959.0 712704
1783660686740 1959.0 714752
1783660687929 1958.0 716800
1783660689048 1958.0 718848
1783660690081 1958.0 720896
1783660691074 1958.0 722944
1783660692036 1958.0 724992
1783660692989 1959.0 727040
1783660693923 1959.0 729088
1783660695029 1959.0 731136
1783660696186 1959.0 733184
1783660697341 1958.0 735232
1783660698431 1958.0 737280
1783660699573 1957.0 739328
1783660700678 1957.0 741376
1783660701799 1957.0 743424
1783660702923 1956.0 745472
1783660704015 1956.0 747520
1783660705118 1956.0 749568
1783660706246 1955.0 751616
1783660707400 1955.0 753664
1783660708491 1954.0 755712
1783660709655 1954.0 757760
1783660710827 1953.0 759808
1783660711891 1953.0 761856
1783660713038 1953.0 763904
1783660714188 1952.0 765952
1783660715346 1952.0 768000
1783660716419 1952.0 770048
1783660717614 1951.0 772096
1783660718744 1950.0 774144
1783660719897 1950.0 776192
1783660720969 1950.0 778240
1783660722088 1949.0 780288
1783660723223 1949.0 782336
1783660724400 1948.0 784384
1783660725505 1948.0 786432
1783660726641 1948.0 788480
1783660727759 1947.0 790528
1783660728879 1947.0 792576
1783660730041 1947.0 794624
1783660731188 1946.0 796672
1783660732308 1946.0 798720
1783660733462 1945.0 800768
1783660734702 1944.0 802816
1783660735882 1944.0 804864
1783660737041 1943.0 806912
1783660738168 1943.0 808960
1783660739254 1943.0 811008
1783660740351 1943.0 813056
1783660741462 1942.0 815104
1783660742544 1942.0 817152
1783660743651 1942.0 819200
1783660744750 1942.0 821248
1783660745895 1941.0 823296
1783660746902 1942.0 825344
1783660747938 1942.0 827392
1783660748975 1942.0 829440
1783660749972 1942.0 831488
1783660750975 1942.0 833536
1783660751965 1943.0 835584
1783660752976 1943.0 837632
1783660754076 1943.0 839680
1783660755240 1942.0 841728
1783660756380 1942.0 843776
1783660757525 1941.0 845824
1783660758681 1941.0 847872
1783660759793 1941.0 849920
1783660760920 1940.0 851968
1783660762033 1940.0 854016
1783660763187 1940.0 856064
1783660764290 1939.0 858112
1783660765369 1939.0 860160
1783660766492 1939.0 862208
1783660767571 1939.0 864256
1783660768648 1939.0 866304
1783660769768 1938.0 868352
1783660770973 1938.0 870400
1783660772029 1938.0 872448
1783660773026 1938.0 874496
1783660774052 1938.0 876544
1783660775090 1938.0 878592
1783660776037 1939.0 880640
1783660776968 1939.0 882688
1783660778037 1939.0 884736
1783660779086 1939.0 886784
1783660780169 1939.0 888832
1783660781243 1939.0 890880
1783660782279 1939.0 892928
1783660783341 1939.0 894976
1783660784290 1940.0 897024
1783660785187 1940.0 899072
1783660786287 1940.0 901120
1783660787408 1940.0 903168
1783660788535 1940.0 905216
1783660789595 1939.0 907264
1783660790668 1939.0 909312
1783660791674 1940.0 911360
1783660792630 1940.0 913408
1783660793554 1941.0 915456
1783660794564 1941.0 917504
1783660795709 1940.0 919552
1783660796873 1940.0 921600
1783660797934 1940.0 923648
1783660798992 1940.0 925696
1783660800167 1939.0 927744
1783660801280 1939.0 929792
1783660802311 1939.0 931840
1783660803295 1940.0 933888
1783660804262 1940.0 935936
1783660805201 1940.0 937984
1783660806077 1941.0 940032
1783660807146 1941.0 942080
1783660808195 1941.0 944128
1783660809254 1941.0 946176
1783660810353 1941.0 948224
1783660811436 1941.0 950272
1783660812454 1941.0 952320
1783660813410 1941.0 954368
1783660814329 1942.0 956416
1783660815384 1942.0 958464
1783660816485 1942.0 960512
1783660817547 1942.0 962560
1783660818595 1942.0 964608
1783660819639 1942.0 966656
1783660820612 1942.0 968704
1783660821632 1942.0 970752
1783660822611 1942.0 972800
1783660823572 1943.0 974848
1783660824626 1943.0 976896
1783660825730 1943.0 978944
1783660826737 1943.0 980992
1783660827785 1943.0 983040
1783660828778 1943.0 985088
1783660829708 1944.0 987136
1783660830659 1944.0 989184
1783660831664 1944.0 991232
1783660832713 1944.0 993280
1783660833819 1944.0 995328
1783660834876 1944.0 997376
1783660835890 1944.0 999424
1783660836225 1944.0 1000000
