1783660322923 -0.007943203258037101 2048
1783660323870 -0.000205771215405548 4096
1783660324937 -0.011831107025500387 6144
1783660326056 -0.0012764172442985 8192
1783660327221 -0.0003999031468993053 10240
1783660328402 -0.0007924362071207725 12288
1783660329589 -0.0009546823912387481 14336
1783660330733 -0.0015592985819239402 16384
1783660331868 -0.006955534019652987 18432
1783660333011 -0.009784146313904785 20480
1783660334108 -0.0030935772774682846 22528
1783660335295 -0.0005885227874387056 24576
1783660336446 -0.002032905013038544 26624
1783660337609 -0.0021278432514009182 28672
1783660338734 -0.004067916070198407 30720
1783660339881 -0.001810797879443271 32768
1783660341030 -0.004196078891254729 34816
1783660342223 -0.0010299102505086921 36864
1783660343368 -0.005600934204267105 38912
1783660344528 -0.0032448999263579026 40960
1783660345696 -0.001232426966453204 43008
1783660346826 -0.004065958702994976 45056
1783660347963 -0.0011249804447288625 47104
1783660349091 -0.004424759266839828 49152
1783660350285 -0.0020312205106165493 51200
1783660351437 -0.004567014655549428 53248
1783660352539 -0.00687161146197468 55296
1783660353726 -0.0024752851131779607 57344
1783660354898 -0.004926188845274737 59392
1783660356047 -0.0026929186497000046 61440
1783660357186 -0.004103270717678242 63488
1783660358305 -0.0020689551238319837 65536
1783660359384 -0.001352806244540261 67584
1783660360516 -0.0027970382470812183 69632
1783660361623 -0.0032433115866297157 71680
1783660362585 -0.0012246615733602084 73728
1783660363565 -0.0020510989197646268 75776
1783660364593 0.00031808894709683955 77824
1783660365568 -0.0041438298430875875 79872
1783660366608 -0.0028259224473003997 81920
1783660367705 -0.004713880798590253 83968
1783660368871 -0.0018106923071172787 86016
1783660370028 -0.005523072963114828 88064
1783660371142 -0.0010913383703154977 90112
1783660372219 -0.005309363896230934 92160
1783660373332 -0.004458841165615013 94208
1783660374481 -0.008828651323710801 96256
1783660375609 -0.004388380410091486 98304
1783660376707 -0.006259415684326086 100352
1783660377853 -0.004654267572732351 102400
1783660378933 -0.006836478234617971 104448
1783660380086 -0.003795088141487213 106496
1783660381185 -0.00019062589490204118 108544
1783660382198 -0.001969126709809643 110592
1783660383214 -0.00753600717507652 112640
1783660384249 -0.0066737753186316695 114688
1783660385180 -0.003939036083465908 116736
1783660386238 -0.003237056305806618 118784
1783660387168 -0.0020251686746632913 120832
1783660388107 -0.0021827659129485255 122880
1783660389095 -0.006219724336915533 124928
1783660390058 -0.0023254451662069187 126976
1783660390979 -0.0063968440790631576 129024
1783660392040 -0.004623894576070597 131072
1783660393032 -0.00609450896808994 133120
1783660393988 0.0002799896683427505 135168
1783660395050 -0.006360720895827399 137216
1783660396128 -0.005643914446409326 139264
1783660397190 -0.008065062098467024 141312
1783660398207 -0.006142572587123141 143360
1783660399223 -0.0052310597220639465 145408
1783660400213 -0.006397068065780331 147456
1783660401358 0.00019934558622480836 149504
1783660402511 -0.006336302969430108 151552
1783660403618 -0.00740644327015616 153600
1783660404665 -0.009926778144290438 155648
1783660405670 -0.0023720506451354595 157696
1783660406669 -0.004868484962571529 159744
1783660407706 -0.002701124854866066 161792
1783660408648 -0.002493314994353568 163840
1783660409588 -0.003397640637558652 165888
1783660410634 -0.0035556057482608594 167936
1783660411675 -0.00038647391556878574 169984
1783660412729 -0.005287063177092932 172032
1783660413754 -0.005411690508481115 174080
1783660414705 -0.009658314666012302 176128
1783660415628 -0.006518423368106596 178176
1783660416692 -0.0072487269371777074 180224
1783660417912 -0.006707251428451855 182272
1783660419067 -0.00523397169126838 184320
1783660420213 -0.006587094030692242 186368
1783660421318 0.0011897161966771819 188416
1783660422409 -0.004403392372296366 190464
1783660423440 -0.00388251977165055 192512
1783660424474 -0.0012417047946655657 194560
1783660425454 -0.00497626972355647 196608
1783660426388 -0.003176131560394424 198656
1783660427297 -0.0036392538313521072 200704
1783660428216 -0.002745044701441657 202752
1783660429245 -0.0024138343414961128 204800
1783660430216 -0.005723761572880903 206848
1783660431157 -0.0029317718690435868 208896
1783660432054 -0.005518096004379913 210944
1783660432998 -0.0012380507523630513 212992
1783660434045 -0.004910345542157302 215040
1783660434998 -0.004241410020767944 217088
1783660435977 -0.0005786560650449246 219136
1783660436939 -0.0035269303389213746 221184
1783660437977 -0.003822616174147697 223232
1783660439108 -0.004924696482703439 225280
1783660440259 -0.003989446373452665 227328
1783660441265 -0.005740788081311621 229376
1783660442291 -0.0014350698002090212 231424
1783660443334 -0.0023293630347325234 233472
1783660444248 -0.002825450006639585 235520
1783660445164 -0.0017676874995231628 237568
1783660446268 -0.0006179862994031282 239616
1783660447368 -0.002260159501020098 241664
1783660448422 -0.004410457644553389 243712
1783660449454 -0.006287723936111433 245760
1783660450509 -0.0075546465086517856 247808
1783660451533 -0.004008341620647116 249856
1783660452427 -0.006093488045735285 251904
1783660453422 -0.003286970382760046 253952
1783660454471 -0.0012493627509684302 256000
1783660455490 -0.004991550056729466 258048
1783660456462 -0.0034510460864112247 260096
1783660457450 -0.0013252706521598157 262144
1783660458386 -0.0012658172636292875 264192
1783660459269 -0.0036997653915022966 266240
1783660460165 -0.00032721124080126174 268288
1783660461246 -0.005975494277663529 270336
1783660462211 -0.0031966446040314622 272384
1783660463114 -0.001821609435864957 274432
1783660464169 -0.005448278401672724 276480
1783660465236 -0.00532734596345108 278528
1783660466262 -0.005790980016172398 280576
1783660467265 -0.004767556785736815 282624
1783660468229 -0.005261812591925263 284672
1783660469156 0.0003432976227486506 286720
1783660470068 -0.004947871584590757 288768
1783660471006 -0.004365463475551223 290816
1783660472034 -0.0047609938083041925 292864
1783660472971 -0.003990679186244961 294912
1783660473872 -0.002145261367331841 296960
1783660474924 -0.004016212227725191 299008
1783660476059 -0.0032987317008519312 301056
1783660477199 -0.0002927919449575711 303104
1783660478356 -0.0014511309855151922 305152
1783660479461 -0.006772036174879759 307200
1783660480522 -0.0026729313231044216 309248
1783660481538 -0.004420763207235723 311296
1783660482567 -0.0036927274959452916 313344
1783660483545 -0.001511295668024104 315392
1783660484512 -0.004938684309308883 317440
1783660485411 -0.0029521576871047728 319488
1783660486416 -0.0029998442969372263 321536
1783660487540 -0.004314359903219156 323584
1783660488540 -0.0011758643086068332 325632
1783660489581 -0.0016604839111096226 327680
1783660490529 -0.0013920268502261024 329728
1783660491438 -0.003539744771842379 331776
1783660492324 -0.004497424213695922 333824
1783660493482 0.0008752009161980823 335872
1783660494494 -0.00570760942355264 337920
1783660495469 -0.00012226433864270803 339968
1783660496396 -0.0047184032655422925 342016
1783660497286 -0.0034895522676379187 344064
1783660498197 -0.00181452186734532 346112
1783660499202 -0.005111143516842276 348160
1783660500193 -0.003734485635504825 350208
1783660501123 -0.00022426074428949505 352256
1783660502022 -0.002082624041577219 354304
1783660503164 -0.002229184847237775 356352
1783660504272 -0.0009878207893052604 358400
1783660505377 -0.0017813435933931032 360448
1783660506477 -0.003262993435782846 362496
1783660507738 -0.0005632890970446169 364544
1783660508753 -0.0026404687159811147 366592
1783660509757 -0.0014999543127487414 368640
1783660510655 -0.0017738622445904184 370688
1783660511558 -0.0037038969894638285 372736
1783660512556 -0.0017335813463432714 374784
1783660513541 0.0012910560326417908 376832
1783660514479 -0.004047919897857355 378880
1783660515442 -0.004282154175598407 380928
1783660516417 -0.0023221229421324097 382976
1783660517368 -0.0014193335864547407 385024
1783660518412 -0.0023020969492790755 387072
1783660519358 -0.002697475672903238 389120
1783660520376 -0.0019289453703095205 391168
1783660521410 -0.0034325089072808623 393216
1783660522497 -0.0014284382341429591 395264
1783660523534 -0.004929866157908691 397312
1783660524515 -0.001976460920559475 399360
1783660525482 -0.002063765712591703 401408
1783660526390 -0.0035696124978130683 403456
1783660527513 -0.004515002043262939 405504
1783660528644 -0.0026948716804326978 407552
1783660529802 -0.0027871570600837003 409600
1783660530923 -0.0030147685147312586 411648
1783660532054 -0.0007471072603948414 413696
1783660533183 -0.004963107840012526 415744
1783660534162 -0.0061846316184528405 417792
1783660535154 -0.0034631308881216682 419840
1783660536129 0.0029158809047657996 421888
1783660537176 -0.002909114096837584 423936
1783660538168 -0.0025060630787265836 425984
1783660539141 0.0007125190240913071 428032
1783660540071 -0.0026102122537849937 430080
1783660540994 -0.002221725160779897 432128
1783660541978 -0.005131268051627558 434176
1783660543097 -0.003334409360832069 436224
1783660544194 -0.004602147299010539 438272
1783660545233 -0.002546567580793635 440320
1783660546250 -0.0006395910531864502 442368
1783660547222 -0.004339988898209413 444416
1783660548277 -0.00394453859917121 446464
1783660549308 -0.001791743572539417 448512
1783660550390 -0.005581703280768124 450560
1783660551511 -0.0009460484689043369 452608
1783660552677 -0.004708781430963427 454656
1783660553779 -0.00472702992556151 456704
1783660554930 -0.0014596393011743203 458752
1783660556063 0.0007766953440295765 460800
1783660557170 -0.001018500257487176 462848
1783660558213 -0.004113370752747869 464896
1783660559313 -0.004217962741677184 466944
1783660560381 -0.0027221098898735363 468992
1783660561454 0.0005380550828704145 471040
1783660562536 -0.0035004025157832075 473088
1783660563565 -0.000674433136737207 475136
1783660564474 0.00041176536979037337 477184
1783660565489 -0.002609631686937064 479232
1783660566505 -0.0003384234405530151 481280
1783660567612 -0.0045072846733091865 483328
1783660568713 -0.0033406356860723463 485376
1783660569742 -0.0021839913806616096 487424
1783660570716 -0.0026932303298963234 489472
1783660571707 -0.003395254389033653 491520
1783660572718 -0.0013012865592827438 493568
1783660573697 -0.0024160565772035625 495616
1783660574705 -0.0015642194430256495 497664
1783660575603 -0.0010467726679053158 499712
1783660576722 -0.002079941925330786 501760
1783660577823 -0.0005315805592545075 503808
1783660578888 -0.003592086546632345 505856
1783660579989 -0.001743570941471262 507904
1783660581047 -0.001197955720272148 509952
1783660582033 -0.0017853981717053102 512000
1783660583072 -0.005156731160241179 514048
1783660584187 -0.003432710647757631 516096
1783660585282 -0.006181043485412374 518144
1783660586360 -0.0030088117164268624 520192
1783660587502 -0.0008350566731678555 522240
1783660588599 -0.0004429492255439982 524288
1783660589671 0.0018299080984434113 526336
1783660590771 -0.0013029747342443443 528384
1783660591854 -0.0038308367365971208 530432
1783660592966 -0.001752254756866023 532480
1783660594017 -0.0011741279995476361 534528
1783660595049 -0.0017782498325686902 536576
1783660596124 -0.0033838384533737553 538624
1783660597239 -0.006204219422215829 540672
1783660598258 -0.0027700340579031035 542720
1783660599287 -0.000675229759508511 544768
1783660600323 -0.0031173749521258287 546816
1783660601402 -0.0026302944934286643 548864
1783660602562 -0.0028568612033268437 550912
1783660603728 -0.002557709321990842 552960
1783660604853 -0.0014231707209546585 555008
1783660605949 -0.0025659222064859932 557056
1783660607076 -0.001779186823114287 559104
1783660608204 -0.003641302559117321 561152
1783660609335 -0.0028224803445482394 563200
1783660610428 -0.00216533455386525 565248
1783660611582 -0.002092211856506765 567296
1783660612699 -0.0028645806087297387 569344
1783660613713 -0.004124151995711145 571392
1783660614697 -0.003938667123293271 573440
1783660615875 0.0010516428446862847 575488
1783660616936 -0.0027192015477339737 577536
1783660618058 -0.0032276446327159647 579584
1783660619191 -0.009635510228690691 581632
1783660620265 -0.0011373373326932779 583680
1783660621247 -0.0008562303664803039 585728
1783660622282 -0.0005253817616903689 587776
1783660623430 -0.003516175389449927 589824
1783660624541 -0.005131765487021767 591872
1783660625606 -0.003955868145567365 593920
1783660626692 -0.002721129869314609 595968
1783660627790 -0.0019387170705158496 598016
1783660628784 -0.0006373265400725359 600064
1783660629796 -0.004236642453179229 602112
1783660630733 -0.0014324223993753549 604160
1783660631633 -0.0037637349050783087 606208
1783660632664 -0.0032314134150510654 608256
1783660633780 -0.001658518951444421 610304
1783660634862 -0.00010266065874020569 612352
1783660635859 -0.00347970523944241 614400
1783660636838 0.0003775458062591497 616448
1783660637766 -0.0026141497655771673 618496
1783660638693 -0.00022075837296142709 620544
1783660639731 -0.002756396268523531 622592
1783660640833 -0.0023174551024567336 624640
1783660641929 -0.0010958883431158029 626688
1783660643047 -0.0012810723128495738 628736
1783660644102 -0.004497411016927799 630784
1783660645142 -0.0028935698392160702 632832
1783660646168 -0.0012944867312398856 634880
1783660647124 -0.0028638543481065426 636928
1783660648062 -0.0009880233628791757 638976
1783660649100 -0.00015309640184568707 641024
1783660650191 0.00031379189022118226 643072
1783660651300 0.00011494224418129306 645120
1783660652391 0.001076968663255684 647168
1783660653406 -0.0018901685070886742 649216
1783660654360 -0.003948234652852989 651264
1783660655271 -0.0027654222467390355 653312
1783660656191 -0.00034226806747028604 655360
1783660657235 0.0007219158433144912 657408
1783660658355 -0.003960516285587801 659456
1783660659378 -0.005441471810627263 661504
1783660660381 -0.0021553323913394706 663552
1783660661355 -0.0024312646310136188 665600
1783660662272 -0.00086365739662142 667648
1783660663198 -0.0015452964153155335 669696
1783660664180 -0.001094470364478184 671744
1783660665294 -0.003541907923136023 673792
1783660666374 -0.0006315367536444683 675840
1783660667447 -0.0019871325348503888 677888
1783660668528 -0.0024168992385966703 679936
1783660669523 -0.003190504944541317 681984
1783660670526 -0.004198297356197145 684032
1783660671474 -0.0031302831557695754 686080
1783660672393 -0.004691752943472238 688128
1783660673472 -0.0013057616815785877 690176
1783660674535 -0.0022720308224961627 692224
1783660675672 -0.002006577793508768 694272
1783660676813 -0.003215533786715241 696320
1783660677926 -0.002728776933508925 698368
1783660679000 -0.0013504827584256418 700416
1783660680123 -0.002701508678001119 702464
1783660681247 -0.0020444064830371644 704512
1783660682354 -0.001746631793139386 706560
1783660683467 -0.002368682762607932 708608
1783660684536 -0.0016163894542842172 710656
1783660685653 -0.0007462873072654475 712704
1783660686740 -0.006598235882847803 714752
1783660687929 -0.0027185098915651906 716800
1783660689048 -0.00442731013026787 718848
1783660690081 -0.0010502667937544174 720896
1783660691074 -0.0016109029384097084 722944
1783660692036 -0.002513539118808694 724992
1783660692989 -0.0028313937000348233 727040
1783660693923 -0.0029170889847591752 729088
1783660695029 -9.088683509617113e-05 731136
1783660696186 -0.002488437974534463 733184
1783660697341 -0.004424643457241473 735232
1783660698431 -0.0021854554179299157 737280
1783660699573 0.0015481964328500908 739328
1783660700678 -0.004171900638539228 741376
1783660701799 -0.005859503260580823 743424
1783660702923 -0.0016682916102581657 745472
1783660704015 -0.00450270122018992 747520
1783660705118 -0.0015231365205181646 749568
1783660706246 0.0008767028994043358 751616
1783660707400 -8.975049240689259e-05 753664
1783660708491 0.0026469059084774926 755712
1783660709655 -0.0009814430777623784 757760
1783660710827 -0.00034702764241956174 759808
1783660711891 -0.0014469069901679177 761856
1783660713038 -0.002649096248205751 763904
1783660714188 -0.0027399762366258074 765952
1783660715346 -0.00043036915303673595 768000
1783660716419 -0.004310375439672498 770048
1783660717614 -0.002980860721436329 772096
1783660718744 -0.0029602377908304334 774144
1783660719897 -0.001771280698449118 776192
1783660720969 0.0021285454749886412 778240
1783660722088 -0.0027969180155196227 780288
1783660723223 -0.0030017680910532363 782336
1783660724400 -0.0033335583029838745 784384
1783660725505 0.0001978169420908671 786432
1783660726641 -0.0015355118484876584 788480
1783660727759 -0.0016951108227658551 790528
1783660728879 -0.0017673251641099341 792576
1783660730041 5.600704753305763e-06 794624
1783660731188 -0.0005069218423159327 796672
1783660732308 -0.0005733944926760159 798720
1783660733462 -0.0002181839881814085 800768
1783660734702 0.0007859056386223529 802816
1783660735882 -0.001346270273643313 804864
1783660737041 -0.0007730737670499366 806912
1783660738168 -0.0004379333213364589 808960
1783660739254 -0.0012338757842371706 811008
1783660740351 0.0002594221896288218 813056
1783660741462 -0.0044087724381824955 815104
1783660742544 -0.0038032479787943885 817152
1783660743651 -0.003791225921304431 819200
1783660744750 -0.005507373600266874 821248
1783660745895 0.0010624609803926433 823296
1783660746902 0.000664345825498458 825344
1783660747938 0.0009651308537286241 827392
1783660748975 -0.001415545277268393 829440
1783660749972 -0.0007182313293014886 831488
1783660750975 -0.001284081698031514 833536
1783660751965 -0.0036046383447683183 835584
1783660752976 -0.0026076833573824842 837632
1783660754076 -0.0015274572833732236 839680
1783660755240 -0.0022508192669192795 841728
1783660756380 -0.0004359905706223799 843776
1783660757525 -0.003987926561421773 845824
1783660758681 0.0005820757905894425 847872
1783660759793 0.00043072835069324356 849920
1783660760920 0.0012954634948982857 851968
1783660762033 0.0006011176883475855 854016
1783660763187 -0.0018542848774814047 856064
1783660764290 -0.002050409781077178 858112
1783660765369 -0.002143157245882321 860160
1783660766492 -0.002694953271202394 862208
1783660767571 -0.005165491606021533 864256
1783660768648 -0.0056121327597793425 866304
1783660769768 -0.0025664953827799764 868352
1783660770973 -0.002307542035850929 870400
1783660772029 -0.001914450458571082 872448
1783660773026 -0.0007243742948048748 874496
1783660774052 -0.002565829277955345 876544
1783660775090 -0.002854423779353965 878592
1783660776037 -0.001313029402808752 880640
1783660776968 -0.003524675721564563 882688
1783660778037 -0.0044798193957831245 884736
1783660779086 -0.00157815073907841 886784
1783660780169 -0.00019822335707431193 888832
1783660781243 -0.0034567757611512206 890880
1783660782279 -0.004037200691527687 892928
1783660783341 -0.0006961208691791398 894976
1783660784290 0.002630688421049854 897024
1783660785187 -0.0005583854672295274 899072
1783660786287 -9.872167902358342e-05 901120
1783660787408 -0.00484174479606736 903168
1783660788535 0.0007715933097642846 905216
1783660789595 -0.0003329130486235954 907264
1783660790668 -0.004411920341226505 909312
1783660791674 -0.00095097514349618 911360
1783660792630 -0.002157477123546414 913408
1783660793554 -0.0016538840100110974 915456
1783660794564 -0.000879884368259809 917504
1783660795709 -0.0027462660600576783 919552
1783660796873 -0.0026152028349315515 921600
1783660797934 -0.005530028154680622 923648
1783660798992 -0.0023286276118597016 925696
1783660800167 -0.002707383839151589 927744
1783660801280 -0.0015856428926781518 929792
1783660802311 0.003811384169239318 931840
1783660803295 0.0014786511219426757 933888
1783660804262 -0.0011316305044601904 935936
1783660805201 0.0037661464393750066 937984
1783660806077 -0.0009209764793922659 940032
1783660807146 -0.0005807020952488529 942080
1783660808195 -0.00590464082233666 944128
1783660809254 -0.00046033634498598985 946176
1783660810353 0.0015444831351487665 948224
1783660811436 -0.0010717894510889892 950272
1783660812454 -0.0005091473985885386 952320
1783660813410 -0.0027689096714311745 954368
1783660814329 -0.0024003130129131023 956416
1783660815384 -0.004439840420673136 958464
1783660816485 0.0017946135922102258 960512
1783660817547 -0.004916013334877789 962560
1783660818595 -0.005047374106652569 964608
1783660819639 -0.00272265079911449 966656
1783660820612 -0.001395639617840061 968704
1783660821632 -0.0021690442281396827 970752
1783660822611 -0.005445976465125568 972800
1783660823572 -0.0006203319353517145 974848
1783660824626 -0.0011836958292406052 976896
1783660825730 -0.0006507317848445382 978944
1783660826737 -0.0011146850083605386 980992
1783660827785 0.001301345042520552 983040
1783660828778 -0.0026992327211701195 985088
1783660829708 -0.0015614716576237697 987136
1783660830659 -0.00017198920977534726 989184
1783660831664 -0.0031354582170024514 991232
1783660832713 -0.0024100608825392555 993280
1783660833819 -0.00020364317151688738 995328
1783660834876 -0.003220212249289034 997376
1783660835890 -0.00197446992751793 999424
1783660836225 0.0010362307075411081 1000000
