1783660322923 0.1989181260287296 2048
1783660323870 172.7276625111699 4096
1783660324937 0.11799840317689814 6144
1783660326056 16.339665203151526 8192
1783660327221 85.54345083609223 10240
1783660328402 91.40073818713427 12288
1783660329589 45.14088502759114 14336
1783660330733 1.2456838705111295 16384
1783660331868 0.4075073541898746 18432
1783660333011 0.3027872656821273 20480
1783660334108 0.24466210062382743 22528
1783660335295 15.51219441066496 24576
1783660336446 14.577559388824739 26624
1783660337609 26.686172843183158 28672
1783660338734 0.2745586628152523 30720
1783660339881 43.726653492078185 32768
1783660341030 12.486509301699698 34816
1783660342223 12.807723776524654 36864
1783660343368 0.10861583292717114 38912
1783660344528 23.845102259889245 40960
1783660345696 30.48111412487924 43008
1783660346826 0.23689279329846613 45056
1783660347963 0.060522013722220436 47104
1783660349091 0.048767523432616144 49152
1783660350285 12.614198159542866 51200
1783660351437 0.10471886390587315 53248
1783660352539 0.07888507112511434 55296
1783660353726 10.981815742561594 57344
1783660354898 0.11152062838664278 59392
1783660356047 9.95480675419094 61440
1783660357186 0.07776722297421657 63488
1783660358305 0.08074459913768806 65536
1783660359384 20.28016166947782 67584
1783660360516 8.974286600539926 69632
1783660361623 0.5223291324800812 71680
1783660362585 16.525809398270212 73728
1783660363565 12.664367882010993 75776
1783660364593 88.69563847780228 77824
1783660365568 0.15523569323704578 79872
1783660366608 8.15130897203926 81920
1783660367705 0.11870432618889026 83968
1783660368871 28.41746238525957 86016
1783660370028 0.1363822529092431 88064
1783660371142 0.12678075578878634 90112
1783660372219 0.08593748952262104 92160
1783660373332 14.005858997581527 94208
1783660374481 0.09038305512513034 96256
1783660375609 0.14663344537257217 98304
1783660376707 0.05211258796043694 100352
1783660377853 7.881670289090835 102400
1783660378933 0.09457679660408758 104448
1783660380086 0.06551234988728538 106496
1783660381185 53.32523283548653 108544
1783660382198 0.6938664608460385 110592
1783660383214 0.18432702199788764 112640
1783660384249 0.08453065133653581 114688
1783660385180 0.04898541152942926 116736
1783660386238 6.641811238689115 118784
1783660387168 11.1740234028548 120832
1783660388107 21.2103332511615 122880
1783660389095 20.084924868075177 124928
1783660390058 48.76800841744989 126976
1783660390979 0.7617067742394283 129024
1783660392040 0.2227058191492688 131072
1783660393032 0.18098038190510124 133120
1783660393988 33.01564498618245 135168
1783660395050 0.6468837572610937 137216
1783660396128 0.22283772064838558 139264
1783660397190 0.14759409107500687 141312
1783660398207 0.15048215648857877 143360
1783660399223 0.22636524323024787 145408
1783660400213 0.22199229011312127 147456
1783660401358 6.45801524433773 149504
1783660402511 0.43952120072208345 151552
1783660403618 0.23661792906932533 153600
1783660404665 0.16186069371178746 155648
1783660405670 5.210364129045047 157696
1783660406669 7.202857232419774 159744
1783660407706 5.115220659528859 161792
1783660408648 8.35168303642422 163840
1783660409588 4.046862555667758 165888
1783660410634 0.2172943511104677 167936
1783660411675 20.594122086185962 169984
1783660412729 0.31595382059458643 172032
1783660413754 0.18939980084542185 174080
1783660414705 0.1594780909945257 176128
1783660415628 0.20477181329624727 178176
1783660416692 0.2566932945046574 180224
1783660417912 0.3166020620847121 182272
1783660419067 0.3870865961071104 184320
1783660420213 0.2325905216857791 186368
1783660421318 14.082171632908285 188416
1783660422409 0.6739024291746318 190464
1783660423440 4.20814942731522 192512
1783660424474 41.66434487700462 194560
1783660425454 1.2145392368547618 196608
1783660426388 4.867566600907594 198656
1783660427297 7.830719357356429 200704
1783660428216 22.58195334393531 202752
1783660429245 1.2807824383489788 204800
1783660430216 5.011044468963519 206848
1783660431157 8.993107652757317 208896
1783660432054 2.094961270224303 210944
1783660432998 12.472658263519406 212992
1783660434045 0.35539631312713027 215040
1783660434998 0.3705703659215942 217088
1783660435977 0.4890056006843224 219136
1783660436939 7.6868716878816485 221184
1783660437977 4.504375701653771 223232
1783660439108 1.9509944878518581 225280
1783660440259 7.0303556432481855 227328
1783660441265 0.45752383314538747 229376
1783660442291 4.771911389543675 231424
1783660443334 10.122384944930673 233472
1783660444248 8.18233075644821 235520
1783660445164 0.44908844179008156 237568
1783660446268 0.3664765605935827 239616
1783660447368 0.425472971634008 241664
1783660448422 16.336291418410838 243712
1783660449454 0.5758341997861862 245760
1783660450509 0.3637587978737429 247808
1783660451533 0.36289818643126637 249856
1783660452427 0.8846487510018051 251904
1783660453422 21.534772312268615 253952
1783660454471 37.21459840238094 256000
1783660455490 1.0839191707782447 258048
1783660456462 0.5140571080846712 260096
1783660457450 3.5680747956503183 262144
1783660458386 14.132088691927493 264192
1783660459269 2.782200029119849 266240
1783660460165 0.7630419689230621 268288
1783660461246 1.0812823884189129 270336
1783660462211 0.5752811572747305 272384
1783660463114 19.398871674668044 274432
1783660464169 15.310143814887851 276480
1783660465236 1.0383207695558667 278528
1783660466262 7.4352739616297185 280576
1783660467265 6.326674097217619 282624
1783660468229 6.295750685967505 284672
1783660469156 0.5436416930751875 286720
1783660470068 1.3430003619287163 288768
1783660471006 0.6896013526711613 290816
1783660472034 0.9878641678951681 292864
1783660472971 3.3251180491643026 294912
1783660473872 3.828371065435931 296960
1783660474924 0.8070714657660574 299008
1783660476059 4.8196712685748935 301056
1783660477199 14.216316873207688 303104
1783660478356 17.98871139343828 305152
1783660479461 12.973908126819879 307200
1783660480522 16.51378993410617 309248
1783660481538 14.585371667519212 311296
1783660482567 22.825553542003036 313344
1783660483545 2.4782901257276535 315392
1783660484512 20.587278471328318 317440
1783660485411 22.068088385276496 319488
1783660486416 10.270188075490296 321536
1783660487540 0.9871062969323248 323584
1783660488540 8.901100776623935 325632
1783660489581 9.54035629122518 327680
1783660490529 3.926552150864154 329728
1783660491438 4.198749647010118 331776
1783660492324 18.97024067863822 333824
1783660493482 0.6449538255110383 335872
1783660494494 0.7373722549527884 337920
1783660495469 3.0166282246354967 339968
1783660496396 3.3939571562223136 342016
1783660497286 17.464215298183262 344064
1783660498197 9.10250474466011 346112
1783660499202 0.8964924106840044 348160
1783660500193 5.922503065317869 350208
1783660501123 3.1936907237395644 352256
1783660502022 9.636207923991606 354304
1783660503164 0.9124789212364703 356352
1783660504272 6.339069047011435 358400
1783660505377 1.6977807062212378 360448
1783660506477 3.6146177754271775 362496
1783660507738 24.906369049102068 364544
1783660508753 0.6778102192329243 366592
1783660509757 6.93013077089563 368640
1783660510655 3.401092940941453 370688
1783660511558 6.104695488233119 372736
1783660512556 5.817358071450144 374784
1783660513541 0.6427293354645371 376832
1783660514479 0.4549682649085298 378880
1783660515442 0.8023504546144977 380928
1783660516417 11.050497751682997 382976
1783660517368 4.838651906698942 385024
1783660518412 15.17911803117022 387072
1783660519358 8.846624777652323 389120
1783660520376 5.158177055884153 391168
1783660521410 18.73278957977891 393216
1783660522497 1.338934624567628 395264
1783660523534 1.034457991598174 397312
1783660524515 0.5723824843298644 399360
1783660525482 0.6192096552695148 401408
1783660526390 11.227617901749909 403456
1783660527513 7.907115320209414 405504
1783660528644 21.766551848500967 407552
1783660529802 33.17500526830554 409600
1783660530923 8.951587662100792 411648
1783660532054 6.8707085873465985 413696
1783660533183 16.03945766016841 415744
1783660534162 12.993816878646612 417792
1783660535154 11.115798054262996 419840
1783660536129 0.7282470263307914 421888
1783660537176 1.347825773525983 423936
1783660538168 7.132906887913123 425984
1783660539141 1.2232995143858716 428032
1783660540071 6.557778809452429 430080
1783660540994 7.093835975974798 432128
1783660541978 1.4756076560588554 434176
1783660543097 10.794259493239224 436224
1783660544194 13.304237604141235 438272
1783660545233 1.74311818392016 440320
1783660546250 11.46769367158413 442368
1783660547222 9.008541620336473 444416
1783660548277 10.26007810747251 446464
1783660549308 1.2727403606986627 448512
1783660550390 9.352427391335368 450560
1783660551511 1.2573865271406248 452608
1783660552677 4.800947830080986 454656
1783660553779 8.751940520480275 456704
1783660554930 6.452753994613886 458752
1783660556063 9.48659758712165 460800
1783660557170 11.419591892976314 462848
1783660558213 8.820238959044218 464896
1783660559313 6.6246316051110625 466944
1783660560381 8.941005610860884 468992
1783660561454 6.741591556463391 471040
1783660562536 0.8814714386826381 473088
1783660563565 14.538850886747241 475136
1783660564474 0.7153760574292392 477184
1783660565489 7.685550546273589 479232
1783660566505 1.253013749839738 481280
1783660567612 9.174803747329861 483328
1783660568713 6.388583400286734 485376
1783660569742 12.071019222028553 487424
1783660570716 0.8330413837684318 489472
1783660571707 17.960354522336274 491520
1783660572718 13.607108752476051 493568
1783660573697 25.874938055872917 495616
1783660574705 1.3993817949667573 497664
1783660575603 5.276261747349054 499712
1783660576722 1.6061746715568006 501760
1783660577823 4.906372172292322 503808
1783660578888 7.400470812804997 505856
1783660579989 29.24683779850602 507904
1783660581047 7.447655376512557 509952
1783660582033 5.521979657001793 512000
1783660583072 9.800850053317845 514048
1783660584187 4.812130407430232 516096
1783660585282 2.738492667209357 518144
1783660586360 2.0418698680587113 520192
1783660587502 4.756516546709463 522240
1783660588599 15.153884693048894 524288
1783660589671 1.0133771664695814 526336
1783660590771 4.593502478906885 528384
1783660591854 0.9841422343160957 530432
1783660592966 0.7684182630619034 532480
1783660594017 3.803361034952104 534528
1783660595049 10.514261960051954 536576
1783660596124 2.4566624918952584 538624
1783660597239 0.7786898564081639 540672
1783660598258 28.74534561112523 542720
1783660599287 1.1044640843756497 544768
1783660600323 5.416714175720699 546816
1783660601402 0.7283435723511502 548864
1783660602562 0.6292028154130094 550912
1783660603728 1.9277923959307373 552960
1783660604853 7.617759932298213 555008
1783660605949 10.042052732780576 557056
1783660607076 21.265255199745297 559104
1783660608204 1.707028163364157 561152
1783660609335 6.4754041822161525 563200
1783660610428 12.732112301513553 565248
1783660611582 18.45793758984655 567296
1783660612699 1.1230451749870554 569344
1783660613713 4.3299225880764425 571392
1783660614697 15.390462474897504 573440
1783660615875 0.8664916203124449 575488
1783660616936 3.568716688081622 577536
1783660618058 7.395117064472288 579584
1783660619191 6.869483406189829 581632
1783660620265 1.606545613030903 583680
1783660621247 0.7256067333801184 585728
1783660622282 5.016167348483577 587776
1783660623430 10.225720927119255 589824
1783660624541 4.1160667318617925 591872
1783660625606 18.77470026910305 593920
1783660626692 17.025872860103846 595968
1783660627790 7.511439306661487 598016
1783660628784 5.9219481276813895 600064
1783660629796 5.338965877424926 602112
1783660630733 6.2119101856369525 604160
1783660631633 1.9611152280122042 606208
1783660632664 10.325498283375055 608256
1783660633780 8.149511992931366 610304
1783660634862 12.713466157205403 612352
1783660635859 9.301480127498507 614400
1783660636838 3.521458341157995 616448
1783660637766 13.163541154004633 618496
1783660638693 7.427493411116302 620544
1783660639731 24.294555550441146 622592
1783660640833 4.954875253839418 624640
1783660641929 1.190177145297639 626688
1783660643047 4.716748028586153 628736
1783660644102 9.73184020910412 630784
1783660645142 4.422296774107963 632832
1783660646168 3.1800676179118454 634880
1783660647124 14.407341660931706 636928
1783660648062 13.488179525360465 638976
1783660649100 1.379361203406006 641024
1783660650191 14.163473917171359 643072
1783660651300 0.615262063103728 645120
1783660652391 0.6906484926003031 647168
1783660653406 6.122571920976043 649216
1783660654360 9.238387533463538 651264
1783660655271 0.5708491129335016 653312
1783660656191 0.7360911850701086 655360
1783660657235 6.360771794803441 657408
1783660658355 0.7046371579053812 659456
1783660659378 0.8257432812824845 661504
1783660660381 3.919531060848385 663552
1783660661355 9.668715818785131 665600
1783660662272 9.854493110440671 667648
1783660663198 9.758278054650873 669696
1783660664180 0.8702706841286272 671744
1783660665294 1.1297744143521413 673792
1783660666374 0.8337159428047016 675840
1783660667447 0.6980580017552711 677888
1783660668528 7.525379152968526 679936
1783660669523 5.6753897476010025 681984
1783660670526 1.2058366062119603 684032
1783660671474 1.2270849850028753 686080
1783660672393 0.7734494063770398 688128
1783660673472 0.6908910018391907 690176
1783660674535 6.657469755038619 692224
1783660675672 2.272608249913901 694272
1783660676813 12.990207525901496 696320
1783660677926 1.7854343331418931 698368
1783660679000 0.8436961837578565 700416
1783660680123 4.341646382585168 702464
1783660681247 7.766622023424134 704512
1783660682354 1.0664486879832111 706560
1783660683467 1.4548529968596995 708608
1783660684536 4.825006515253335 710656
1783660685653 12.816212275996804 712704
1783660686740 2.2074220922077075 714752
1783660687929 5.38125178264454 716800
1783660689048 1.1067293772939593 718848
1783660690081 7.383177315816283 720896
1783660691074 5.297945721074939 722944
1783660692036 11.912954632891342 724992
1783660692989 1.7645322252064943 727040
1783660693923 8.89257403765805 729088
1783660695029 1.5316041931509972 731136
1783660696186 1.787898973445408 733184
1783660697341 1.9074812019243836 735232
1783660698431 0.9434015530860052 737280
1783660699573 12.923921661451459 739328
1783660700678 18.131647309288383 741376
1783660701799 21.2347788317129 743424
1783660702923 26.424390269443393 745472
1783660704015 7.640139235183597 747520
1783660705118 12.071468013804406 749568
1783660706246 1.3971380179282278 751616
1783660707400 11.275865756906569 753664
1783660708491 0.8811241666553542 755712
1783660709655 4.699856313527562 757760
1783660710827 7.1458608721150085 759808
1783660711891 1.6948318906943314 761856
1783660713038 1.1204036701237783 763904
1783660714188 1.8665387143846601 765952
1783660715346 16.614223301410675 768000
1783660716419 21.059194346889853 770048
1783660717614 1.8734485130989924 772096
1783660718744 9.823820804711431 774144
1783660719897 5.782632147427648 776192
1783660720969 1.9688237336231396 778240
1783660722088 2.1777461122255772 780288
1783660723223 17.5562214422971 782336
1783660724400 6.496737866895273 784384
1783660725505 13.205170827917755 786432
1783660726641 23.03742533735931 788480
1783660727759 2.4222762221470475 790528
1783660728879 1.9490522383712232 792576
1783660730041 1.086430597002618 794624
1783660731188 17.315598502289504 796672
1783660732308 11.748174630687572 798720
1783660733462 7.630977988941595 800768
1783660734702 7.623628904926591 802816
1783660735882 15.989691141061485 804864
1783660737041 15.392774924170226 806912
1783660738168 9.141543336445466 808960
1783660739254 3.477901648497209 811008
1783660740351 3.8568510836921632 813056
1783660741462 7.540582867804915 815104
1783660742544 4.146657884703018 817152
1783660743651 5.934726263163611 819200
1783660744750 1.2956642436329275 821248
1783660745895 6.565733636380173 823296
1783660746902 12.02051766589284 825344
1783660747938 4.247487481450662 827392
1783660748975 16.962762616574764 829440
1783660749972 9.50119766779244 831488
1783660750975 16.140448225662112 833536
1783660751965 13.01766598597169 835584
1783660752976 24.163964414969087 837632
1783660754076 5.783283686265349 839680
1783660755240 27.469724498689175 841728
1783660756380 1.55072162556462 843776
1783660757525 14.621061014942825 845824
1783660758681 24.094624537974596 847872
1783660759793 1.5867870005313307 849920
1783660760920 10.31985174678266 851968
1783660762033 1.0896290029631928 854016
1783660763187 1.602724957629107 856064
1783660764290 8.956040965858847 858112
1783660765369 16.645672384649515 860160
1783660766492 15.475309755187482 862208
1783660767571 12.262346607632935 864256
1783660768648 3.8708456023596227 866304
1783660769768 2.410239298362285 868352
1783660770973 0.9926294534816407 870400
1783660772029 1.8452467628521845 872448
1783660773026 8.904473612084985 874496
1783660774052 5.8192666781833395 876544
1783660775090 6.432698106858879 878592
1783660776037 5.7352354102768 880640
1783660776968 5.963105351431295 882688
1783660778037 13.334045959636569 884736
1783660779086 11.66789598762989 886784
1783660780169 14.085171847604215 888832
1783660781243 7.995603289455175 890880
1783660782279 10.18848945852369 892928
1783660783341 2.844722844893113 894976
1783660784290 1.1228116463171318 897024
1783660785187 2.634460236178711 899072
1783660786287 2.4121745452284813 901120
1783660787408 2.018847376341 903168
1783660788535 26.091770130209625 905216
1783660789595 9.644694444723427 907264
1783660790668 31.35871458053589 909312
1783660791674 20.805402113124728 911360
1783660792630 7.9287483538500965 913408
1783660793554 10.711811241693795 915456
1783660794564 21.66483518993482 917504
1783660795709 26.42237998917699 919552
1783660796873 58.667335234582424 921600
1783660797934 22.43970777094364 923648
1783660798992 5.340249239932746 925696
1783660800167 14.966003191657364 927744
1783660801280 3.271871628356166 929792
1783660802311 2.036150323576294 931840
1783660803295 2.7019590615527704 933888
1783660804262 9.061688761692494 935936
1783660805201 1.97145187552087 937984
1783660806077 9.861434220336378 940032
1783660807146 28.884714675601572 942080
1783660808195 20.42259701434523 944128
1783660809254 13.404729188187048 946176
1783660810353 1.1608271904988214 948224
1783660811436 6.7353268368169665 950272
1783660812454 7.572009607683867 952320
1783660813410 6.142355454619974 954368
1783660814329 1.4894737469730899 956416
1783660815384 2.0325582331279293 958464
1783660816485 6.229170977603644 960512
1783660817547 12.376045198179781 962560
1783660818595 2.15346207737457 964608
1783660819639 3.5841527658049017 966656
1783660820612 7.675537199480459 968704
1783660821632 37.00245449692011 970752
1783660822611 16.238108904100955 972800
1783660823572 2.2994504729285836 974848
1783660824626 9.908336189808324 976896
1783660825730 3.8435267839813605 978944
1783660826737 2.2997606615535915 980992
1783660827785 5.757819876074791 983040
1783660828778 8.031273856991902 985088
1783660829708 1.7512688655406237 987136
1783660830659 2.40829983598087 989184
1783660831664 12.085293007083237 991232
1783660832713 7.817957910825498 993280
1783660833819 5.498089133761823 995328
1783660834876 2.8468863477464765 997376
1783660835890 2.390531060984358 999424
1783660836225 30.8410308625963 1000000
