1783660322923 0.5271439958596602 2048
1783660323870 345.56895565986633 4096
1783660324937 0.37287475960329175 6144
1783660326056 32.795047707273625 8192
1783660327221 171.2008546590805 10240
1783660328402 182.9162224084139 12288
1783660329589 90.39688035193831 14336
1783660330733 2.6077055046334863 16384
1783660331868 0.9421222636010498 18432
1783660333011 0.7380662403302267 20480
1783660334108 0.607874350156635 22528
1783660335295 31.137384897097945 24576
1783660336446 29.27108279982349 26624
1783660337609 53.48852051701397 28672
1783660338734 0.6693944943835959 30720
1783660339881 87.56925063021481 32768
1783660341030 25.09375751344487 34816
1783660342223 25.72992409951985 36864
1783660343368 0.3405913673923351 38912
1783660344528 47.80850593931973 40960
1783660345696 61.076504135970026 43008
1783660346826 0.5937347196158953 45056
1783660347963 0.23487067793030292 47104
1783660349091 0.21728699747473001 49152
1783660350285 25.342953288462013 51200
1783660351437 0.32899849070236087 53248
1783660352539 0.28177120204782113 55296
1783660353726 22.07878269208595 57344
1783660354898 0.3426599105587229 59392
1783660356047 20.024301323108375 61440
1783660357186 0.2730565674137324 63488
1783660358305 0.27494659001240507 65536
1783660359384 40.67232767213136 67584
1783660360516 18.063476023380645 69632
1783660361623 1.1603610722231679 71680
1783660362585 33.1631095437333 73728
1783660363565 25.44195589236915 75776
1783660364593 177.49982434511185 77824
1783660365568 0.42783812835114077 79872
1783660366608 16.41720887599513 81920
1783660367705 0.35562205826863647 83968
1783660368871 56.946977814659476 86016
1783660370028 0.39208282716572285 88064
1783660371142 0.3635679061990231 90112
1783660372219 0.29000160336727276 92160
1783660373332 28.127928256988525 94208
1783660374481 0.3054827859159559 96256
1783660375609 0.40868521155789495 98304
1783660376707 0.22316101362230256 100352
1783660377853 15.878896472975612 102400
1783660378933 0.30907825857866555 104448
1783660380086 0.2445304556749761 106496
1783660381185 106.75643193349242 108544
1783660382198 1.4973173183389008 110592
1783660383214 0.4895470488118008 112640
1783660384249 0.2882965251337737 114688
1783660385180 0.21189450554084033 116736
1783660386238 13.39619390014559 118784
1783660387168 22.45815116725862 120832
1783660388107 42.53109601698816 122880
1783660389095 40.28838570602238 124928
1783660390058 97.64676782675087 126976
1783660390979 1.6422783103771508 129024
1783660392040 0.560627750819549 131072
1783660393032 0.4801270591560751 133120
1783660393988 66.13665842451155 135168
1783660395050 1.4124133966397494 137216
1783660396128 0.5627967044711113 139264
1783660397190 0.4170054878341034 141312
1783660398207 0.4186232417123392 143360
1783660399223 0.5682817762717605 145408
1783660400213 0.5616531721316278 147456
1783660401358 13.020570078864694 149504
1783660402511 0.9967155016493052 151552
1783660403618 0.5930041966494173 153600
1783660404665 0.44850534619763494 155648
1783660405670 10.530400081072003 157696
1783660406669 14.52043112879619 159744
1783660407706 10.340898154769093 161792
1783660408648 16.81342051876709 163840
1783660409588 8.20559337735176 165888
1783660410634 0.5469841826707125 167936
1783660411675 41.294551079161465 169984
1783660412729 0.7477657829876989 172032
1783660413754 0.4945478984154761 174080
1783660414705 0.44311159383505583 176128
1783660415628 0.5272547784261405 178176
1783660416692 0.6321396180428565 180224
1783660417912 0.7505565113388002 182272
1783660419067 0.8882801891304553 184320
1783660420213 0.5817352572921664 186368
1783660421318 28.265057707205415 188416
1783660422409 1.4597440217621624 190464
1783660423440 8.527271995320916 192512
1783660424474 83.43442283943295 194560
1783660425454 2.5423308173194528 196608
1783660426388 9.84476824849844 198656
1783660427297 15.771978558972478 200704
1783660428216 45.27272217348218 202752
1783660429245 2.6697074929252267 204800
1783660430216 10.13678468670696 206848
1783660431157 18.09536551311612 208896
1783660432054 4.30428135022521 210944
1783660432998 25.051090765744448 212992
1783660434045 0.8238201092462987 215040
1783660434998 0.852749148150906 217088
1783660435977 1.0822664741426706 219136
1783660436939 15.483929821290076 221184
1783660437977 9.119651788379997 223232
1783660439108 4.015173658262938 225280
1783660440259 14.172038835007697 227328
1783660441265 1.0299432100728154 229376
1783660442291 9.65018710354343 231424
1783660443334 20.35288459993899 233472
1783660444248 16.47375028487295 235520
1783660445164 1.0053326718043536 237568
1783660446268 0.8380737630650401 239616
1783660447368 0.9591068192385137 241664
1783660448422 32.785064714960754 243712
1783660449454 1.2677889363840222 245760
1783660450509 0.8458978396374732 247808
1783660451533 0.8369329904671758 249856
1783660452427 1.8846401805058122 251904
1783660453422 43.179295521229506 253952
1783660454471 74.5348875746131 256000
1783660455490 2.2810147618874907 258048
1783660456462 1.1382773304358125 260096
1783660457450 7.24207523977384 262144
1783660458386 28.36994333472103 264192
1783660459269 5.675003939773887 266240
1783660460165 1.6300350953824818 268288
1783660461246 2.277944333385676 270336
1783660462211 1.2604136154986918 272384
1783660463114 38.904880587011576 274432
1783660464169 30.734678550623357 276480
1783660465236 2.1905237501487136 278528
1783660466262 14.98506029509008 280576
1783660467265 12.765776663087308 282624
1783660468229 12.704939981922507 284672
1783660469156 1.189509770134464 286720
1783660470068 2.798736061900854 288768
1783660471006 1.490906609222293 290816
1783660472034 2.08816672116518 292864
1783660472971 6.761108337435871 294912
1783660473872 7.764086333103478 296960
1783660474924 1.7251033536158502 299008
1783660476059 9.748710909858346 301056
1783660477199 28.535941232927144 303104
1783660478356 36.083017533645034 305152
1783660479461 26.064029060304165 307200
1783660480522 33.13556773401797 309248
1783660481538 29.28227185085416 311296
1783660482567 45.7612640671432 313344
1783660483545 5.062439209781587 315392
1783660484512 41.287322053685784 317440
1783660485411 44.24497874081135 319488
1783660486416 20.649283501319587 321536
1783660487540 2.0857936809770763 323584
1783660488540 17.907560098916292 325632
1783660489581 19.18722296040505 327680
1783660490529 7.959268658421934 329728
1783660491438 8.508175933733582 331776
1783660492324 38.05315691977739 333824
1783660493482 1.3916776252444834 335872
1783660494494 1.5892609925940633 337920
1783660495469 6.136509658768773 339968
1783660496396 6.900418129749596 342016
1783660497286 35.03854048624635 344064
1783660498197 18.31183877028525 346112
1783660499202 1.9065523389726877 348160
1783660500193 11.956018747761846 350208
1783660501123 6.491421967279166 352256
1783660502022 19.380236379802227 354304
1783660503164 1.9330068146809936 356352
1783660504272 12.78361983411014 358400
1783660505377 3.502629150170833 360448
1783660506477 7.339470672421157 362496
1783660507738 49.91766923293471 364544
1783660508753 1.4645331031642854 366592
1783660509757 13.966793057974428 368640
1783660510655 6.909193595405668 370688
1783660511558 12.320069474168122 372736
1783660512556 11.741503800265491 374784
1783660513541 1.3863026306498796 376832
1783660514479 1.0212448651436716 378880
1783660515442 1.7163232874590904 380928
1783660516417 22.20872768573463 382976
1783660517368 9.783209269866347 385024
1783660518412 30.465890683233738 387072
1783660519358 17.80160800088197 389120
1783660520376 10.423040884546936 391168
1783660521410 37.5752588249743 393216
1783660522497 2.783619328401983 395264
1783660523534 2.1817937595769763 397312
1783660524515 1.2517806799151003 399360
1783660525482 1.3456625854596496 401408
1783660526390 22.565610069781542 403456
1783660527513 15.926497118547559 405504
1783660528644 43.64173470437527 407552
1783660529802 66.45884099975228 409600
1783660530923 18.012513305991888 411648
1783660532054 13.846258814446628 413696
1783660533183 32.19215739518404 415744
1783660534162 26.103346683084965 417792
1783660535154 22.34189393930137 419840
1783660536129 1.5540977094788104 421888
1783660537176 2.8050106116570532 423936
1783660538168 14.374314596876502 425984
1783660539141 2.548689993331209 428032
1783660540071 13.224353014025837 430080
1783660540994 14.295821651816368 432128
1783660541978 3.0651179617270827 434176
1783660543097 21.69879936426878 436224
1783660544194 26.72136757336557 438272
1783660545233 3.5951365400105715 440320
1783660546250 23.04050977062434 442368
1783660547222 18.129544088616967 444416
1783660548277 20.6319271735847 446464
1783660549308 2.652966804103926 448512
1783660550390 18.81949041225016 450560
1783660551511 2.620273700915277 452608
1783660552677 9.714920992031693 454656
1783660553779 17.617018467746675 456704
1783660554930 13.01207546563819 458752
1783660556063 19.075183637440205 460800
1783660557170 22.94473077263683 462848
1783660558213 17.75220166472718 464896
1783660559313 13.361321804113686 466944
1783660560381 17.991135470569134 468992
1783660561454 13.585698999464512 471040
1783660562536 1.8736425440292805 473088
1783660563565 29.18296878412366 475136
1783660564474 1.5337078580632806 477184
1783660565489 15.479940934106708 479232
1783660566505 2.6105003082193434 481280
1783660567612 18.462563418783247 483328
1783660568713 12.887842915952206 485376
1783660569742 24.250427639111876 487424
1783660570716 1.7756821038201451 489472
1783660571707 36.031915655359626 491520
1783660572718 27.32124367915094 493568
1783660573697 51.859102956950665 495616
1783660574705 2.906390940770507 497664
1783660575603 10.659166207537055 499712
1783660576722 3.3207968841306865 501760
1783660577823 9.918029649183154 503808
1783660578888 14.912345024291426 505856
1783660579989 58.60142478346825 507904
1783660581047 15.00198707729578 509952
1783660582033 11.151875210925937 512000
1783660583072 19.71641928702593 514048
1783660584187 9.735430671833456 516096
1783660585282 5.593753875233233 518144
1783660586360 4.194228025618941 520192
1783660587502 9.619151076767594 522240
1783660588599 30.413104174658656 524288
1783660589671 2.127788154873997 526336
1783660590771 9.294459281954914 528384
1783660591854 2.0807887674309313 530432
1783660592966 1.645383630413562 532480
1783660594017 7.714339969214052 534528
1783660595049 21.13732562586665 536576
1783660596124 5.025275233201683 538624
1783660597239 1.6746770143508911 540672
1783660598258 57.60085981339216 542720
1783660599287 2.3148875718470663 544768
1783660600323 10.94423407362774 546816
1783660601402 1.5663740707095712 548864
1783660602562 1.3683319652918726 550912
1783660603728 3.96480674110353 552960
1783660604853 15.342497629113495 555008
1783660605949 20.193385023623705 557056
1783660607076 42.6381929051131 559104
1783660608204 3.525432792957872 561152
1783660609335 13.060441333334893 563200
1783660610428 25.57256860099733 565248
1783660611582 37.02412038296461 567296
1783660612699 2.355921902228147 569344
1783660613713 8.772145953029394 571392
1783660614697 30.892991414293647 573440
1783660615875 1.8349888175725937 575488
1783660616936 7.246744428761303 577536
1783660618058 14.900582616683096 579584
1783660619191 13.862198548391461 581632
1783660620265 3.3193126125261188 583680
1783660621247 1.5569357918575406 585728
1783660622282 10.137486508116126 587776
1783660623430 20.56270782276988 589824
1783660624541 8.346685827709734 591872
1783660625606 37.66166444122791 593920
1783660626692 34.16156207025051 595968
1783660627790 15.131142752245069 598016
1783660628784 11.94960835808888 600064
1783660629796 10.79092486295849 602112
1783660630733 12.531244458630681 604160
1783660631633 4.034336913842708 606208
1783660632664 20.762044232338667 608256
1783660633780 16.406961258500814 610304
1783660634862 25.53172137029469 612352
1783660635859 18.71453579235822 614400
1783660636838 7.146806920878589 616448
1783660637766 26.43697126582265 618496
1783660638693 14.960109394975007 620544
1783660639731 48.69918078184128 622592
1783660640833 10.019008287228644 624640
1783660641929 2.4873838061466813 626688
1783660643047 9.540877570398152 628736
1783660644102 19.57757239229977 630784
1783660645142 8.955343800596893 632832
1783660646168 6.467966285999864 634880
1783660647124 28.92592554166913 636928
1783660648062 27.08388110436499 638976
1783660649100 2.8644427661783993 641024
1783660650191 28.431638814508915 643072
1783660651300 1.3355996771715581 645120
1783660652391 1.4844173276796937 647168
1783660653406 12.35401918226853 649216
1783660654360 18.589818386361003 651264
1783660655271 1.2523509787861258 653312
1783660656191 1.577921665739268 655360
1783660657235 12.825217668898404 657408
1783660658355 1.5222878789063543 659456
1783660659378 1.7674077721312642 661504
1783660660381 7.94840088672936 663552
1783660661355 19.44728380162269 665600
1783660662272 19.815619178581983 667648
1783660663198 19.6245456635952 669696
1783660664180 1.8477183212526143 671744
1783660665294 2.371742272982374 673792
1783660666374 1.774032166460529 675840
1783660667447 1.5054775641765445 677888
1783660668528 15.16091713681817 679936
1783660669523 11.46251930249855 681984
1783660670526 2.5254810266196728 684032
1783660671474 2.5657135993242264 686080
1783660672393 1.6614175548311323 688128
1783660673472 1.4894922794774175 690176
1783660674535 13.42470337729901 692224
1783660675672 4.654537310358137 694272
1783660676813 26.09223486483097 696320
1783660677926 3.6817059838213027 698368
1783660679000 1.7954478114843369 700416
1783660680123 8.79381894459948 702464
1783660681247 15.642262808047235 704512
1783660682354 2.2410878671798855 706560
1783660683467 3.0189339462667704 708608
1783660684536 9.757911799941212 710656
1783660685653 25.73860489204526 712704
1783660686740 4.532757817301899 714752
1783660687929 10.872732472606003 716800
1783660689048 2.327114236075431 718848
1783660690081 14.873202692717314 720896
1783660691074 10.70383705664426 722944
1783660692036 23.93565300432965 724992
1783660692989 3.6394521510228515 727040
1783660693923 17.89565633283928 729088
1783660695029 3.167992782779038 731136
1783660696186 3.685218323022127 733184
1783660697341 3.928041490027681 735232
1783660698431 1.9952996643260121 737280
1783660699573 25.948906142264605 739328
1783660700678 36.37583229318261 741376
1783660701799 42.58550035394728 743424
1783660702923 52.956408351659775 745472
1783660704015 15.39357007201761 747520
1783660705118 24.250269149430096 749568
1783660706246 2.896931429859251 751616
1783660707400 22.656418282538652 753664
1783660708491 1.8614360794890672 755712
1783660709655 9.506052143406123 757760
1783660710827 14.396929710172117 759808
1783660711891 3.497292051324621 761856
1783660713038 2.3509440389461815 763904
1783660714188 3.843172672903165 765952
1783660715346 33.333771197125316 768000
1783660716419 42.23144471272826 770048
1783660717614 3.8571727799717337 772096
1783660718744 19.757814863696694 774144
1783660719897 11.673181580379605 776192
1783660720969 4.03783549182117 778240
1783660722088 4.465532179456204 780288
1783660723223 35.22282037883997 782336
1783660724400 13.10454561933875 784384
1783660725505 26.514426323585212 786432
1783660726641 46.18246819451451 788480
1783660727759 4.95250934921205 790528
1783660728879 4.006298272870481 792576
1783660730041 2.2777313224505633 794624
1783660731188 34.737217863556 796672
1783660732308 23.602546712383628 798720
1783660733462 15.36744559276849 800768
1783660734702 15.350754420273006 802816
1783660735882 32.08719046972692 804864
1783660737041 30.892245123162866 806912
1783660738168 18.389244814403355 808960
1783660739254 7.0637351418845356 811008
1783660740351 7.818779267370701 813056
1783660741462 15.195848248898983 815104
1783660742544 8.40684605925344 817152
1783660743651 11.983006743714213 819200
1783660744750 2.7082117586396635 821248
1783660745895 13.234953772975132 823296
1783660746902 24.1453546108678 825344
1783660747938 8.598831926006824 827392
1783660748975 34.03426001779735 829440
1783660749972 19.109735175967216 831488
1783660750975 32.38941067457199 833536
1783660751965 26.14849807228893 835584
1783660752976 48.439107570797205 837632
1783660754076 11.675632216967642 839680
1783660755240 55.050008557736874 841728
1783660756380 3.2083488078787923 843776
1783660757525 29.356150372885168 845824
1783660758681 48.294211668893695 847872
1783660759793 3.278771248180419 849920
1783660760920 20.74302736669779 851968
1783660762033 2.284018064616248 854016
1783660763187 3.3149355594068766 856064
1783660764290 18.02178369741887 858112
1783660765369 33.4012492634356 860160
1783660766492 31.061632153578103 862208
1783660767571 24.64068274758756 864256
1783660768648 7.858646152541041 866304
1783660769768 4.931235906900838 868352
1783660770973 2.0950805756729096 870400
1783660772029 3.7990200743079185 872448
1783660773026 17.91511403513141 874496
1783660774052 11.748488294892013 876544
1783660775090 12.975892746821046 878592
1783660776037 11.577833210583776 880640
1783660776968 12.038026238791645 882688
1783660778037 26.781918223947287 884736
1783660779086 23.44381507858634 886784
1783660780169 28.275690952315927 888832
1783660781243 16.10312754753977 890880
1783660782279 20.48993792012334 892928
1783660783341 5.795371104031801 894976
1783660784290 2.3448603546712548 897024
1783660785187 5.374607685022056 899072
1783660786287 4.929012679029256 901120
1783660787408 4.151735709281638 903168
1783660788535 52.28620657324791 905216
1783660789595 19.394305961206555 907264
1783660790668 62.830541014671326 909312
1783660791674 41.7169941496104 911360
1783660792630 15.966076651122421 913408
1783660793554 21.53111580386758 915456
1783660794564 43.435545502230525 917504
1783660795709 52.95433333516121 919552
1783660796873 117.44398540258408 921600
1783660797934 44.99458194151521 923648
1783660798992 10.789340666495264 925696
1783660800167 30.041715221479535 927744
1783660801280 6.651064109057188 929792
1783660802311 4.1688875067047775 931840
1783660803295 5.505367720965296 933888
1783660804262 18.23004229273647 935936
1783660805201 4.0397855853661895 937984
1783660806077 19.829096274916083 940032
1783660807146 57.87500882521272 942080
1783660808195 40.96146324276924 944128
1783660809254 26.91485147923231 946176
1783660810353 2.4233968674670905 948224
1783660811436 13.577842417173088 950272
1783660812454 15.25006015598774 952320
1783660813410 12.395289563573897 954368
1783660814329 3.0886234573554248 956416
1783660815384 4.178946967702359 958464
1783660816485 12.559808444231749 960512
1783660817547 24.86703011766076 962560
1783660818595 4.422176305670291 964608
1783660819639 7.278947023907676 966656
1783660820612 15.459092010278255 968704
1783660821632 74.11449725925922 970752
1783660822611 32.592392075806856 972800
1783660823572 4.705253782682121 974848
1783660824626 19.924061466474086 976896
1783660825730 7.7934949873015285 978944
1783660826737 4.707080147229135 980992
1783660827785 11.618770590052009 983040
1783660828778 16.173795849550515 985088
1783660829708 3.6115801266860217 987136
1783660830659 4.922661235090345 989184
1783660831664 24.2824105899781 991232
1783660832713 15.746408555656672 993280
1783660833819 11.102308264002204 995328
1783660834876 5.80608925409615 997376
1783660835890 4.89097849605605 999424
1783660836225 61.78588859240214 1000000
