1783696063891 -0.003787517944147112 2048
1783696071787 -0.0017422523887944408 4096
1783696079638 -0.004272785437933635 6144
1783696085364 -0.0024404231407970656 8192
1783696086389 -0.0022739475243724883 10240
1783696087436 -0.002251911620987812 12288
1783696088455 -0.0033165112108690664 14336
1783696089674 -0.002712176716158865 16384
1783696090806 -0.0025293591897934675 18432
1783696091970 -0.0019882764645444695 20480
1783696093165 -0.0012282946554478258 22528
1783696094285 -0.002800778203891241 24576
