1783700967082 1.0 2048
1783700976016 3.0 4096
1783700984817 5.0 6144
1783700993717 7.0 8192
1783701002652 15.0 10240
1783701011592 17.0 12288
1783701020597 21.0 14336
1783701029747 29.0 16384
1783701038768 30.0 18432
1783701047856 32.0 20480
1783701056592 43.0 22528
1783701065496 44.0 24576
1783701074346 45.0 26624
1783701083282 51.0 28672
1783701092193 56.0 30720
1783701101365 62.0 32768
1783701110305 63.0 34816
1783701119142 65.0 36864
1783701128227 69.0 38912
1783701137160 78.0 40960
1783701145922 83.0 43008
1783701154765 93.0 45056
1783701163794 113.0 47104
1783701172818 115.0 49152
1783701182500 118.0 51200
1783701192771 123.0 53248
1783701202490 143.0 55296
1783701212327 152.0 57344
1783701221957 154.0 59392
1783701226401 158.0 61440
1783701227543 162.0 63488
1783701228757 169.0 65536
1783701229844 170.0 67584
1783701231028 183.0 69632
1783701232148 184.0 71680
1783701233271 187.0 73728
1783701234438 195.0 75776
1783701235689 204.0 77824
1783701236905 205.0 79872
1783701238146 208.0 81920
1783701243409 212.0 83968
1783701247301 217.0 86016
1783701253146 220.0 88064
1783701263340 224.0 90112
1783701273279 228.0 92160
1783701283488 232.0 94208
1783701293078 235.0 96256
1783701302553 240.0 98304
1783701311700 244.0 100352
1783701321297 246.0 102400
1783701330526 251.0 104448
1783701340283 252.0 106496
1783701349961 254.0 108544
1783701359542 259.0 110592
1783701368570 260.0 112640
1783701378040 262.0 114688
1783701387367 264.0 116736
1783701396885 266.0 118784
1783701406043 269.0 120832
1783701415641 270.0 122880
1783701424603 271.0 124928
1783701434147 273.0 126976
1783701436409 274.0 129024
1783701437514 276.0 131072
1783701438956 277.0 133120
1783701440342 279.0 135168
1783701441817 280.0 137216
1783701443059 281.0 139264
1783701444387 283.0 141312
1783701445826 287.0 143360
1783701447382 290.0 145408
1783701448904 291.0 147456
1783701455398 292.0 149504
1783701462558 293.0 151552
1783701471932 296.0 153600
1783701481605 298.0 155648
1783701491385 301.0 157696
1783701500850 302.0 159744
1783701510934 303.0 161792
1783701520417 305.0 163840
1783701530427 307.0 165888
1783701539925 309.0 167936
1783701548887 310.0 169984
1783701556197 311.0 172032
1783701565299 313.0 174080
1783701574189 316.0 176128
1783701582897 318.0 178176
1783701591749 328.0 180224
1783701600773 331.0 182272
1783701610046 337.0 184320
1783701619228 343.0 186368
1783701626661 351.0 188416
1783701635839 352.0 190464
1783701644594 356.0 192512
1783701653266 359.0 194560
1783701662169 368.0 196608
1783701671383 371.0 198656
1783701680752 374.0 200704
1783701691057 376.0 202752
1783701700562 383.0 204800
1783701710528 385.0 206848
1783701720417 387.0 208896
1783701730561 388.0 210944
1783701739790 389.0 212992
1783701750050 391.0 215040
1783701759638 397.0 217088
1783701769721 405.0 219136
1783701779564 412.0 221184
1783701789081 417.0 223232
1783701797981 426.0 225280
1783701807298 431.0 227328
1783701816543 440.0 229376
1783701826147 442.0 231424
1783701835175 447.0 233472
1783701844618 448.0 235520
1783701845879 454.0 237568
1783701847022 455.0 239616
1783701848202 458.0 241664
1783701849508 460.0 243712
1783701850755 461.0 245760
1783701853803 463.0 247808
1783701861640 465.0 249856
1783701870828 471.0 251904
1783701880240 474.0 253952
1783701889498 478.0 256000
1783701899256 482.0 258048
1783701908578 488.0 260096
1783701918570 490.0 262144
1783701927970 491.0 264192
1783701937899 493.0 266240
1783701947375 494.0 268288
1783701957256 496.0 270336
1783701966806 498.0 272384
1783701976681 499.0 274432
1783701986056 501.0 276480
1783701995982 508.0 278528
1783702005433 509.0 280576
1783702015289 510.0 282624
1783702024862 511.0 284672
1783702035096 514.0 286720
1783702044839 516.0 288768
1783702054951 518.0 290816
1783702064911 519.0 292864
1783702074929 522.0 294912
1783702084778 527.0 296960
1783702094943 528.0 299008
1783702104579 530.0 301056
1783702114823 532.0 303104
1783702124292 535.0 305152
1783702134529 540.0 307200
1783702144249 545.0 309248
1783702154103 550.0 311296
1783702163857 553.0 313344
1783702173836 554.0 315392
1783702183531 565.0 317440
1783702193575 573.0 319488
1783702203115 575.0 321536
1783702213082 583.0 323584
1783702222561 584.0 325632
1783702232381 597.0 327680
1783702242024 606.0 329728
1783702251869 612.0 331776
1783702260150 614.0 333824
1783702262418 615.0 335872
1783702263573 618.0 337920
1783702268437 622.0 339968
1783702275160 623.0 342016
1783702284696 624.0 344064
1783702293807 626.0 346112
1783702303274 627.0 348160
1783702312069 628.0 350208
1783702321621 634.0 352256
1783702330755 638.0 354304
1783702340127 639.0 356352
1783702349138 640.0 358400
1783702358635 646.0 360448
1783702367708 647.0 362496
1783702377072 650.0 364544
1783702386308 652.0 366592
1783702395921 654.0 368640
1783702405291 655.0 370688
1783702414904 656.0 372736
1783702424179 661.0 374784
1783702433594 664.0 376832
1783702442883 666.0 378880
1783702452743 668.0 380928
1783702461969 671.0 382976
1783702471778 674.0 385024
1783702480928 677.0 387072
1783702490697 680.0 389120
1783702500238 686.0 391168
1783702510339 689.0 393216
1783702519992 699.0 395264
1783702530291 705.0 397312
1783702539852 707.0 399360
1783702550017 711.0 401408
1783702559841 712.0 403456
1783702569509 715.0 405504
1783702579216 720.0 407552
1783702589388 725.0 409600
1783702591590 726.0 411648
1783702597554 729.0 413696
1783702600742 732.0 415744
1783702601865 733.0 417792
1783702602977 737.0 419840
1783702604196 742.0 421888
1783702605312 744.0 423936
1783702606471 749.0 425984
1783702607527 758.0 428032
1783702608600 760.0 430080
1783702616407 767.0 432128
1783702625145 770.0 434176
1783702634794 773.0 436224
1783702644999 778.0 438272
1783702654481 779.0 440320
1783702663330 782.0 442368
1783702672128 783.0 444416
1783702680927 787.0 446464
1783702689386 792.0 448512
1783702697992 793.0 450560
1783702706764 798.0 452608
1783702715621 799.0 454656
1783702724751 800.0 456704
1783702734865 805.0 458752
1783702743896 810.0 460800
1783702753322 812.0 462848
1783702762290 814.0 464896
1783702771745 815.0 466944
1783702780835 819.0 468992
1783702790433 825.0 471040
1783702799387 828.0 473088
1783702809057 831.0 475136
1783702818305 832.0 477184
1783702827929 843.0 479232
1783702836858 847.0 481280
1783702846468 855.0 483328
1783702855425 856.0 485376
1783702865013 859.0 487424
1783702874352 862.0 489472
1783702883900 863.0 491520
1783702893398 868.0 493568
1783702903174 870.0 495616
1783702912789 872.0 497664
1783702922414 876.0 499712
1783702931838 877.0 501760
1783702941630 885.0 503808
1783702950899 886.0 505856
1783702960495 889.0 507904
1783702969931 893.0 509952
1783702979647 894.0 512000
1783702989380 897.0 514048
1783702999454 899.0 516096
1783703009276 900.0 518144
1783703019494 903.0 520192
1783703029143 905.0 522240
1783703039144 909.0 524288
1783703045394 913.0 526336
1783703046541 917.0 528384
1783703047770 918.0 530432
1783703055716 921.0 532480
1783703065222 923.0 534528
1783703075233 926.0 536576
1783703084822 932.0 538624
1783703095019 933.0 540672
1783703104761 937.0 542720
1783703114778 940.0 544768
1783703124522 941.0 546816
1783703134387 944.0 548864
1783703144159 948.0 550912
1783703153947 951.0 552960
1783703163888 954.0 555008
1783703173889 956.0 557056
1783703183430 960.0 559104
1783703193347 966.0 561152
1783703203056 971.0 563200
1783703213118 973.0 565248
1783703222846 978.0 567296
1783703232330 980.0 569344
1783703241435 981.0 571392
1783703250819 985.0 573440
1783703259799 997.0 575488
1783703269221 1000.0 577536
1783703278289 1003.0 579584
1783703287753 1004.0 581632
1783703296548 1008.0 583680
1783703305997 1010.0 585728
1783703315005 1012.0 587776
1783703324134 1016.0 589824
1783703333264 1018.0 591872
1783703342900 1019.0 593920
1783703352472 1024.0 595968
1783703362503 1030.0 598016
1783703372139 1034.0 600064
1783703381731 1035.0 602112
1783703391158 1038.0 604160
1783703401017 1044.0 606208
1783703410266 1046.0 608256
1783703420026 1049.0 610304
1783703429369 1050.0 612352
1783703439209 1054.0 614400
1783703448755 1058.0 616448
1783703458437 1061.0 618496
1783703468094 1065.0 620544
1783703478091 1067.0 622592
1783703487759 1070.0 624640
1783703497819 1072.0 626688
1783703507660 1078.0 628736
1783703517577 1082.0 630784
1783703527067 1085.0 632832
1783703537016 1088.0 634880
1783703546623 1091.0 636928
1783703556739 1092.0 638976
1783703566548 1100.0 641024
1783703576494 1103.0 643072
1783703586299 1105.0 645120
1783703596313 1106.0 647168
1783703606179 1109.0 649216
1783703616276 1111.0 651264
1783703626077 1114.0 653312
1783703636312 1120.0 655360
1783703646047 1128.0 657408
1783703656054 1131.0 659456
1783703665759 1137.0 661504
1783703675831 1140.0 663552
1783703685653 1142.0 665600
1783703691922 1150.0 667648
1783703693084 1153.0 669696
1783703694336 1156.0 671744
1783703695589 1158.0 673792
1783703698045 1160.0 675840
1783703705956 1162.0 677888
1783703714792 1167.0 679936
1783703724406 1173.0 681984
1783703733659 1177.0 684032
1783703743055 1178.0 686080
1783703752614 1181.0 688128
1783703761945 1185.0 690176
1783703771615 1189.0 692224
1783703780805 1191.0 694272
1783703790202 1192.0 696320
1783703799393 1194.0 698368
1783703808757 1195.0 700416
1783703817800 1202.0 702464
1783703827459 1204.0 704512
1783703836821 1212.0 706560
1783703846485 1213.0 708608
1783703857059 1216.0 710656
1783703863550 1229.0 712704
1783703872444 1231.0 714752
1783703881771 1234.0 716800
1783703890912 1241.0 718848
1783703900732 1244.0 720896
1783703910229 1245.0 722944
1783703920071 1251.0 724992
1783703929426 1252.0 727040
1783703939256 1260.0 729088
1783703948885 1261.0 731136
1783703958879 1269.0 733184
1783703968498 1273.0 735232
1783703978199 1275.0 737280
1783703987781 1277.0 739328
1783703997705 1282.0 741376
1783704007469 1286.0 743424
1783704017668 1288.0 745472
1783704027289 1292.0 747520
1783704037230 1295.0 749568
1783704046786 1297.0 751616
1783704056817 1300.0 753664
1783704066455 1301.0 755712
1783704076354 1303.0 757760
1783704085737 1309.0 759808
1783704095728 1316.0 761856
1783704105221 1318.0 763904
1783704115136 1325.0 765952
1783704124803 1326.0 768000
1783704134828 1330.0 770048
1783704144535 1331.0 772096
1783704154363 1335.0 774144
1783704163867 1337.0 776192
1783704171364 1339.0 778240
1783704180223 1340.0 780288
1783704188788 1345.0 782336
1783704197370 1352.0 784384
1783704205863 1353.0 786432
1783704214235 1356.0 788480
1783704222823 1359.0 790528
1783704231258 1363.0 792576
1783704239754 1367.0 794624
1783704248266 1369.0 796672
1783704256820 1370.0 798720
1783704264619 1373.0 800768
1783704273021 1376.0 802816
1783704281434 1380.0 804864
1783704289981 1382.0 806912
1783704298910 1384.0 808960
1783704308089 1387.0 811008
1783704317666 1390.0 813056
1783704327188 1395.0 815104
1783704336884 1396.0 817152
1783704346285 1399.0 819200
1783704356042 1402.0 821248
1783704365523 1407.0 823296
1783704375368 1410.0 825344
1783704384808 1412.0 827392
1783704394658 1417.0 829440
1783704404094 1419.0 831488
1783704413848 1423.0 833536
1783704423427 1425.0 835584
1783704430851 1429.0 837632
1783704436105 1431.0 839680
1783704446304 1432.0 841728
1783704456147 1434.0 843776
1783704466216 1439.0 845824
1783704475622 1441.0 847872
1783704485248 1445.0 849920
1783704494864 1449.0 851968
1783704504774 1455.0 854016
1783704514552 1459.0 856064
1783704523956 1460.0 858112
1783704533808 1463.0 860160
1783704543849 1468.0 862208
1783704553769 1477.0 864256
1783704562718 1479.0 866304
1783704564176 1481.0 868352
1783704565345 1489.0 870400
1783704566546 1494.0 872448
1783704567815 1499.0 874496
1783704574514 1500.0 876544
1783704580244 1501.0 878592
1783704589549 1507.0 880640
1783704598635 1510.0 882688
1783704606047 1517.0 884736
1783704615377 1520.0 886784
1783704624635 1522.0 888832
1783704634634 1524.0 890880
1783704644486 1526.0 892928
1783704654311 1528.0 894976
1783704663549 1532.0 897024
1783704670421 1536.0 899072
1783704671533 1538.0 901120
1783704672767 1539.0 903168
1783704674109 1541.0 905216
1783704675497 1544.0 907264
1783704682725 1548.0 909312
1783704688208 1552.0 911360
1783704694959 1553.0 913408
1783704702677 1555.0 915456
1783704708925 1557.0 917504
1783704717573 1560.0 919552
1783704726608 1562.0 921600
1783704739203 1563.0 923648
1783704748286 1566.0 925696
1783704757501 1568.0 927744
1783704766349 1570.0 929792
1783704775600 1572.0 931840
1783704784727 1578.0 933888
1783704794226 1580.0 935936
1783704803454 1583.0 937984
1783704812885 1586.0 940032
1783704822268 1588.0 942080
1783704832184 1593.0 944128
1783704841230 1595.0 946176
1783704850768 1597.0 948224
1783704860262 1603.0 950272
1783704869916 1608.0 952320
1783704879446 1613.0 954368
1783704889187 1615.0 956416
1783704898320 1624.0 958464
1783704908262 1633.0 960512
1783704918132 1639.0 962560
1783704927878 1640.0 964608
1783704937607 1643.0 966656
1783704947527 1646.0 968704
1783704957205 1648.0 970752
1783704966995 1650.0 972800
1783704976529 1653.0 974848
1783704985973 1655.0 976896
1783704995637 1657.0 978944
1783705005471 1661.0 980992
1783705015031 1663.0 983040
1783705024796 1667.0 985088
1783705034193 1668.0 987136
1783705043361 1670.0 989184
1783705052709 1676.0 991232
1783705062360 1679.0 993280
1783705071817 1682.0 995328
1783705081393 1686.0 997376
1783705090770 1690.0 999424
1783705093414 1690.0 1000000
