1783700967082 -123.63809967041016 2048
1783700976016 -115.32854461669922 4096
1783700984817 -116.99467620849609 6144
1783700993717 -113.41468048095703 8192
1783701002652 -110.10982513427734 10240
1783701011592 -110.03652639950023 12288
1783701020597 -109.81914939880372 14336
1783701029747 -113.07473258972168 16384
1783701038768 -112.73160324096679 18432
1783701047856 -112.21973190307617 20480
1783701056592 -113.65687828063965 22528
1783701065496 -111.72723579406738 24576
1783701074346 -110.91905479431152 26624
1783701083282 -107.53148040771484 28672
1783701092193 -105.49292221069337 30720
1783701101365 -104.45597343444824 32768
1783701110305 -101.80616989135743 34816
1783701119142 -101.81165771484375 36864
1783701128227 -102.77751998901367 38912
1783701137160 -107.77762489318847 40960
1783701145922 -112.62336120605468 43008
1783701154765 -115.48256645202636 45056
1783701163794 -115.65541572570801 47104
1783701172818 -116.05284004211425 49152
1783701182500 -116.27267990112304 51200
1783701192771 -114.2842861175537 53248
1783701202490 -115.19683494567872 55296
1783701212327 -113.66789093017579 57344
1783701221957 -110.66462669372558 59392
1783701226401 -107.79558334350585 61440
1783701227543 -106.44606475830078 63488
1783701228757 -105.07555885314942 65536
1783701229844 -103.16654891967774 67584
1783701231028 -111.73715000152588 69632
1783701232148 -111.7968282699585 71680
1783701233271 -111.8098539352417 73728
1783701234438 -117.36956672668457 75776
1783701235689 -115.10471801757812 77824
1783701236905 -115.03758544921875 79872
1783701238146 -113.073291015625 81920
1783701243409 -109.23852500915527 83968
1783701247301 -107.44613494873047 86016
1783701253146 -106.94670791625977 88064
1783701263340 -106.8817569732666 90112
1783701273279 -108.9671802520752 92160
1783701283488 -110.81874771118164 94208
1783701293078 -110.85253028869629 96256
1783701302553 -108.17213935852051 98304
1783701311700 -105.63318405151367 100352
1783701321297 -105.21655654907227 102400
1783701330526 -104.39400672912598 104448
1783701340283 -103.14462623596191 106496
1783701349961 -104.46265335083008 108544
1783701359542 -103.1303035736084 110592
1783701368570 -101.68732795715331 112640
1783701378040 -100.44962005615234 114688
1783701387367 -100.9131248474121 116736
1783701396885 -99.76058807373047 118784
1783701406043 -99.31993179321289 120832
1783701415641 -97.80410079956054 122880
1783701424603 -96.50039138793946 124928
1783701434147 -95.59776611328125 126976
1783701436409 -94.152099609375 129024
1783701437514 -94.54227027893066 131072
1783701438956 -92.70366439819335 133120
1783701440342 -91.0166202545166 135168
1783701441817 -90.41072273254395 137216
1783701443059 -95.42542419433593 139264
1783701444387 -100.82805862426758 141312
1783701445826 -108.93073081970215 143360
1783701447382 -115.6309368133545 145408
1783701448904 -115.63085746765137 147456
1783701455398 -117.55763397216796 149504
1783701462558 -117.17855682373047 151552
1783701471932 -120.22417945861817 153600
1783701481605 -120.7596649169922 155648
1783701491385 -121.59020156860352 157696
1783701500850 -116.86052207946777 159744
1783701510934 -113.41218376159668 161792
1783701520417 -110.69729118347168 163840
1783701530427 -107.1384063720703 165888
1783701539925 -96.5334602355957 167936
1783701548887 -94.32081756591796 169984
1783701556197 -93.76178741455078 172032
1783701565299 -93.3225700378418 174080
1783701574189 -88.22964172363281 176128
1783701582897 -91.14623680114747 178176
1783701591749 -100.85073738098144 180224
1783701600773 -105.41778564453125 182272
1783701610046 -115.60255699157715 184320
1783701619228 -114.88981475830079 186368
1783701626661 -117.57365608215332 188416
1783701635839 -113.83626670837403 190464
1783701644594 -110.84508666992187 192512
1783701653266 -111.33960342407227 194560
1783701662169 -103.57272377014161 196608
1783701671383 -96.94722385406494 198656
1783701680752 -101.51907863616944 200704
1783701691057 -99.96060581207276 202752
1783701700562 -104.52930698394775 204800
1783701710528 -103.19792499542237 206848
1783701720417 -105.79542217254638 208896
1783701730561 -103.49579906463623 210944
1783701739790 -104.56931324005127 212992
1783701750050 -108.1332820892334 215040
1783701759638 -107.05063323974609 217088
1783701769721 -110.12138748168945 219136
1783701779564 -116.48750038146973 221184
1783701789081 -113.25334663391114 223232
1783701797981 -114.21308517456055 225280
1783701807298 -118.99804420471192 227328
1783701816543 -122.30447006225586 229376
1783701826147 -124.65632972717285 231424
1783701835175 -127.5778694152832 233472
1783701844618 -126.15995941162109 235520
1783701845879 -125.98509559631347 237568
1783701847022 -124.48780059814453 239616
1783701848202 -129.50855560302733 241664
1783701849508 -125.99479312896729 243712
1783701850755 -121.39592514038085 245760
1783701853803 -113.83078422546387 247808
1783701861640 -113.60190238952637 249856
1783701870828 -110.75552310943604 251904
1783701880240 -102.31672954559326 253952
1783701889498 -95.79046268463135 256000
1783701899256 -101.16772747039795 258048
1783701908578 -101.12468299865722 260096
1783701918570 -96.98992576599122 262144
1783701927970 -94.75172805786133 264192
1783701937899 -96.77034034729004 266240
1783701947375 -96.70097827911377 268288
1783701957256 -91.23124618530274 270336
1783701966806 -89.02477493286133 272384
1783701976681 -88.38112182617188 274432
1783701986056 -81.50554122924805 276480
1783701995982 -81.01620941162109 278528
1783702005433 -78.36997413635254 280576
1783702015289 -77.44238519668579 282624
1783702024862 -76.04289083480835 284672
1783702035096 -71.82512760162354 286720
1783702044839 -72.29188499450683 288768
1783702054951 -72.06950969696045 290816
1783702064911 -70.77406368255615 292864
1783702074929 -68.57542486190796 294912
1783702084778 -68.49278593063354 296960
1783702094943 -64.54010419845581 299008
1783702104579 -67.66619825363159 301056
1783702114823 -70.55884408950806 303104
1783702124292 -74.91174192428589 305152
1783702134529 -84.62512378692627 307200
1783702144249 -90.13932404518127 309248
1783702154103 -93.49814009666443 311296
1783702163857 -98.82328124046326 313344
1783702173836 -92.99839262962341 315392
1783702183531 -107.73576726913453 317440
1783702193575 -118.41128578186036 319488
1783702203115 -112.03621835708618 321536
1783702213082 -104.80371518135071 323584
1783702222561 -99.50739016532899 325632
1783702232381 -103.86474175453186 327680
1783702242024 -111.09280052185059 329728
1783702251869 -105.49596546590328 331776
1783702260150 -99.42051633298396 333824
1783702262418 -93.28812755048276 335872
1783702263573 -82.7957685470581 337920
1783702268437 -78.49005119800567 339968
1783702275160 -72.63958342075348 342016
1783702284696 -68.18442709445954 344064
1783702293807 -58.08784036636352 346112
1783702303274 -57.54306513369083 348160
1783702312069 -51.33178946077824 350208
1783702321621 -48.13291389048099 352256
1783702330755 -60.37607147693634 354304
1783702340127 -59.945641040802 356352
1783702349138 -59.40710496902466 358400
1783702358635 -67.12322256565093 360448
1783702367708 -64.92736947536469 362496
1783702377072 -72.69503259658813 364544
1783702386308 -65.15739088058471 366592
1783702395921 -49.78287563323975 368640
1783702405291 -42.40781040191651 370688
1783702414904 -35.416617679595944 372736
1783702424179 -48.94168570041656 374784
1783702433594 -44.6788286447525 376832
1783702442883 -36.55169241428375 378880
1783702452743 -39.39008674621582 380928
1783702461969 -44.88044414520264 382976
1783702471778 -54.64210348129272 385024
1783702480928 -64.24802055358887 387072
1783702490697 -58.235811424255374 389120
1783702500238 -64.35200328826905 391168
1783702510339 -75.31296348571777 393216
1783702519992 -82.976482963562 395264
1783702530291 -93.09358043670655 397312
1783702539852 -83.85394554138183 399360
1783702550017 -89.42660541534424 401408
1783702559841 -78.56158046722412 403456
1783702569509 -63.281643104553225 405504
1783702579216 -60.51566638946533 407552
1783702589388 -61.601468849182126 409600
1783702591590 -54.14673557281494 411648
1783702597554 -48.96474494934082 413696
1783702600742 -51.00065364837646 415744
1783702601865 -50.03908023834229 417792
1783702602977 -45.31663074493408 419840
1783702604196 -47.15649681091308 421888
1783702605312 -41.39900150299072 423936
1783702606471 -71.86823482513428 425984
1783702607527 -97.84079189300537 428032
1783702608600 -89.2982666015625 430080
1783702616407 -88.28886547088624 432128
1783702625145 -85.1083755493164 434176
1783702634794 -76.20432815551757 436224
1783702644999 -73.30921726226806 438272
1783702654481 -64.7237886428833 440320
1783702663330 -78.27507095336914 442368
1783702672128 -67.21555366516114 444416
1783702680927 -45.69353561401367 446464
1783702689386 -54.517431831359865 448512
1783702697992 -44.63882274627686 450560
1783702706764 -37.95857753753662 452608
1783702715621 -36.019314765930176 454656
1783702724751 -36.419973373413086 456704
1783702734865 -47.41291847229004 458752
1783702743896 -55.10549392700195 460800
1783702753322 -31.507797241210938 462848
1783702762290 -31.010869216918945 464896
1783702771745 -29.929360580444335 466944
1783702780835 -30.553291702270506 468992
1783702790433 -34.24945220947266 471040
1783702799387 -40.73826026916504 473088
1783702809057 -45.40529117584229 475136
1783702818305 -45.901996803283694 477184
1783702827929 -72.4843734741211 479232
1783702836858 -69.30187377929687 481280
1783702846468 -95.5585584640503 483328
1783702855425 -83.19027996063232 485376
1783702865013 -73.94200763702392 487424
1783702874352 -65.62243385314942 489472
1783702883900 -54.10911483764649 491520
1783702893398 -55.78414478302002 493568
1783702903174 -44.18601970672607 495616
1783702912789 -36.329125785827635 497664
1783702922414 -36.54484462738037 499712
1783702931838 -44.127887916564944 501760
1783702941630 -64.43174800872802 503808
1783702950899 -56.59987907409668 505856
1783702960495 -39.794013786315915 507904
1783702969931 -55.32247066497803 509952
1783702979647 -62.4976728439331 512000
1783702989380 -42.84253749847412 514048
1783702999454 -43.724046516418454 516096
1783703009276 -31.16209125518799 518144
1783703019494 -10.687976264953614 520192
1783703029143 5.156086158752442 522240
1783703039144 -21.69949131011963 524288
1783703045394 -13.90016574859619 526336
1783703046541 -28.696520805358887 528384
1783703047770 -24.30741939544678 530432
1783703055716 -32.408371162414554 532480
1783703065222 -23.57176990509033 534528
1783703075233 -22.266745567321777 536576
1783703084822 -29.26097240447998 538624
1783703095019 -24.245519828796386 540672
1783703104761 -24.544165229797365 542720
1783703114778 -42.8280107498169 544768
1783703124522 -34.93512363433838 546816
1783703134387 -45.88198719024658 548864
1783703144159 -43.97200374603271 550912
1783703153947 -38.828454399108885 552960
1783703163888 -51.22861671447754 555008
1783703173889 -36.6569408416748 557056
1783703183430 -34.733672523498534 559104
1783703193347 -66.5081163406372 561152
1783703203056 -47.385939598083496 563200
1783703213118 -49.44228382110596 565248
1783703222846 -65.48011913299561 567296
1783703232330 -55.4445442199707 569344
1783703241435 -43.3751636505127 571392
1783703250819 -28.10040740966797 573440
1783703259799 -61.443701934814456 575488
1783703269221 -65.08875579833985 577536
1783703278289 -79.74159355163575 579584
1783703287753 -71.41114082336426 581632
1783703296548 -55.72359771728516 583680
1783703305997 -40.4315845489502 585728
1783703315005 -27.709067153930665 587776
1783703324134 -14.291828155517578 589824
1783703333264 -7.067091751098633 591872
1783703342900 5.537305450439453 593920
1783703352472 -3.746277618408203 595968
1783703362503 -32.630333518981935 598016
1783703372139 -43.55218639373779 600064
1783703381731 -33.74132823944092 602112
1783703391158 -26.29316463470459 604160
1783703401017 -42.045409965515134 606208
1783703410266 -49.30918216705322 608256
1783703420026 -34.67862720489502 610304
1783703429369 -30.106360244750977 612352
1783703439209 -17.414306259155275 614400
1783703448755 -36.59489555358887 616448
1783703458437 -22.87981719970703 618496
1783703468094 -35.09130306243897 620544
1783703478091 -33.00380191802979 622592
1783703487759 -32.39451656341553 624640
1783703497819 -32.39847049713135 626688
1783703507660 -50.39667186737061 628736
1783703517577 -50.59608173370361 630784
1783703527067 -43.408746337890626 632832
1783703537016 -58.875875091552736 634880
1783703546623 -58.44744033813477 636928
1783703556739 -52.4802131652832 638976
1783703566548 -58.94545574188233 641024
1783703576494 -59.46112422943115 643072
1783703586299 -47.156772422790525 645120
1783703596313 -38.5580171585083 647168
1783703606179 -34.37971591949463 649216
1783703616276 -22.221918296813964 651264
1783703626077 -26.632110404968262 653312
1783703636312 -12.73428955078125 655360
1783703646047 -46.64988288879395 657408
1783703656054 -68.06713027954102 659456
1783703665759 -80.69925460815429 661504
1783703675831 -69.48838691711425 663552
1783703685653 -55.439334869384766 665600
1783703691922 -50.43863410949707 667648
1783703693084 -63.009443283081055 669696
1783703694336 -50.18528938293457 671744
1783703695589 -44.42992515563965 673792
1783703698045 -32.57908744812012 675840
1783703705956 -43.4720380783081 677888
1783703714792 -40.21020984649658 679936
1783703724406 -40.63017024993896 681984
1783703733659 -63.215758323669434 684032
1783703743055 -61.05550708770752 686080
1783703752614 -49.05531520843506 688128
1783703761945 -46.51995849609375 690176
1783703771615 -56.385887908935544 692224
1783703780805 -38.78120994567871 694272
1783703790202 -23.734598541259764 696320
1783703799393 4.2584480285644535 698368
1783703808757 12.433451080322266 700416
1783703817800 -3.094898223876953 702464
1783703827459 4.0970409393310545 704512
1783703836821 -24.442847442626952 706560
1783703846485 -35.399262046813966 708608
1783703857059 -50.09923076629639 710656
1783703863550 -66.87753162384033 712704
1783703872444 -54.22720355987549 714752
1783703881771 -75.42644424438477 716800
1783703890912 -74.22933387756348 718848
1783703900732 -59.38613929748535 720896
1783703910229 -44.50278167724609 722944
1783703920071 -42.09646835327148 724992
1783703929426 -35.44993438720703 727040
1783703939256 -40.828277015686034 729088
1783703948885 -26.366918754577636 731136
1783703958879 -67.78220844268799 733184
1783703968498 -74.84326686859131 735232
1783703978199 -69.40912818908691 737280
1783703987781 -56.587416076660155 739328
1783703997705 -56.85765686035156 741376
1783704007469 -43.59824714660645 743424
1783704017668 -28.501107025146485 745472
1783704027289 -16.082137680053712 747520
1783704037230 -11.33949317932129 749568
1783704046786 -11.21467399597168 751616
1783704056817 -15.59550666809082 753664
1783704066455 -7.023843002319336 755712
1783704076354 9.015114212036133 757760
1783704085737 -11.804824447631836 759808
1783704095728 -38.53527679443359 761856
1783704105221 -49.68587112426758 763904
1783704115136 -81.27599487304687 765952
1783704124803 -66.97725143432618 768000
1783704134828 -61.44157943725586 770048
1783704144535 -47.710749816894534 772096
1783704154363 -36.02935371398926 774144
1783704163867 -9.552130508422852 776192
1783704171364 -9.57935028076172 778240
1783704180223 5.081421661376953 780288
1783704188788 25.275063705444335 782336
1783704197370 -30.90610694885254 784384
1783704205863 -17.25526580810547 786432
1783704214235 -18.055276489257814 788480
1783704222823 -16.03751335144043 790528
1783704231258 -50.62870140075684 792576
1783704239754 -24.45448989868164 794624
1783704248266 -18.14949150085449 796672
1783704256820 -2.32703857421875 798720
1783704264619 7.167364883422851 800768
1783704273021 6.469194793701172 802816
1783704281434 -1.489865493774414 804864
1783704289981 2.6346412658691407 806912
1783704298910 9.021151733398437 808960
1783704308089 7.359748077392578 811008
1783704317666 7.8185585021972654 813056
1783704327188 -16.933171463012695 815104
1783704336884 -1.7627902984619142 817152
1783704346285 1.248244857788086 819200
1783704356042 9.424129104614257 821248
1783704365523 -6.44898567199707 823296
1783704375368 -15.008738708496093 825344
1783704384808 -10.527997589111328 827392
1783704394658 -20.46673164367676 829440
1783704404094 -13.224788665771484 831488
1783704413848 -44.03787727355957 833536
1783704423427 -13.85076446533203 835584
1783704430851 -17.192567825317383 837632
1783704436105 -2.2971729278564452 839680
1783704446304 9.654885482788085 841728
1783704456147 9.74378776550293 843776
1783704466216 18.530859375 845824
1783704475622 18.30876007080078 847872
1783704485248 -0.39597396850585936 849920
1783704494864 -5.885526847839356 851968
1783704504774 -43.68435344696045 854016
1783704514552 -39.69616413116455 856064
1783704523956 -24.579605293273925 858112
1783704533808 -23.172492027282715 860160
1783704543849 -36.67195701599121 862208
1783704553769 -34.662532806396484 864256
1783704562718 -34.52581443786621 866304
1783704564176 -40.423645401000975 868352
1783704565345 -62.807464599609375 870400
1783704566546 -52.64391670227051 872448
1783704567815 -57.760405731201175 874496
1783704574514 -56.196520233154295 876544
1783704580244 -57.02042770385742 878592
1783704589549 -34.13132743835449 880640
1783704598635 -20.894552993774415 882688
1783704606047 -36.21526260375977 884736
1783704615377 -29.28905372619629 886784
1783704624635 -53.19320068359375 888832
1783704634634 -40.705543518066406 890880
1783704644486 -20.45527038574219 892928
1783704654311 -10.096057510375976 894976
1783704663549 -13.071783065795898 897024
1783704670421 -4.763692092895508 899072
1783704671533 7.051225280761718 901120
1783704672767 6.779387664794922 903168
1783704674109 15.77007179260254 905216
1783704675497 25.020673751831055 907264
1783704682725 6.019424819946289 909312
1783704688208 -2.3115135192871095 911360
1783704694959 3.9736701965332033 913408
1783704702677 16.441934204101564 915456
1783704708925 36.91132926940918 917504
1783704717573 9.772809600830078 919552
1783704726608 16.72456588745117 921600
1783704739203 31.376697540283203 923648
1783704748286 12.433413314819337 925696
1783704757501 44.754948425292966 927744
1783704766349 42.52229461669922 929792
1783704775600 75.35190391540527 931840
1783704784727 25.991938400268555 933888
1783704794226 20.678475189208985 935936
1783704803454 14.396788024902344 937984
1783704812885 6.085093307495117 940032
1783704822268 -9.767472457885741 942080
1783704832184 -16.67348709106445 944128
1783704841230 -4.062924194335937 946176
1783704850768 5.496805572509766 948224
1783704860262 -16.534068298339843 950272
1783704869916 -23.57479820251465 952320
1783704879446 -35.39274559020996 954368
1783704889187 -44.999487495422365 956416
1783704898320 -72.83253650665283 958464
1783704908262 -77.08751468658447 960512
1783704918132 -91.07845687866211 962560
1783704927878 -75.62962074279785 964608
1783704937607 -56.332940673828126 966656
1783704947527 -55.121252822875974 968704
1783704957205 -23.131335067749024 970752
1783704966995 -6.513720703125 972800
1783704976529 9.85203285217285 974848
1783704985973 26.286783981323243 976896
1783704995637 52.35425071716308 978944
1783705005471 25.822357177734375 980992
1783705015031 56.16496276855469 983040
1783705024796 41.44445648193359 985088
1783705034193 42.40697021484375 987136
1783705043361 59.287452697753906 989184
1783705052709 17.501568603515626 991232
1783705062360 4.07107105255127 993280
1783705071817 6.262893867492676 995328
1783705081393 -4.8604333877563475 997376
1783705090770 -37.41807346343994 999424
1783705093414 -37.41807346343994 1000000
