1783660845670 5.680026259273291 2048
1783660846807 5.686488159000874 4096
1783660847795 5.687618035823107 6144
1783660848724 5.694711588323116 8192
1783660849633 5.693093288689852 10240
1783660850460 5.692459624260664 12288
1783660851390 5.692048102617264 14336
1783660852387 5.691816434264183 16384
1783660853346 5.705833416432142 18432
1783660854311 5.715662814676762 20480
1783660855145 5.710565119981766 22528
1783660856045 5.717851713299751 24576
1783660856998 5.721772488206625 26624
1783660857874 5.721884071826935 28672
1783660858760 5.721180114895105 30720
1783660859686 5.7272693403065205 32768
1783660860647 5.7368926666677 34816
1783660861589 5.745640121400356 36864
1783660862450 5.746750712394714 38912
1783660863384 5.735723402351141 40960
1783660864333 5.726485054939985 43008
1783660865276 5.723366539925337 45056
1783660866111 5.690854366868734 47104
1783660867059 5.660862609744072 49152
1783660868013 5.660205081105232 51200
1783660869054 5.6548705361783504 53248
1783660869946 5.644903492182493 55296
1783660870817 5.62287675216794 57344
1783660871720 5.613584581762552 59392
1783660872614 5.607203189283609 61440
1783660873446 5.5990136824548244 63488
1783660874517 5.599833883345127 65536
1783660875582 5.596762262284756 67584
1783660876555 5.597916595637798 69632
1783660877420 5.601984441280365 71680
1783660878241 5.6011750511825085 73728
1783660879118 5.6039772517979145 75776
1783660880083 5.602053225040436 77824
1783660880930 5.603862106800079 79872
1783660881939 5.60889858007431 81920
1783660882892 5.602729436010122 83968
1783660883799 5.576413601636887 86016
1783660884667 5.5626243613660336 88064
1783660885538 5.554518204182386 90112
1783660886530 5.553399443626404 92160
1783660887532 5.55237004160881 94208
1783660888489 5.539791692048311 96256
1783660889349 5.526917666196823 98304
1783660890186 5.516623541712761 100352
1783660891169 5.516640167683363 102400
1783660892044 5.505981147289276 104448
1783660892890 5.490847662091255 106496
1783660893858 5.484215810894966 108544
1783660894797 5.470322038978338 110592
1783660895766 5.450388453900814 112640
1783660896654 5.436131779104471 114688
1783660897553 5.429107241332531 116736
1783660898491 5.416027303785086 118784
1783660899339 5.419195011258125 120832
1783660900345 5.420606147497892 122880
1783660901300 5.41368305310607 124928
1783660902151 5.4070437066257 126976
1783660903010 5.40040148049593 129024
1783660904014 5.389559887349606 131072
1783660904935 5.385581843554974 133120
1783660905816 5.381401784718037 135168
1783660906651 5.379259530454874 137216
1783660907715 5.398011118173599 139264
1783660908642 5.397229477763176 141312
1783660909610 5.403955906629562 143360
1783660910452 5.393912557512522 145408
1783660911257 5.3791193552315235 147456
1783660912188 5.368816487491131 149504
1783660913079 5.3558555245399475 151552
1783660913909 5.3483809269964695 153600
1783660914742 5.347654618322849 155648
1783660915624 5.353556741029024 157696
1783660916466 5.361112110316753 159744
1783660917314 5.3630691803991795 161792
1783660918404 5.364290092140436 163840
1783660919303 5.369338195770979 165888
1783660920154 5.362997580319643 167936
1783660921028 5.357990607619286 169984
1783660922012 5.362014815211296 172032
1783660922934 5.353536866605282 174080
1783660923759 5.337861813604832 176128
1783660924588 5.327341198921204 178176
1783660925474 5.329851899296045 180224
1783660926320 5.326662842184305 182272
1783660927180 5.320130955427885 184320
1783660928087 5.318196717649698 186368
1783660929041 5.31488985940814 188416
1783660930017 5.316511493176222 190464
1783660930923 5.313240509480238 192512
1783660931806 5.315032754093409 194560
1783660932656 5.303500767797232 196608
1783660933486 5.290525238960981 198656
1783660934369 5.295741766691208 200704
1783660935196 5.295042555779219 202752
1783660936101 5.296728882938623 204800
1783660937035 5.298302970826626 206848
1783660937887 5.296258524060249 208896
1783660938762 5.288926064968109 210944
1783660939673 5.273831572383642 212992
1783660940647 5.27207001298666 215040
1783660941557 5.276392914354801 217088
1783660942394 5.273024942725897 219136
1783660943328 5.2615394070744514 221184
1783660944268 5.264667693525553 223232
1783660945146 5.265024669468403 225280
1783660945965 5.2627690099179745 227328
1783660946812 5.261631801724434 229376
1783660947712 5.261053495109081 231424
1783660948574 5.268095761537552 233472
1783660949584 5.278316531330347 235520
1783660950690 5.268860351294279 237568
1783660951637 5.254754029214382 239616
1783660952557 5.255068253725767 241664
1783660953421 5.252220276743174 243712
1783660954291 5.2463673166930676 245760
1783660955204 5.250971581786871 247808
1783660956031 5.249386638402939 249856
1783660956987 5.245950892567635 251904
1783660957916 5.24592162668705 253952
1783660958834 5.245628945529461 256000
1783660959654 5.2474247589707375 258048
1783660960729 5.254236679524183 260096
1783660961790 5.254346303641796 262144
1783660962699 5.252872366458178 264192
1783660963551 5.261603429913521 266240
1783660964370 5.269657883793116 268288
1783660965242 5.269801430404186 270336
1783660966174 5.261935576796532 272384
1783660967235 5.254884995520115 274432
1783660968233 5.253250308334827 276480
1783660969271 5.251841228455305 278528
1783660970222 5.24833020567894 280576
1783660971144 5.245555683970451 282624
1783660972025 5.245790544897318 284672
1783660972940 5.246005836874247 286720
1783660973789 5.247167736291885 288768
1783660974727 5.257037792354822 290816
1783660975684 5.26777309179306 292864
1783660976698 5.266810465604067 294912
1783660977554 5.261281456798315 296960
1783660978450 5.24604307115078 299008
1783660979369 5.236903056502342 301056
1783660980328 5.224824607372284 303104
1783660981201 5.216704651713371 305152
1783660982191 5.2099984139204025 307200
1783660983154 5.2077724523842335 309248
1783660984125 5.2102470099925995 311296
1783660985116 5.213631849735975 313344
1783660986151 5.214698322117329 315392
1783660987186 5.214785113930702 317440
1783660988177 5.221254341304302 319488
1783660989178 5.221949692815542 321536
1783660990173 5.2226890809834 323584
1783660991092 5.228334605693817 325632
1783660992180 5.227276537567377 327680
1783660993158 5.223036762326956 329728
1783660994205 5.212632343173027 331776
1783660995250 5.209294714033604 333824
1783660996202 5.222882565110922 335872
1783660997215 5.233371879905462 337920
1783660998238 5.230327632278204 339968
1783660999169 5.23060717433691 342016
1783661000154 5.228090219199657 344064
1783661000996 5.226301908493042 346112
1783661001951 5.225497603416443 348160
1783661002955 5.226666867733002 350208
1783661003968 5.23805757984519 352256
1783661005063 5.2392895221710205 354304
1783661006011 5.235767457634211 356352
1783661006948 5.239691097289324 358400
1783661007886 5.242892097681761 360448
1783661008816 5.244095727801323 362496
1783661009722 5.247974090278149 364544
1783661010597 5.245714478194714 366592
1783661011552 5.245067734271288 368640
1783661012470 5.255487870424986 370688
1783661013428 5.259756360203028 372736
1783661014418 5.2656245194375515 374784
1783661015493 5.270560897886753 376832
1783661016505 5.270609259605408 378880
1783661017572 5.270974449813366 380928
1783661018661 5.272075854241848 382976
1783661019728 5.274300135672092 385024
1783661020718 5.27518804743886 387072
1783661021680 5.2767673172056675 389120
1783661022656 5.275132410228252 391168
1783661023636 5.270202059298754 393216
1783661024654 5.258993104100227 395264
1783661025691 5.2550201788544655 397312
1783661026793 5.256997164338827 399360
1783661027855 5.258270535618067 401408
1783661028866 5.259092226624489 403456
1783661029913 5.258152283728123 405504
1783661030935 5.247113466262817 407552
1783661031982 5.241992551833391 409600
1783661032923 5.252191212028265 411648
1783661033793 5.273396085947752 413696
1783661034778 5.27351014688611 415744
1783661035849 5.270999137312174 417792
1783661036894 5.270948939025402 419840
1783661037979 5.273457486182451 421888
1783661038948 5.273864112794399 423936
1783661039988 5.270843327045441 425984
1783661040959 5.268486462533474 428032
1783661041996 5.270128350704908 430080
1783661043035 5.271964229643345 432128
1783661044037 5.271200727671385 434176
1783661045160 5.264421474188566 436224
1783661046297 5.273697439581156 438272
1783661047302 5.290756497532129 440320
1783661048269 5.302745312452316 442368
1783661049201 5.316972982138395 444416
1783661050222 5.323789346963167 446464
1783661051353 5.323847070336342 448512
1783661052384 5.323568146675825 450560
1783661053425 5.320491701364517 452608
1783661054491 5.314398914575577 454656
1783661055430 5.314712058752775 456704
1783661056335 5.316082939505577 458752
1783661057279 5.31682713329792 460800
1783661058308 5.317252721637487 462848
1783661059400 5.320525970309973 464896
1783661060384 5.321996547281742 466944
1783661061376 5.320371877402067 468992
1783661062324 5.321545623242855 471040
1783661063276 5.322808802127838 473088
1783661064322 5.329923260957003 475136
1783661065379 5.336150955408812 477184
1783661066375 5.334902547299862 479232
1783661067447 5.334257606416941 481280
1783661068509 5.33686026930809 483328
1783661069604 5.337515044957399 485376
1783661070688 5.3389171957969666 487424
1783661071693 5.3418541848659515 489472
1783661072681 5.345293391495943 491520
1783661073738 5.352157022804022 493568
1783661074851 5.362044982612133 495616
1783661075917 5.363201681524515 497664
1783661077009 5.359954550862312 499712
1783661078033 5.360174752771854 501760
1783661079031 5.363691125065088 503808
1783661080168 5.3682413175702095 505856
1783661081303 5.377939086407423 507904
1783661082389 5.391046769917011 509952
1783661083574 5.390101101249456 512000
1783661084668 5.379280425608158 514048
1783661085667 5.357952106744051 516096
1783661086836 5.35237243771553 518144
1783661087933 5.3615115992724895 520192
1783661088881 5.357416309416294 522240
1783661089809 5.347916811704636 524288
1783661090912 5.347886271774769 526336
1783661091879 5.356201007962227 528384
1783661092946 5.358317982405424 530432
1783661093982 5.361199047416449 532480
1783661095059 5.35609683021903 534528
1783661096161 5.348433118313551 536576
1783661097190 5.3526491820812225 538624
1783661098252 5.351721655577421 540672
1783661099308 5.3405643329024315 542720
1783661100435 5.337035872042179 544768
1783661101555 5.338322076946497 546816
1783661102612 5.348035212606192 548864
1783661103578 5.361976344138384 550912
1783661104499 5.3644689954817295 552960
1783661105347 5.364465173333883 555008
1783661106378 5.365274656563997 557056
1783661107405 5.369650196284056 559104
1783661108427 5.371540866792202 561152
1783661109366 5.370346888899803 563200
1783661110247 5.366681806743145 565248
1783661111223 5.367955628782511 567296
1783661112364 5.371987219899893 569344
1783661113507 5.37442734837532 571392
1783661114569 5.3780804090201855 573440
1783661115577 5.379215732216835 575488
1783661116578 5.372974004596472 577536
1783661117564 5.3727377615869045 579584
1783661118498 5.372636489570141 581632
1783661119362 5.370066408067942 583680
1783661120341 5.380508776754141 585728
1783661121347 5.382903221994638 587776
1783661122340 5.378770008683205 589824
1783661123300 5.375457588583231 591872
1783661124151 5.377625584602356 593920
1783661124988 5.378098737448454 595968
1783661126005 5.379149612039328 598016
1783661126969 5.375189993530512 600064
1783661127898 5.3671147264540195 602112
1783661128749 5.361135210841894 604160
1783661129746 5.363006595522165 606208
1783661130710 5.36469454690814 608256
1783661131674 5.36563878506422 610304
1783661132644 5.363315273076296 612352
1783661133520 5.366208236664534 614400
1783661134391 5.3646933399140835 616448
1783661135446 5.363500684499741 618496
1783661136510 5.361105438321829 620544
1783661137613 5.352264527231455 622592
1783661138633 5.351490128785372 624640
1783661139636 5.36100172996521 626688
1783661140612 5.3744764886796474 628736
1783661141572 5.387374196201563 630784
1783661142452 5.390778813511133 632832
1783661143439 5.391547210514545 634880
1783661144591 5.391565591096878 636928
1783661145622 5.395322799682617 638976
1783661146626 5.393935859203339 641024
1783661147638 5.387251913547516 643072
1783661148614 5.386740505695343 645120
1783661149538 5.3794025257229805 647168
1783661150387 5.3787469528615475 649216
1783661151309 5.38022418320179 651264
1783661152392 5.38923466950655 653312
1783661153452 5.3928832076489925 655360
1783661154487 5.394170768558979 657408
1783661155468 5.3966806046664715 659456
1783661156396 5.403833203017712 661504
1783661157267 5.394886735826731 663552
1783661158233 5.396391779184341 665600
1783661159293 5.401577778160572 667648
1783661160267 5.401326552033424 669696
1783661161226 5.405206318944693 671744
1783661162086 5.414361249655485 673792
1783661163051 5.423686224967241 675840
1783661164025 5.424793794751167 677888
1783661164993 5.424243923276663 679936
1783661165935 5.419830288738012 681984
1783661166862 5.426690120249987 684032
1783661167868 5.424293991178274 686080
1783661168894 5.4285262785851955 688128
1783661169924 5.438620954751968 690176
1783661170836 5.442114450037479 692224
1783661171748 5.442437391728163 694272
1783661172604 5.443432118743658 696320
1783661173586 5.443941622972488 698368
1783661174593 5.442161738872528 700416
1783661175592 5.4494712725281715 702464
1783661176475 5.4539701491594315 704512
1783661177354 5.446982309222221 706560
1783661178203 5.447071794420481 708608
1783661179124 5.445588011294603 710656
1783661180100 5.448623888194561 712704
1783661181090 5.43483093008399 714752
1783661182005 5.440956890583038 716800
1783661182834 5.454904202371836 718848
1783661183766 5.46358197927475 720896
1783661184705 5.463896751403809 722944
1783661185654 5.476362381130457 724992
1783661186524 5.499015733599663 727040
1783661187378 5.502318263053894 729088
1783661188254 5.501824151724577 731136
1783661189175 5.50268379971385 733184
1783661190037 5.502267882227898 735232
1783661191007 5.504716966301203 737280
1783661192116 5.5234599635005 739328
1783661193132 5.530541516840458 741376
1783661194065 5.531394638121128 743424
1783661195010 5.5320960357785225 745472
1783661195843 5.53622505068779 747520
1783661196851 5.5451917834579945 749568
1783661197936 5.555517576634884 751616
1783661199039 5.5736054591834545 753664
1783661200071 5.577735438942909 755712
1783661201013 5.580200217664242 757760
1783661201970 5.588289234787226 759808
1783661202858 5.598591234534979 761856
1783661203707 5.6084801480174065 763904
1783661204629 5.618039850145578 765952
1783661205525 5.6193261332809925 768000
1783661206434 5.614301364868879 770048
1783661207273 5.626478210091591 772096
1783661208255 5.620223790407181 774144
1783661209181 5.6070715337991714 776192
1783661210133 5.597791984677315 778240
1783661210982 5.589882869273424 780288
1783661211926 5.590588368475437 782336
1783661212924 5.590910881757736 784384
1783661213850 5.5908418744802475 786432
1783661214760 5.597914259880781 788480
1783661215601 5.617142770439386 790528
1783661216577 5.624109085649252 792576
1783661217580 5.624727465212345 794624
1783661218541 5.623281892389059 796672
1783661219520 5.630245316773653 798720
1783661220436 5.636776875704527 800768
1783661221334 5.654726251959801 802816
1783661222282 5.672254491597414 804864
1783661223274 5.675613857805729 806912
1783661224244 5.675738770514727 808960
1783661225168 5.688594609498978 811008
1783661226005 5.699222963303328 813056
1783661227010 5.695939000695944 815104
1783661228044 5.705305807292461 817152
1783661228991 5.712342318147421 819200
1783661229884 5.712172094732523 821248
1783661230728 5.710969731211662 823296
1783661231627 5.714629340916872 825344
1783661232561 5.72533942013979 827392
1783661233394 5.739084977656603 829440
1783661234321 5.740517307072878 831488
1783661235219 5.733193390071392 833536
1783661236170 5.725142311304808 835584
1783661237090 5.726950719952583 837632
1783661237918 5.727044720202684 839680
1783661238831 5.740723129361868 841728
1783661239766 5.746530547738075 843776
1783661240682 5.752200189977884 845824
1783661241527 5.754487432539463 847872
1783661242444 5.752823248505592 849920
1783661243419 5.748782075941563 851968
1783661244337 5.748132344335318 854016
1783661245240 5.746131986379623 856064
1783661246055 5.752478174865246 858112
1783661246980 5.754438802599907 860160
1783661247899 5.761635988950729 862208
1783661248770 5.764159515500069 864256
1783661249591 5.772258348762989 866304
1783661250487 5.780390251427889 868352
1783661251420 5.779123395681381 870400
1783661252311 5.77818538621068 872448
1783661253211 5.7830687910318375 874496
1783661254184 5.7855810187757015 876544
1783661255169 5.783593483269215 878592
1783661256115 5.78066736087203 880640
1783661256975 5.788694590330124 882688
1783661257865 5.7951849810779095 884736
1783661258738 5.799767836928368 886784
1783661259721 5.836003929376602 888832
1783661260647 5.879238236695528 890880
1783661261512 5.882495440542698 892928
1783661262524 5.881773002445698 894976
1783661263459 5.882435858249664 897024
1783661264414 5.883597657084465 899072
1783661265300 5.881618108600378 901120
1783661266173 5.881623264402151 903168
1783661267133 5.884959887713194 905216
1783661268172 5.882851526141167 907264
1783661269132 5.885614179074764 909312
1783661269992 5.8925166092813015 911360
1783661270921 5.900410186499357 913408
1783661271950 5.902333706617355 915456
1783661272972 5.909878812730312 917504
1783661274020 5.930769890546799 919552
1783661275017 5.954098284244537 921600
1783661275994 5.9523994997143745 923648
1783661276935 5.94863386079669 925696
1783661277817 5.9413755387067795 927744
1783661278644 5.942116525024176 929792
1783661279577 5.948448412120342 931840
1783661280468 5.949615184217691 933888
1783661281370 5.94781131669879 935936
1783661282249 5.943833973258734 937984
1783661283213 5.94156002253294 940032
1783661284186 5.932177744805813 942080
1783661285140 5.935650538653135 944128
1783661285995 5.937102988362312 946176
1783661286889 5.937076013535261 948224
1783661287755 5.937902204692364 950272
1783661288672 5.9366941303014755 952320
1783661289515 5.922518603503704 954368
1783661290553 5.926069181412458 956416
1783661291645 5.92555021494627 958464
1783661292605 5.918685138225555 960512
1783661293575 5.898221530020237 962560
1783661294469 5.895026735961437 964608
1783661295300 5.891092259436846 966656
1783661296209 5.889611084014177 968704
1783661297241 5.8945129588246346 970752
1783661298175 5.896488461643457 972800
1783661299027 5.895772349089384 974848
1783661299878 5.89277882874012 976896
1783661300805 5.888082806020975 978944
1783661301739 5.873271804302931 980992
1783661302641 5.861475273966789 983040
1783661303450 5.867378372699022 985088
1783661304379 5.87980754673481 987136
1783661305304 5.892937410622835 989184
1783661306173 5.8830548375844955 991232
1783661306992 5.886423170566559 993280
1783661307906 5.907281193882227 995328
1783661308841 5.92157194390893 997376
1783661309765 5.921473186463118 999424
1783661310117 5.920880754788716 1000000
