1783660845670 0.006055141479009762 2048
1783660846807 0.0036615928111132234 4096
1783660847795 0.004211457824567333 6144
1783660848724 0.007554163195891306 8192
1783660849633 0.007258986122906208 10240
1783660850460 0.007363780547166243 12288
1783660851390 0.016791656584246084 14336
1783660852387 0.009373104956466705 16384
1783660853346 0.009506066533504054 18432
1783660854311 0.026690410857554525 20480
1783660855145 0.007780914107570425 22528
1783660856045 0.010675183933926746 24576
1783660856998 0.0031743433501105756 26624
1783660857874 0.007781885942677036 28672
1783660858760 0.004113336326554418 30720
1783660859686 0.016412688011769205 32768
1783660860647 0.02451793401269242 34816
1783660861589 0.013041718193562701 36864
1783660862450 0.0053464468801394105 38912
1783660863384 0.014480912999715656 40960
1783660864333 0.006288110074819997 43008
1783660865276 0.016028134647058323 45056
1783660866111 0.008819651266094297 47104
1783660867059 0.0202153027348686 49152
1783660868013 0.00856245041359216 51200
1783660869054 0.011930318170925602 53248
1783660869946 0.006763394951121882 55296
1783660870817 0.010831095452886075 57344
1783660871720 0.00989872741047293 59392
1783660872614 0.005035375594161451 61440
1783660873446 0.008091268187854439 63488
1783660874517 0.008130360511131585 65536
1783660875582 0.009969421982532367 67584
1783660876555 0.01094248375738971 69632
1783660877420 0.0124188452900853 71680
1783660878241 0.007357174821663648 73728
1783660879118 0.004416515905177221 75776
1783660880083 0.00862820923794061 77824
1783660880930 0.0038432164292316884 79872
1783660881939 0.006488953746156767 81920
1783660882892 0.005589268141193315 83968
1783660883799 0.008475977228954434 86016
1783660884667 0.009004423016449437 88064
1783660885538 0.012326476979069412 90112
1783660886530 0.005532387207495049 92160
1783660887532 0.005593423586105928 94208
1783660888489 0.008380862564081326 96256
1783660889349 0.009466967079788446 98304
1783660890186 0.009814763121539727 100352
1783660891169 0.00727208616444841 102400
1783660892044 0.009737207321450114 104448
1783660892890 0.005795333912828937 106496
1783660893858 0.008044796151807532 108544
1783660894797 0.006748103187419474 110592
1783660895766 0.004066696565132588 112640
1783660896654 0.009453331818804145 114688
1783660897553 0.006478651746874675 116736
1783660898491 0.00984333542874083 118784
1783660899339 0.0058558562595862895 120832
1783660900345 0.0077658460941165686 122880
1783660901300 0.007151219935622066 124928
1783660902151 0.012307626660913229 126976
1783660903010 0.008476513612549752 129024
1783660904014 0.011506584647577256 131072
1783660904935 0.006313382094958797 133120
1783660905816 0.004852631478570402 135168
1783660906651 0.014087291405303404 137216
1783660907715 0.007680406823055819 139264
1783660908642 0.005685938289389014 141312
1783660909610 0.010768128238851205 143360
1783660910452 0.010426768683828413 145408
1783660911257 0.008338273997651413 147456
1783660912188 0.0053180081595201045 149504
1783660913079 0.00978933705482632 151552
1783660913909 0.008033533726120368 153600
1783660914742 0.005979033332550898 155648
1783660915624 0.004901176609564573 157696
1783660916466 -0.0014412028540391475 159744
1783660917314 0.004326442372985184 161792
1783660918404 0.0035096994834020734 163840
1783660919303 0.012226105434820056 165888
1783660920154 0.011098519375082105 167936
1783660921028 0.008509263658197597 169984
1783660922012 0.0018124752095900476 172032
1783660922934 0.008575959131121635 174080
1783660923759 0.00999133926234208 176128
1783660924588 0.013191604433814064 178176
1783660925474 0.0024796511279419065 180224
1783660926320 0.009638443996664137 182272
1783660927180 0.005361923802411184 184320
1783660928087 0.0029331093828659505 186368
1783660929041 0.00929918116889894 188416
1783660930017 0.006701595353661105 190464
1783660930923 0.009899092052364722 192512
1783660931806 0.009758386353496462 194560
1783660932656 0.015373446163721383 196608
1783660933486 0.01178427302511409 198656
1783660934369 0.00555663148406893 200704
1783660935196 0.007515326695283875 202752
1783660936101 0.005889281746931374 204800
1783660937035 0.011090461281128228 206848
1783660937887 0.009923174045979977 208896
1783660938762 0.01414205160108395 210944
1783660939673 0.0019790618389379233 212992
1783660940647 0.010712251329096034 215040
1783660941557 0.005739360727602616 217088
1783660942394 0.008522654708940536 219136
1783660943328 0.01243480810080655 221184
1783660944268 0.014148531743558124 223232
1783660945146 0.00956333865178749 225280
1783660945965 0.0058926219353452325 227328
1783660946812 0.004215265071252361 229376
1783660947712 0.007844575215131044 231424
1783660948574 0.007759747502859682 233472
1783660949584 0.004257831024006009 235520
1783660950690 0.01737358869286254 237568
1783660951637 0.008254569838754833 239616
1783660952557 0.007507070200517774 241664
1783660953421 0.013873291201889515 243712
1783660954291 0.0032238273124676198 245760
1783660955204 0.008810777304461226 247808
1783660956031 0.01125468238024041 249856
1783660956987 0.006682059698505327 251904
1783660957916 0.004863834445131943 253952
1783660958834 0.004163720092037693 256000
1783660959654 0.006355906225508079 258048
1783660960729 0.010523668432142586 260096
1783660961790 0.013782598573016003 262144
1783660962699 0.007925073732621968 264192
1783660963551 0.008885290881153196 266240
1783660964370 0.0063009401492308825 268288
1783660965242 0.004151517990976572 270336
1783660966174 0.008445304702036083 272384
1783660967235 0.01178318410529755 274432
1783660968233 0.012100833264412358 276480
1783660969271 0.010137993551325053 278528
1783660970222 0.007196667051175609 280576
1783660971144 0.008952662406954914 282624
1783660972025 0.0025246376753784716 284672
1783660972940 0.004434438422322273 286720
1783660973789 0.00594039517454803 288768
1783660974727 0.009558493067743257 290816
1783660975684 0.011480151762953028 292864
1783660976698 0.011660679650958627 294912
1783660977554 0.009710550424642861 296960
1783660978450 0.011043650651117787 299008
1783660979369 0.009937286493368447 301056
1783660980328 0.01177096861647442 303104
1783660981201 0.016273831948637962 305152
1783660982191 0.01276235026307404 307200
1783660983154 0.006150550092570484 309248
1783660984125 0.001235966308740899 311296
1783660985116 0.004447871819138527 313344
1783660986151 0.006344225577777252 315392
1783660987186 0.006506554258521646 317440
1783660988177 0.004421283461851999 319488
1783660989178 0.012059142289217561 321536
1783660990173 0.013664612837601453 323584
1783660991092 0.010999321093549952 325632
1783660992180 0.007858816301450133 327680
1783660993158 0.019446795689873397 329728
1783660994205 0.016855700727319345 331776
1783660995250 0.013757217791862786 333824
1783660996202 0.013341306621441618 335872
1783660997215 0.008578117500292137 337920
1783660998238 0.002982924022944644 339968
1783660999169 0.008651770185679197 342016
1783661000154 0.01099114990211092 344064
1783661000996 0.004057789075886831 346112
1783661001951 0.0117671714106109 348160
1783661002955 0.006670616188785061 350208
1783661003968 0.00943300942890346 352256
1783661005063 0.015205815550871193 354304
1783661006011 0.007340898446273059 356352
1783661006948 0.006403398991096765 358400
1783661007886 0.004778734321007505 360448
1783661008816 0.0044694206735584885 362496
1783661009722 0.008676392579218373 364544
1783661010597 0.013860792358173057 366592
1783661011552 0.009875945776002482 368640
1783661012470 0.021816954395035282 370688
1783661013428 0.012655110185733065 372736
1783661014418 0.008817693771561608 374784
1783661015493 0.012758584489347413 376832
1783661016505 0.0075071572791785 378880
1783661017572 0.0032556719379499555 380928
1783661018661 0.008784244564594701 382976
1783661019728 0.011792954232078046 385024
1783661020718 0.010687135014450178 387072
1783661021680 0.0071946152311284095 389120
1783661022656 0.006294740625889972 391168
1783661023636 0.004207439837045968 393216
1783661024654 0.012316162028582767 395264
1783661025691 0.006580501009011641 397312
1783661026793 0.012395557074341923 399360
1783661027855 0.008241782226832584 401408
1783661028866 0.005972697224933654 403456
1783661029913 0.010557261324720457 405504
1783661030935 0.028233416116563603 407552
1783661031982 0.011030610563466325 409600
1783661032923 0.013830813142703846 411648
1783661033793 0.009317516902228817 413696
1783661034778 0.003097015665844083 415744
1783661035849 0.016668424679664895 417792
1783661036894 0.004605153430020437 419840
1783661037979 0.004198617330985144 421888
1783661038948 0.005455142789287493 423936
1783661039988 0.004834119899896905 425984
1783661040959 0.005041997821535915 428032
1783661041996 0.0031631897727493197 430080
1783661043035 0.004501434974372387 432128
1783661044037 0.006903701811097562 434176
1783661045160 0.02392609213711694 436224
1783661046297 0.03113984235096723 438272
1783661047302 0.022387384378816932 440320
1783661048269 0.014019883266882971 442368
1783661049201 0.017684134567389265 444416
1783661050222 0.0086453108524438 446464
1783661051353 0.007356081710895523 448512
1783661052384 0.009280885220505297 450560
1783661053425 0.008908874006010592 452608
1783661054491 0.013111478125210851 454656
1783661055430 0.0035495545307639986 456704
1783661056335 0.003985093935625628 458752
1783661057279 0.003257011849200353 460800
1783661058308 0.00846703108982183 462848
1783661059400 0.0033031734346877784 464896
1783661060384 0.0039747776463627815 466944
1783661061376 0.0015527625218965113 468992
1783661062324 0.0051913909264840186 471040
1783661063276 0.004585203918395564 473088
1783661064322 0.019959242752520368 475136
1783661065379 0.012333049875451252 477184
1783661066375 0.009232445096131414 479232
1783661067447 0.0028229522285982966 481280
1783661068509 0.012285054748645052 483328
1783661069604 0.003715466969879344 485376
1783661070688 0.006105616106651723 487424
1783661071693 0.011681574018439278 489472
1783661072681 0.007160281093092635 491520
1783661073738 0.015745815384434536 493568
1783661074851 0.01517020387109369 495616
1783661075917 0.014158713514916599 497664
1783661077009 0.008200042648240924 499712
1783661078033 0.008193281741114333 501760
1783661079031 0.010042709502158687 503808
1783661080168 0.0072680998127907515 505856
1783661081303 0.015223309368593618 507904
1783661082389 0.008457457443000749 509952
1783661083574 0.005895676527870819 512000
1783661084668 0.01853560912422836 514048
1783661085667 0.019132680055918172 516096
1783661086836 0.01307146970066242 518144
1783661087933 0.0066026278072968125 520192
1783661088881 0.014191856287652627 522240
1783661089809 0.01831884781131521 524288
1783661090912 0.01822332336450927 526336
1783661091879 0.011168793367687613 528384
1783661092946 0.01138294072006829 530432
1783661093982 0.014992255921242759 532480
1783661095059 0.006692207476589829 534528
1783661096161 0.01366892919759266 536576
1783661097190 0.008383910317206755 538624
1783661098252 0.011045888357330114 540672
1783661099308 0.01108859182568267 542720
1783661100435 0.003438793937675655 544768
1783661101555 0.011546734138391912 546816
1783661102612 0.020225808693794534 548864
1783661103578 0.006453121080994606 550912
1783661104499 0.004240894515533 552960
1783661105347 0.01308707578573376 555008
1783661106378 0.006772744207410142 557056
1783661107405 0.013921706267865375 559104
1783661108427 0.01129254198167473 561152
1783661109366 0.00437892519403249 563200
1783661110247 0.00300351221812889 565248
1783661111223 0.006666724832030013 567296
1783661112364 0.008371335250558332 569344
1783661113507 0.00651253922842443 571392
1783661114569 0.005136598949320614 573440
1783661115577 0.005319541844073683 575488
1783661116578 0.012824163772165775 577536
1783661117564 0.014387779810931534 579584
1783661118498 0.009081806725589558 581632
1783661119362 0.007575023191748187 583680
1783661120341 0.013406713143922389 585728
1783661121347 0.012325618619797751 587776
1783661122340 0.018459757993696257 589824
1783661123300 0.01760615562670864 591872
1783661124151 0.0075257075659465045 593920
1783661124988 0.00885618940810673 595968
1783661126005 0.0042326803668402135 598016
1783661126969 0.02353365730959922 600064
1783661127898 0.013516437233192846 602112
1783661128749 0.019139296346111223 604160
1783661129746 0.014240087184589356 606208
1783661130710 0.010113579250173643 608256
1783661131674 0.006074132048524916 610304
1783661132644 0.008990316127892584 612352
1783661133520 0.008155354269547388 614400
1783661134391 0.013567444868385792 616448
1783661135446 0.016732963704271242 618496
1783661136510 0.01636209775460884 620544
1783661137613 0.010572560364380479 622592
1783661138633 0.005505755718331784 624640
1783661139636 0.022305953170871362 626688
1783661140612 0.012894563580630347 628736
1783661141572 0.003277544368756935 630784
1783661142452 0.00475469435332343 632832
1783661143439 0.006585587601875886 634880
1783661144591 0.007698904606513679 636928
1783661145622 0.006536918925121427 638976
1783661146626 0.011061494617024437 641024
1783661147638 0.02068669651634991 643072
1783661148614 0.016684524511219934 645120
1783661149538 0.018734381184913218 647168
1783661150387 0.00308190452051349 649216
1783661151309 0.01655646227300167 651264
1783661152392 0.009436214982997626 653312
1783661153452 0.005941398732829839 655360
1783661154487 0.005353807122446597 657408
1783661155468 0.02084821293829009 659456
1783661156396 0.02097526515717618 661504
1783661157267 0.016060922673204914 663552
1783661158233 0.017749716818798333 665600
1783661159293 0.012695649405941367 667648
1783661160267 0.009869359462754801 669696
1783661161226 0.012755051371641457 671744
1783661162086 0.012145164335379377 673792
1783661163051 0.012307742959819734 675840
1783661164025 0.007371279294602573 677888
1783661164993 0.009669966966612265 679936
1783661165935 0.012917660002131015 681984
1783661166862 0.012513359426520765 684032
1783661167868 0.013864433916751295 686080
1783661168894 0.015585907152853906 688128
1783661169924 0.013180633628508076 690176
1783661170836 0.014097861130721867 692224
1783661171748 0.011463445436675102 694272
1783661172604 0.009708748140837997 696320
1783661173586 0.007453558471752331 698368
1783661174593 0.009441331611014903 700416
1783661175592 0.01638342984369956 702464
1783661176475 0.015202457550913095 704512
1783661177354 0.00992945526377298 706560
1783661178203 0.00816430858685635 708608
1783661179124 0.014800189208472148 710656
1783661180100 0.013187003729399294 712704
1783661181090 0.019115575560135767 714752
1783661182005 0.016562797216465697 716800
1783661182834 0.010742511454736814 718848
1783661183766 0.00826343015069142 720896
1783661184705 0.005936789384577423 722944
1783661185654 0.008445576357189566 724992
1783661186524 0.006616437807679176 727040
1783661187378 0.002204314572736621 729088
1783661188254 0.0026033153408207 731136
1783661189175 0.007646660989848897 733184
1783661190037 0.004651146387914196 735232
1783661191007 0.00771746804821305 737280
1783661192116 0.018182792176958174 739328
1783661193132 0.011792077566497028 741376
1783661194065 0.011701961950166151 743424
1783661195010 0.007038370298687369 745472
1783661195843 0.013698546594241634 747520
1783661196851 0.009415863722097129 749568
1783661197936 0.013276005542138591 751616
1783661199039 0.01255098741967231 753664
1783661200071 0.01598942038253881 755712
1783661201013 0.009307814238127321 757760
1783661201970 0.008006012853002176 759808
1783661202858 0.015746034390758723 761856
1783661203707 0.010954614175716415 763904
1783661204629 0.01307152325171046 765952
1783661205525 0.015706935519119725 768000
1783661206434 0.013567348738433793 770048
1783661207273 0.007964196003740653 772096
1783661208255 0.00958489830372855 774144
1783661209181 0.006008986645611003 776192
1783661210133 0.01602498907595873 778240
1783661210982 0.005676643399056047 780288
1783661211926 0.003422584297368303 782336
1783661212924 0.001634126267163083 784384
1783661213850 0.005055712448665872 786432
1783661214760 0.015450645907549188 788480
1783661215601 0.012243491073604673 790528
1783661216577 0.006081187952077016 792576
1783661217580 0.008005198207683861 794624
1783661218541 0.009344138554297388 796672
1783661219520 0.008336965722264722 798720
1783661220436 0.008162800077116117 800768
1783661221334 0.01559212594293058 802816
1783661222282 0.01159029096015729 804864
1783661223274 0.011018075339961797 806912
1783661224244 0.009282506391173229 808960
1783661225168 0.01807769003789872 811008
1783661226005 0.014728166162967682 813056
1783661227010 0.008050914388149977 815104
1783661228044 0.00503900513285771 817152
1783661228991 0.0051930592162534595 819200
1783661229884 0.005016920767957345 821248
1783661230728 0.007553397445008159 823296
1783661231627 0.009642569260904565 825344
1783661232561 0.00878591398941353 827392
1783661233394 0.01653449606965296 829440
1783661234321 0.012358265259535983 831488
1783661235219 0.016134849953232333 833536
1783661236170 0.009840258135227486 835584
1783661237090 0.009497072343947366 837632
1783661237918 0.007840678415959701 839680
1783661238831 0.013796976301819086 841728
1783661239766 0.004547676362562925 843776
1783661240682 0.01491104019805789 845824
1783661241527 0.004457948409253731 847872
1783661242444 0.014704234839882702 849920
1783661243419 0.013465522119076923 851968
1783661244337 0.011689891543937847 854016
1783661245240 0.00792013038881123 856064
1783661246055 0.009392517793457955 858112
1783661246980 0.010556811961578205 860160
1783661247899 0.013693021290237084 862208
1783661248770 0.012189010187285021 864256
1783661249591 0.00911168204038404 866304
1783661250487 0.005719346518162638 868352
1783661251420 0.015529007912846282 870400
1783661252311 0.0071508901892229915 872448
1783661253211 0.0011894523340743035 874496
1783661254184 0.004397216747747734 876544
1783661255169 0.007784734130837023 878592
1783661256115 0.0077204855042509735 880640
1783661256975 0.01351887293276377 882688
1783661257865 0.005678469955455512 884736
1783661258738 0.009606622625142336 886784
1783661259721 0.02479712534113787 888832
1783661260647 0.011246384441619739 890880
1783661261512 0.013747458084253594 892928
1783661262524 0.011996653804089874 894976
1783661263459 0.011318706296151504 897024
1783661264414 0.003472454351140186 899072
1783661265300 0.010086743393912911 901120
1783661266173 0.012572187522891909 903168
1783661267133 0.009401429066201672 905216
1783661268172 0.008736390678677708 907264
1783661269132 0.012133715994423255 909312
1783661269992 0.008105719200102612 911360
1783661270921 0.008435920521151274 913408
1783661271950 0.005232856376096606 915456
1783661272972 0.00721272369264625 917504
1783661274020 0.0181202924286481 919552
1783661275017 0.02059636454214342 921600
1783661275994 0.006935603654710576 923648
1783661276935 0.012480173609219491 925696
1783661277817 0.01796909313998185 927744
1783661278644 0.006347059621475637 929792
1783661279577 0.006943462591152638 931840
1783661280468 0.014068818534724414 933888
1783661281370 0.007892827736213803 935936
1783661282249 0.003543343220371753 937984
1783661283213 0.007517055462813005 940032
1783661284186 0.008692355622770265 942080
1783661285140 0.00551139801973477 944128
1783661285995 0.005363280448364094 946176
1783661286889 0.016743551677791402 948224
1783661287755 0.007233018142869696 950272
1783661288672 0.012401600542943925 952320
1783661289515 0.010554862208664417 954368
1783661290553 0.007884847116656601 956416
1783661291645 0.004373332893010229 958464
1783661292605 0.01121323462575674 960512
1783661293575 0.015650517685571685 962560
1783661294469 0.016802106256363913 964608
1783661295300 0.014753019000636414 966656
1783661296209 0.013213915430242196 968704
1783661297241 0.005795649980427697 970752
1783661298175 0.010301864705979824 972800
1783661299027 0.0012349028838798404 974848
1783661299878 0.011358726682374254 976896
1783661300805 0.00835184400784783 978944
1783661301739 0.012899116409244016 980992
1783661302641 0.013140329450834543 983040
1783661303450 0.009306468593422323 985088
1783661304379 0.009891291061649099 987136
1783661305304 0.017070608271751553 989184
1783661306173 0.004932636133162305 991232
1783661306992 0.018765695072943345 993280
1783661307906 0.008853702311171219 995328
1783661308841 0.005645143741276115 997376
1783661309765 0.002055528457276523 999424
1783661310117 0.0008599191076225705 1000000
