1783660845670 0.2 2048
1783660846807 0.1 4096
1783660847795 0.05 6144
1783660848724 0.05 8192
1783660849633 0.05 10240
1783660850460 0.05 12288
1783660851390 0.05 14336
1783660852387 0.05 16384
1783660853346 0.05 18432
1783660854311 0.07500000000000001 20480
1783660855145 0.07500000000000001 22528
1783660856045 0.07500000000000001 24576
1783660856998 0.037500000000000006 26624
1783660857874 0.037500000000000006 28672
1783660858760 0.018750000000000003 30720
1783660859686 0.018750000000000003 32768
1783660860647 0.028125000000000004 34816
1783660861589 0.028125000000000004 36864
1783660862450 0.028125000000000004 38912
1783660863384 0.028125000000000004 40960
1783660864333 0.028125000000000004 43008
1783660865276 0.028125000000000004 45056
1783660866111 0.028125000000000004 47104
1783660867059 0.0421875 49152
1783660868013 0.0421875 51200
1783660869054 0.0421875 53248
1783660869946 0.0421875 55296
1783660870817 0.0421875 57344
1783660871720 0.0421875 59392
1783660872614 0.0421875 61440
1783660873446 0.0421875 63488
1783660874517 0.0421875 65536
1783660875582 0.0421875 67584
1783660876555 0.0421875 69632
1783660877420 0.0421875 71680
1783660878241 0.0421875 73728
1783660879118 0.02109375 75776
1783660880083 0.02109375 77824
1783660880930 0.010546875 79872
1783660881939 0.010546875 81920
1783660882892 0.010546875 83968
1783660883799 0.010546875 86016
1783660884667 0.010546875 88064
1783660885538 0.010546875 90112
1783660886530 0.010546875 92160
1783660887532 0.010546875 94208
1783660888489 0.010546875 96256
1783660889349 0.010546875 98304
1783660890186 0.010546875 100352
1783660891169 0.010546875 102400
1783660892044 0.010546875 104448
1783660892890 0.010546875 106496
1783660893858 0.010546875 108544
1783660894797 0.010546875 110592
1783660895766 0.0052734375 112640
1783660896654 0.0052734375 114688
1783660897553 0.0052734375 116736
1783660898491 0.0052734375 118784
1783660899339 0.0052734375 120832
1783660900345 0.0052734375 122880
1783660901300 0.0052734375 124928
1783660902151 0.0052734375 126976
1783660903010 0.0052734375 129024
1783660904014 0.0052734375 131072
1783660904935 0.0052734375 133120
1783660905816 0.00263671875 135168
1783660906651 0.00263671875 137216
1783660907715 0.00263671875 139264
1783660908642 0.00263671875 141312
1783660909610 0.00263671875 143360
1783660910452 0.00263671875 145408
1783660911257 0.00263671875 147456
1783660912188 0.00263671875 149504
1783660913079 0.00263671875 151552
1783660913909 0.00263671875 153600
1783660914742 0.00263671875 155648
1783660915624 0.001318359375 157696
1783660916466 0.0006591796875 159744
1783660917314 0.00032958984375 161792
1783660918404 0.000164794921875 163840
1783660919303 0.000164794921875 165888
1783660920154 0.000164794921875 167936
1783660921028 0.000164794921875 169984
1783660922012 8.23974609375e-05 172032
1783660922934 8.23974609375e-05 174080
1783660923759 8.23974609375e-05 176128
1783660924588 8.23974609375e-05 178176
1783660925474 4.119873046875e-05 180224
1783660926320 4.119873046875e-05 182272
1783660927180 4.119873046875e-05 184320
1783660928087 2.0599365234375e-05 186368
1783660929041 2.0599365234375e-05 188416
1783660930017 2.0599365234375e-05 190464
1783660930923 2.0599365234375e-05 192512
1783660931806 2.0599365234375e-05 194560
1783660932656 2.0599365234375e-05 196608
1783660933486 2.0599365234375e-05 198656
1783660934369 2.0599365234375e-05 200704
1783660935196 2.0599365234375e-05 202752
1783660936101 2.0599365234375e-05 204800
1783660937035 2.0599365234375e-05 206848
1783660937887 2.0599365234375e-05 208896
1783660938762 2.0599365234375e-05 210944
1783660939673 1.02996826171875e-05 212992
1783660940647 1.02996826171875e-05 215040
1783660941557 1.02996826171875e-05 217088
1783660942394 1.02996826171875e-05 219136
1783660943328 1.02996826171875e-05 221184
1783660944268 1.02996826171875e-05 223232
1783660945146 1.02996826171875e-05 225280
1783660945965 1.02996826171875e-05 227328
1783660946812 5.14984130859375e-06 229376
1783660947712 5.14984130859375e-06 231424
1783660948574 5.14984130859375e-06 233472
1783660949584 2.574920654296875e-06 235520
1783660950690 2.574920654296875e-06 237568
1783660951637 2.574920654296875e-06 239616
1783660952557 2.574920654296875e-06 241664
1783660953421 2.574920654296875e-06 243712
1783660954291 1.2874603271484376e-06 245760
1783660955204 1.2874603271484376e-06 247808
1783660956031 1.2874603271484376e-06 249856
1783660956987 1.2874603271484376e-06 251904
1783660957916 6.437301635742188e-07 253952
1783660958834 3.218650817871094e-07 256000
1783660959654 3.218650817871094e-07 258048
1783660960729 3.218650817871094e-07 260096
1783660961790 3.218650817871094e-07 262144
1783660962699 3.218650817871094e-07 264192
1783660963551 3.218650817871094e-07 266240
1783660964370 3.218650817871094e-07 268288
1783660965242 1.609325408935547e-07 270336
1783660966174 1.609325408935547e-07 272384
1783660967235 1.609325408935547e-07 274432
1783660968233 1.609325408935547e-07 276480
1783660969271 1.609325408935547e-07 278528
1783660970222 1.609325408935547e-07 280576
1783660971144 1.609325408935547e-07 282624
1783660972025 8.046627044677735e-08 284672
1783660972940 4.0233135223388675e-08 286720
1783660973789 4.0233135223388675e-08 288768
1783660974727 4.0233135223388675e-08 290816
1783660975684 4.0233135223388675e-08 292864
1783660976698 4.0233135223388675e-08 294912
1783660977554 4.0233135223388675e-08 296960
1783660978450 4.0233135223388675e-08 299008
1783660979369 4.0233135223388675e-08 301056
1783660980328 4.0233135223388675e-08 303104
1783660981201 4.0233135223388675e-08 305152
1783660982191 4.0233135223388675e-08 307200
1783660983154 4.0233135223388675e-08 309248
1783660984125 2.0116567611694337e-08 311296
1783660985116 1.0058283805847169e-08 313344
1783660986151 1.0058283805847169e-08 315392
1783660987186 1.0058283805847169e-08 317440
1783660988177 5.029141902923584e-09 319488
1783660989178 5.029141902923584e-09 321536
1783660990173 5.029141902923584e-09 323584
1783660991092 5.029141902923584e-09 325632
1783660992180 5.029141902923584e-09 327680
1783660993158 5.029141902923584e-09 329728
1783660994205 5.029141902923584e-09 331776
1783660995250 5.029141902923584e-09 333824
1783660996202 5.029141902923584e-09 335872
1783660997215 5.029141902923584e-09 337920
1783660998238 2.514570951461792e-09 339968
1783660999169 2.514570951461792e-09 342016
1783661000154 2.514570951461792e-09 344064
1783661000996 1.257285475730896e-09 346112
1783661001951 1.257285475730896e-09 348160
1783661002955 1.257285475730896e-09 350208
1783661003968 1.257285475730896e-09 352256
1783661005063 1.257285475730896e-09 354304
1783661006011 1.257285475730896e-09 356352
1783661006948 1.257285475730896e-09 358400
1783661007886 6.28642737865448e-10 360448
1783661008816 3.14321368932724e-10 362496
1783661009722 3.14321368932724e-10 364544
1783661010597 3.14321368932724e-10 366592
1783661011552 3.14321368932724e-10 368640
1783661012470 4.714820533990861e-10 370688
1783661013428 4.714820533990861e-10 372736
1783661014418 4.714820533990861e-10 374784
1783661015493 4.714820533990861e-10 376832
1783661016505 4.714820533990861e-10 378880
1783661017572 2.3574102669954304e-10 380928
1783661018661 2.3574102669954304e-10 382976
1783661019728 2.3574102669954304e-10 385024
1783661020718 2.3574102669954304e-10 387072
1783661021680 2.3574102669954304e-10 389120
1783661022656 2.3574102669954304e-10 391168
1783661023636 1.1787051334977152e-10 393216
1783661024654 1.1787051334977152e-10 395264
1783661025691 1.1787051334977152e-10 397312
1783661026793 1.1787051334977152e-10 399360
1783661027855 1.1787051334977152e-10 401408
1783661028866 1.1787051334977152e-10 403456
1783661029913 1.1787051334977152e-10 405504
1783661030935 1.7680577002465728e-10 407552
1783661031982 1.7680577002465728e-10 409600
1783661032923 1.7680577002465728e-10 411648
1783661033793 1.7680577002465728e-10 413696
1783661034778 8.840288501232864e-11 415744
1783661035849 8.840288501232864e-11 417792
1783661036894 4.420144250616432e-11 419840
1783661037979 2.210072125308216e-11 421888
1783661038948 2.210072125308216e-11 423936
1783661039988 1.105036062654108e-11 425984
1783661040959 1.105036062654108e-11 428032
1783661041996 5.52518031327054e-12 430080
1783661043035 2.76259015663527e-12 432128
1783661044037 2.76259015663527e-12 434176
1783661045160 4.143885234952905e-12 436224
1783661046297 6.215827852429357e-12 438272
1783661047302 9.323741778644035e-12 440320
1783661048269 9.323741778644035e-12 442368
1783661049201 9.323741778644035e-12 444416
1783661050222 9.323741778644035e-12 446464
1783661051353 9.323741778644035e-12 448512
1783661052384 9.323741778644035e-12 450560
1783661053425 9.323741778644035e-12 452608
1783661054491 9.323741778644035e-12 454656
1783661055430 4.6618708893220175e-12 456704
1783661056335 2.3309354446610087e-12 458752
1783661057279 1.1654677223305044e-12 460800
1783661058308 1.1654677223305044e-12 462848
1783661059400 5.827338611652522e-13 464896
1783661060384 2.913669305826261e-13 466944
1783661061376 1.4568346529131305e-13 468992
1783661062324 1.4568346529131305e-13 471040
1783661063276 7.284173264565652e-14 473088
1783661064322 7.284173264565652e-14 475136
1783661065379 7.284173264565652e-14 477184
1783661066375 7.284173264565652e-14 479232
1783661067447 3.642086632282826e-14 481280
1783661068509 3.642086632282826e-14 483328
1783661069604 1.821043316141413e-14 485376
1783661070688 1.821043316141413e-14 487424
1783661071693 1.821043316141413e-14 489472
1783661072681 1.821043316141413e-14 491520
1783661073738 1.821043316141413e-14 493568
1783661074851 1.821043316141413e-14 495616
1783661075917 1.821043316141413e-14 497664
1783661077009 1.821043316141413e-14 499712
1783661078033 1.821043316141413e-14 501760
1783661079031 1.821043316141413e-14 503808
1783661080168 1.821043316141413e-14 505856
1783661081303 1.821043316141413e-14 507904
1783661082389 1.821043316141413e-14 509952
1783661083574 1.821043316141413e-14 512000
1783661084668 1.821043316141413e-14 514048
1783661085667 1.821043316141413e-14 516096
1783661086836 1.821043316141413e-14 518144
1783661087933 1.821043316141413e-14 520192
1783661088881 1.821043316141413e-14 522240
1783661089809 1.821043316141413e-14 524288
1783661090912 1.821043316141413e-14 526336
1783661091879 1.821043316141413e-14 528384
1783661092946 1.821043316141413e-14 530432
1783661093982 1.821043316141413e-14 532480
1783661095059 1.821043316141413e-14 534528
1783661096161 1.821043316141413e-14 536576
1783661097190 1.821043316141413e-14 538624
1783661098252 1.821043316141413e-14 540672
1783661099308 1.821043316141413e-14 542720
1783661100435 9.105216580707065e-15 544768
1783661101555 9.105216580707065e-15 546816
1783661102612 1.3657824871060599e-14 548864
1783661103578 1.3657824871060599e-14 550912
1783661104499 6.8289124355302994e-15 552960
1783661105347 6.8289124355302994e-15 555008
1783661106378 6.8289124355302994e-15 557056
1783661107405 6.8289124355302994e-15 559104
1783661108427 6.8289124355302994e-15 561152
1783661109366 3.4144562177651497e-15 563200
1783661110247 1.7072281088825749e-15 565248
1783661111223 1.7072281088825749e-15 567296
1783661112364 1.7072281088825749e-15 569344
1783661113507 1.7072281088825749e-15 571392
1783661114569 1.7072281088825749e-15 573440
1783661115577 1.7072281088825749e-15 575488
1783661116578 1.7072281088825749e-15 577536
1783661117564 1.7072281088825749e-15 579584
1783661118498 1.7072281088825749e-15 581632
1783661119362 1.7072281088825749e-15 583680
1783661120341 1.7072281088825749e-15 585728
1783661121347 1.7072281088825749e-15 587776
1783661122340 1.7072281088825749e-15 589824
1783661123300 1.7072281088825749e-15 591872
1783661124151 1.7072281088825749e-15 593920
1783661124988 1.7072281088825749e-15 595968
1783661126005 8.536140544412874e-16 598016
1783661126969 1.2804210816619311e-15 600064
1783661127898 1.2804210816619311e-15 602112
1783661128749 1.2804210816619311e-15 604160
1783661129746 1.2804210816619311e-15 606208
1783661130710 1.2804210816619311e-15 608256
1783661131674 1.2804210816619311e-15 610304
1783661132644 1.2804210816619311e-15 612352
1783661133520 1.2804210816619311e-15 614400
1783661134391 1.2804210816619311e-15 616448
1783661135446 1.2804210816619311e-15 618496
1783661136510 1.2804210816619311e-15 620544
1783661137613 1.2804210816619311e-15 622592
1783661138633 1.2804210816619311e-15 624640
1783661139636 1.9206316224928966e-15 626688
1783661140612 1.9206316224928966e-15 628736
1783661141572 9.603158112464483e-16 630784
1783661142452 4.801579056232242e-16 632832
1783661143439 4.801579056232242e-16 634880
1783661144591 4.801579056232242e-16 636928
1783661145622 4.801579056232242e-16 638976
1783661146626 4.801579056232242e-16 641024
1783661147638 7.202368584348363e-16 643072
1783661148614 7.202368584348363e-16 645120
1783661149538 7.202368584348363e-16 647168
1783661150387 3.6011842921741814e-16 649216
1783661151309 3.6011842921741814e-16 651264
1783661152392 3.6011842921741814e-16 653312
1783661153452 3.6011842921741814e-16 655360
1783661154487 3.6011842921741814e-16 657408
1783661155468 5.401776438261272e-16 659456
1783661156396 8.102664657391908e-16 661504
1783661157267 8.102664657391908e-16 663552
1783661158233 8.102664657391908e-16 665600
1783661159293 8.102664657391908e-16 667648
1783661160267 8.102664657391908e-16 669696
1783661161226 8.102664657391908e-16 671744
1783661162086 8.102664657391908e-16 673792
1783661163051 8.102664657391908e-16 675840
1783661164025 8.102664657391908e-16 677888
1783661164993 8.102664657391908e-16 679936
1783661165935 8.102664657391908e-16 681984
1783661166862 8.102664657391908e-16 684032
1783661167868 8.102664657391908e-16 686080
1783661168894 8.102664657391908e-16 688128
1783661169924 8.102664657391908e-16 690176
1783661170836 8.102664657391908e-16 692224
1783661171748 8.102664657391908e-16 694272
1783661172604 8.102664657391908e-16 696320
1783661173586 8.102664657391908e-16 698368
1783661174593 8.102664657391908e-16 700416
1783661175592 8.102664657391908e-16 702464
1783661176475 8.102664657391908e-16 704512
1783661177354 8.102664657391908e-16 706560
1783661178203 8.102664657391908e-16 708608
1783661179124 8.102664657391908e-16 710656
1783661180100 8.102664657391908e-16 712704
1783661181090 8.102664657391908e-16 714752
1783661182005 8.102664657391908e-16 716800
1783661182834 8.102664657391908e-16 718848
1783661183766 8.102664657391908e-16 720896
1783661184705 8.102664657391908e-16 722944
1783661185654 8.102664657391908e-16 724992
1783661186524 8.102664657391908e-16 727040
1783661187378 4.051332328695954e-16 729088
1783661188254 2.025666164347977e-16 731136
1783661189175 2.025666164347977e-16 733184
1783661190037 1.0128330821739885e-16 735232
1783661191007 1.0128330821739885e-16 737280
1783661192116 1.0128330821739885e-16 739328
1783661193132 1.0128330821739885e-16 741376
1783661194065 1.0128330821739885e-16 743424
1783661195010 1.0128330821739885e-16 745472
1783661195843 1.0128330821739885e-16 747520
1783661196851 1.0128330821739885e-16 749568
1783661197936 1.0128330821739885e-16 751616
1783661199039 1.0128330821739885e-16 753664
1783661200071 1.0128330821739885e-16 755712
1783661201013 1.0128330821739885e-16 757760
1783661201970 1.0128330821739885e-16 759808
1783661202858 1.0128330821739885e-16 761856
1783661203707 1.0128330821739885e-16 763904
1783661204629 1.0128330821739885e-16 765952
1783661205525 1.0128330821739885e-16 768000
1783661206434 1.0128330821739885e-16 770048
1783661207273 1.0128330821739885e-16 772096
1783661208255 1.0128330821739885e-16 774144
1783661209181 1.0128330821739885e-16 776192
1783661210133 1.0128330821739885e-16 778240
1783661210982 1.0128330821739885e-16 780288
1783661211926 5.064165410869942e-17 782336
1783661212924 2.532082705434971e-17 784384
1783661213850 2.532082705434971e-17 786432
1783661214760 2.532082705434971e-17 788480
1783661215601 2.532082705434971e-17 790528
1783661216577 2.532082705434971e-17 792576
1783661217580 2.532082705434971e-17 794624
1783661218541 2.532082705434971e-17 796672
1783661219520 2.532082705434971e-17 798720
1783661220436 2.532082705434971e-17 800768
1783661221334 2.532082705434971e-17 802816
1783661222282 2.532082705434971e-17 804864
1783661223274 2.532082705434971e-17 806912
1783661224244 2.532082705434971e-17 808960
1783661225168 2.532082705434971e-17 811008
1783661226005 2.532082705434971e-17 813056
1783661227010 2.532082705434971e-17 815104
1783661228044 2.532082705434971e-17 817152
1783661228991 2.532082705434971e-17 819200
1783661229884 2.532082705434971e-17 821248
1783661230728 2.532082705434971e-17 823296
1783661231627 2.532082705434971e-17 825344
1783661232561 2.532082705434971e-17 827392
1783661233394 2.532082705434971e-17 829440
1783661234321 2.532082705434971e-17 831488
1783661235219 2.532082705434971e-17 833536
1783661236170 2.532082705434971e-17 835584
1783661237090 2.532082705434971e-17 837632
1783661237918 2.532082705434971e-17 839680
1783661238831 2.532082705434971e-17 841728
1783661239766 1.2660413527174856e-17 843776
1783661240682 1.2660413527174856e-17 845824
1783661241527 6.330206763587428e-18 847872
1783661242444 6.330206763587428e-18 849920
1783661243419 6.330206763587428e-18 851968
1783661244337 6.330206763587428e-18 854016
1783661245240 6.330206763587428e-18 856064
1783661246055 6.330206763587428e-18 858112
1783661246980 6.330206763587428e-18 860160
1783661247899 6.330206763587428e-18 862208
1783661248770 6.330206763587428e-18 864256
1783661249591 6.330206763587428e-18 866304
1783661250487 6.330206763587428e-18 868352
1783661251420 6.330206763587428e-18 870400
1783661252311 6.330206763587428e-18 872448
1783661253211 3.165103381793714e-18 874496
1783661254184 1.582551690896857e-18 876544
1783661255169 1.582551690896857e-18 878592
1783661256115 1.582551690896857e-18 880640
1783661256975 1.582551690896857e-18 882688
1783661257865 1.582551690896857e-18 884736
1783661258738 1.582551690896857e-18 886784
1783661259721 2.3738275363452856e-18 888832
1783661260647 2.3738275363452856e-18 890880
1783661261512 2.3738275363452856e-18 892928
1783661262524 2.3738275363452856e-18 894976
1783661263459 2.3738275363452856e-18 897024
1783661264414 1.1869137681726428e-18 899072
1783661265300 1.1869137681726428e-18 901120
1783661266173 1.1869137681726428e-18 903168
1783661267133 1.1869137681726428e-18 905216
1783661268172 1.1869137681726428e-18 907264
1783661269132 1.1869137681726428e-18 909312
1783661269992 1.1869137681726428e-18 911360
1783661270921 1.1869137681726428e-18 913408
1783661271950 1.1869137681726428e-18 915456
1783661272972 1.1869137681726428e-18 917504
1783661274020 1.1869137681726428e-18 919552
1783661275017 1.7803706522589642e-18 921600
1783661275994 1.7803706522589642e-18 923648
1783661276935 1.7803706522589642e-18 925696
1783661277817 1.7803706522589642e-18 927744
1783661278644 1.7803706522589642e-18 929792
1783661279577 1.7803706522589642e-18 931840
1783661280468 1.7803706522589642e-18 933888
1783661281370 1.7803706522589642e-18 935936
1783661282249 8.901853261294821e-19 937984
1783661283213 8.901853261294821e-19 940032
1783661284186 8.901853261294821e-19 942080
1783661285140 8.901853261294821e-19 944128
1783661285995 8.901853261294821e-19 946176
1783661286889 8.901853261294821e-19 948224
1783661287755 8.901853261294821e-19 950272
1783661288672 8.901853261294821e-19 952320
1783661289515 8.901853261294821e-19 954368
1783661290553 8.901853261294821e-19 956416
1783661291645 4.450926630647411e-19 958464
1783661292605 4.450926630647411e-19 960512
1783661293575 4.450926630647411e-19 962560
1783661294469 4.450926630647411e-19 964608
1783661295300 4.450926630647411e-19 966656
1783661296209 4.450926630647411e-19 968704
1783661297241 4.450926630647411e-19 970752
1783661298175 4.450926630647411e-19 972800
1783661299027 2.2254633153237053e-19 974848
1783661299878 2.2254633153237053e-19 976896
1783661300805 2.2254633153237053e-19 978944
1783661301739 2.2254633153237053e-19 980992
1783661302641 2.2254633153237053e-19 983040
1783661303450 2.2254633153237053e-19 985088
1783661304379 2.2254633153237053e-19 987136
1783661305304 2.2254633153237053e-19 989184
1783661306173 1.1127316576618526e-19 991232
1783661306992 1.1127316576618526e-19 993280
1783661307906 1.1127316576618526e-19 995328
1783661308841 1.1127316576618526e-19 997376
1783661309765 5.563658288309263e-20 999424
1783661310117 2.7818291441546316e-20 1000000
