1783660845670 -122.44255924224854 2048
1783660846807 -117.06188354492187 4096
1783660847795 -119.22637710571288 6144
1783660848724 -117.52570686340331 8192
1783660849633 -116.15942878723145 10240
1783660850460 -116.04459533691406 12288
1783660851390 -119.82229728698731 14336
1783660852387 -119.6036548614502 16384
1783660853346 -113.55722274780274 18432
1783660854311 -112.30291366577148 20480
1783660855145 -113.00271148681641 22528
1783660856045 -110.65263519287109 24576
1783660856998 -111.84211158752441 26624
1783660857874 -112.50368995666504 28672
1783660858760 -114.59301567077637 30720
1783660859686 -114.43771629333496 32768
1783660860647 -113.17322883605956 34816
1783660861589 -113.6047420501709 36864
1783660862450 -113.22433166503906 38912
1783660863384 -112.46594619750977 40960
1783660864333 -110.90382194519043 43008
1783660865276 -110.55164413452148 45056
1783660866111 -109.47539520263672 47104
1783660867059 -108.39594306945801 49152
1783660868013 -106.31152839660645 51200
1783660869054 -104.9946388244629 53248
1783660869946 -103.31720314025878 55296
1783660870817 -102.06460723876953 57344
1783660871720 -99.19975204467774 59392
1783660872614 -96.97092514038086 61440
1783660873446 -95.46265907287598 63488
1783660874517 -93.34653129577637 65536
1783660875582 -90.92910766601562 67584
1783660876555 -89.18550643920898 69632
1783660877420 -87.60127792358398 71680
1783660878241 -83.98948173522949 73728
1783660879118 -81.92383308410645 75776
1783660880083 -80.31057891845703 77824
1783660880930 -76.44401416778564 79872
1783660881939 -75.78376655578613 81920
1783660882892 -74.32877178192139 83968
1783660883799 -72.78953609466552 86016
1783660884667 -70.22934684753417 88064
1783660885538 -69.49729461669922 90112
1783660886530 -68.00932159423829 92160
1783660887532 -68.00076675415039 94208
1783660888489 -64.68696765899658 96256
1783660889349 -62.79528942108154 98304
1783660890186 -61.10325260162354 100352
1783660891169 -59.010915756225586 102400
1783660892044 -56.56483974456787 104448
1783660892890 -52.57157211303711 106496
1783660893858 -50.61306409835815 108544
1783660894797 -49.2202446937561 110592
1783660895766 -46.97239375114441 112640
1783660896654 -41.46668064594269 114688
1783660897553 -34.333027839660645 116736
1783660898491 -31.7936222076416 118784
1783660899339 -30.826816654205324 120832
1783660900345 -26.1428692817688 122880
1783660901300 -19.147883129119872 124928
1783660902151 -14.967743968963623 126976
1783660903010 -11.42336950302124 129024
1783660904014 -7.355527782440186 131072
1783660904935 -4.185685062408448 133120
1783660905816 -0.6586158752441407 135168
1783660906651 3.5169504165649412 137216
1783660907715 7.480352973937988 139264
1783660908642 7.43239917755127 141312
1783660909610 8.129891872406006 143360
1783660910452 8.461778163909912 145408
1783660911257 16.23908739089966 147456
1783660912188 26.44451332092285 149504
1783660913079 27.997512435913087 151552
1783660913909 29.592073726654053 153600
1783660914742 32.01124858856201 155648
1783660915624 21.13640899658203 157696
1783660916466 15.74046516418457 159744
1783660917314 12.57727336883545 161792
1783660918404 13.850249481201171 163840
1783660919303 15.605199813842773 165888
1783660920154 17.680467224121095 167936
1783660921028 19.113451957702637 169984
1783660922012 -17.54266490936279 172032
1783660922934 -16.023653030395508 174080
1783660923759 -15.769536972045898 176128
1783660924588 -8.109820365905762 178176
1783660925474 0.6386293411254883 180224
1783660926320 1.9579999923706055 182272
1783660927180 8.363853263854981 184320
1783660928087 6.288901710510254 186368
1783660929041 -0.8075597763061524 188416
1783660930017 -5.785505294799805 190464
1783660930923 10.668707656860352 192512
1783660931806 21.06128921508789 194560
1783660932656 30.06836357116699 196608
1783660933486 42.401608276367185 198656
1783660934369 27.211605072021484 200704
1783660935196 31.493081283569335 202752
1783660936101 32.745825576782224 204800
1783660937035 42.87398567199707 206848
1783660937887 35.2673095703125 208896
1783660938762 41.82422027587891 210944
1783660939673 28.67020149230957 212992
1783660940647 30.814672470092773 215040
1783660941557 4.029678726196289 217088
1783660942394 11.899790954589843 219136
1783660943328 20.59061622619629 221184
1783660944268 22.055273818969727 223232
1783660945146 41.06367835998535 225280
1783660945965 35.09295997619629 227328
1783660946812 10.353368759155273 229376
1783660947712 13.18692398071289 231424
1783660948574 23.748955917358398 233472
1783660949584 24.379829788208006 235520
1783660950690 25.254531478881837 237568
1783660951637 51.82256546020508 239616
1783660952557 49.26709060668945 241664
1783660953421 51.34634208679199 243712
1783660954291 31.888947677612304 245760
1783660955204 31.276124572753908 247808
1783660956031 52.44913024902344 249856
1783660956987 50.57111129760742 251904
1783660957916 41.36354560852051 253952
1783660958834 23.562564849853516 256000
1783660959654 10.621262359619141 258048
1783660960729 27.162459945678712 260096
1783660961790 27.446157455444336 262144
1783660962699 38.532456970214845 264192
1783660963551 39.414912414550784 266240
1783660964370 17.61216297149658 268288
1783660965242 31.33700885772705 270336
1783660966174 31.74868106842041 272384
1783660967235 42.092505836486815 274432
1783660968233 65.31179294586181 276480
1783660969271 77.64955234527588 278528
1783660970222 66.17207431793213 280576
1783660971144 60.44533100128174 282624
1783660972025 45.41577625274658 284672
1783660972940 44.9411714553833 286720
1783660973789 50.76913223266602 288768
1783660974727 65.0264663696289 290816
1783660975684 65.33349914550782 292864
1783660976698 52.879642486572266 294912
1783660977554 52.81365432739258 296960
1783660978450 52.821311950683594 299008
1783660979369 66.85456466674805 301056
1783660980328 81.21834945678711 303104
1783660981201 88.7656852722168 305152
1783660982191 89.98194885253906 307200
1783660983154 94.04761123657227 309248
1783660984125 86.78487758636474 311296
1783660985116 58.28016262054443 313344
1783660986151 30.203087043762206 315392
1783660987186 22.921081733703613 317440
1783660988177 18.001359748840333 319488
1783660989178 17.033658027648926 321536
1783660990173 11.6964506149292 323584
1783660991092 25.722468757629393 325632
1783660992180 40.05366191864014 327680
1783660993158 54.38693141937256 329728
1783660994205 66.71119537353516 331776
1783660995250 66.21548004150391 333824
1783660996202 99.1612663269043 335872
1783660997215 100.26010589599609 337920
1783660998238 113.95342903137207 339968
1783660999169 115.74992408752442 342016
1783661000154 126.04948616027832 344064
1783661000996 118.29110641479492 346112
1783661001951 120.36064834594727 348160
1783661002955 128.76882362365723 350208
1783661003968 130.57450370788575 352256
1783661005063 131.02430992126466 354304
1783661006011 106.4748924255371 356352
1783661006948 76.38648014068603 358400
1783661007886 88.72107410430908 360448
1783661008816 68.72749729156494 362496
1783661009722 67.61753482818604 364544
1783661010597 84.14996929168701 366592
1783661011552 80.26161556243896 368640
1783661012470 80.84596462249756 370688
1783661013428 69.14207706451415 372736
1783661014418 69.30569858551026 374784
1783661015493 80.78721485137939 376832
1783661016505 94.54526691436767 378880
1783661017572 86.61569366455078 380928
1783661018661 86.75142364501953 382976
1783661019728 104.10907173156738 385024
1783661020718 107.02129211425782 387072
1783661021680 79.77058258056641 389120
1783661022656 96.41649627685547 391168
1783661023636 94.12695693969727 393216
1783661024654 107.7409854888916 395264
1783661025691 92.59058265686035 397312
1783661026793 80.91265907287598 399360
1783661027855 89.52988471984864 401408
1783661028866 70.37568626403808 403456
1783661029913 86.01162338256836 405504
1783661030935 86.34802780151367 407552
1783661031982 81.45410270690918 409600
1783661032923 72.9440185546875 411648
1783661033793 67.61502513885497 413696
1783661034778 29.56706829071045 415744
1783661035849 46.05751247406006 417792
1783661036894 26.06946544647217 419840
1783661037979 9.125918006896972 421888
1783661038948 4.458735084533691 423936
1783661039988 1.7474145889282227 425984
1783661040959 14.290409278869628 428032
1783661041996 -15.553947639465331 430080
1783661043035 0.025938987731933594 432128
1783661044037 -0.6599916458129883 434176
1783661045160 26.66882610321045 436224
1783661046297 43.68203258514404 438272
1783661047302 44.187472343444824 440320
1783661048269 78.90139560699463 442368
1783661049201 94.09708271026611 444416
1783661050222 89.43700408935547 446464
1783661051353 101.43794174194336 448512
1783661052384 118.65093803405762 450560
1783661053425 127.94914970397949 452608
1783661054491 145.2783145904541 454656
1783661055430 114.97934551239014 456704
1783661056335 115.38696041107178 458752
1783661057279 78.36981296539307 460800
1783661058308 61.308918190002444 462848
1783661059400 68.68514194488526 464896
1783661060384 64.72343807220459 466944
1783661061376 19.467816734313963 468992
1783661062324 7.698729705810547 471040
1783661063276 -7.523136138916016 473088
1783661064322 9.73953628540039 475136
1783661065379 26.826856994628905 477184
1783661066375 31.840550231933594 479232
1783661067447 27.172003936767577 481280
1783661068509 44.011863708496094 483328
1783661069604 54.711812591552736 485376
1783661070688 69.31940784454346 487424
1783661071693 72.66304759979248 489472
1783661072681 90.7762529373169 491520
1783661073738 90.87650470733642 493568
1783661074851 92.60816173553467 495616
1783661075917 88.13105869293213 497664
1783661077009 109.07862873077393 499712
1783661078033 91.06360187530518 501760
1783661079031 78.17727642059326 503808
1783661080168 87.27543087005616 505856
1783661081303 104.87090682983398 507904
1783661082389 105.12826843261719 509952
1783661083574 88.34023628234863 512000
1783661084668 88.69314537048339 514048
1783661085667 105.96409912109375 516096
1783661086836 105.95342559814453 518144
1783661087933 107.1402660369873 520192
1783661088881 119.7658535003662 522240
1783661089809 137.92379875183104 524288
1783661090912 151.32356491088868 526336
1783661091879 140.2821029663086 528384
1783661092946 153.68179168701172 530432
1783661093982 154.07528991699218 532480
1783661095059 164.99117126464844 534528
1783661096161 182.7415626525879 536576
1783661097190 183.88434562683105 538624
1783661098252 171.02520828247071 540672
1783661099308 171.60671463012696 542720
1783661100435 157.6934642791748 544768
1783661101555 157.88599891662597 546816
1783661102612 158.42544441223146 548864
1783661103578 153.2023681640625 550912
1783661104499 133.7839725494385 552960
1783661105347 133.81757698059081 555008
1783661106378 108.34650459289551 557056
1783661107405 109.451664352417 559104
1783661108427 122.89105224609375 561152
1783661109366 126.08915214538574 563200
1783661110247 66.46240921020508 565248
1783661111223 71.75426635742187 567296
1783661112364 84.08858489990234 569344
1783661113507 77.63558006286621 571392
1783661114569 91.12472152709961 573440
1783661115577 55.679547500610354 575488
1783661116578 71.47331809997559 577536
1783661117564 77.25288429260254 579584
1783661118498 108.54228935241699 581632
1783661119362 131.25152320861815 583680
1783661120341 130.8143482208252 585728
1783661121347 124.58609008789062 587776
1783661122340 124.90376205444336 589824
1783661123300 121.84003601074218 591872
1783661124151 109.63909950256348 593920
1783661124988 134.15268020629884 595968
1783661126005 116.0791000366211 598016
1783661126969 116.28001251220704 600064
1783661127898 115.98041381835938 602112
1783661128749 127.89961280822754 604160
1783661129746 127.60390434265136 606208
1783661130710 127.56249885559082 608256
1783661131674 121.63249320983887 610304
1783661132644 107.01822357177734 612352
1783661133520 104.27562255859375 614400
1783661134391 108.35927352905273 616448
1783661135446 125.4940315246582 618496
1783661136510 125.64289627075195 620544
1783661137613 107.6956958770752 622592
1783661138633 72.2050048828125 624640
1783661139636 78.77193298339844 626688
1783661140612 78.78602600097656 628736
1783661141572 100.50452728271485 630784
1783661142452 73.40598945617675 632832
1783661143439 37.117807388305664 634880
1783661144591 37.307057571411136 636928
1783661145622 43.60230712890625 638976
1783661146626 61.70990333557129 641024
1783661147638 61.60358924865723 643072
1783661148614 61.6643928527832 645120
1783661149538 57.07681083679199 647168
1783661150387 63.78732414245606 649216
1783661151309 71.72686347961425 651264
1783661152392 63.125915145874025 653312
1783661153452 9.294801330566406 655360
1783661154487 -2.7025920867919924 657408
1783661155468 15.74311866760254 659456
1783661156396 31.067620086669923 661504
1783661157267 66.67873992919922 663552
1783661158233 84.55265083312989 665600
1783661159293 95.09149475097657 667648
1783661160267 88.2309513092041 669696
1783661161226 118.75122375488282 671744
1783661162086 112.69206466674805 673792
1783661163051 143.05979347229004 675840
1783661164025 132.51724491119384 677888
1783661164993 149.89495334625244 679936
1783661165935 148.8191816329956 681984
1783661166862 133.8217149734497 684032
1783661167868 133.64508380889893 686080
1783661168894 123.90392627716065 688128
1783661169924 120.2953893661499 690176
1783661170836 120.02333507537841 692224
1783661171748 123.04986629486083 694272
1783661172604 115.71632804870606 696320
1783661173586 110.80371475219727 698368
1783661174593 120.17085647583008 700416
1783661175592 121.00646133422852 702464
1783661176475 136.11233100891113 704512
1783661177354 113.86488304138183 706560
1783661178203 113.45028266906738 708608
1783661179124 113.694921875 710656
1783661180100 123.07999954223632 712704
1783661181090 123.20172653198242 714752
1783661182005 158.0450252532959 716800
1783661182834 165.57940559387208 718848
1783661183766 144.3695846557617 720896
1783661184705 137.45616989135743 722944
1783661185654 137.56176681518554 724992
1783661186524 160.07188606262207 727040
1783661187378 165.71823844909667 729088
1783661188254 163.4038158416748 731136
1783661189175 149.93400955200195 733184
1783661190037 138.51995239257812 735232
1783661191007 128.0876136779785 737280
1783661192116 137.79324073791503 739328
1783661193132 137.89824333190919 741376
1783661194065 159.1020778656006 743424
1783661195010 153.8023937225342 745472
1783661195843 165.29968948364257 747520
1783661196851 152.0328582763672 749568
1783661197936 160.24286041259765 751616
1783661199039 163.81624488830568 753664
1783661200071 178.07055130004883 755712
1783661201013 171.31831703186035 757760
1783661201970 171.48867225646973 759808
1783661202858 171.5804515838623 761856
1783661203707 156.60973873138428 763904
1783661204629 156.14731121063232 765952
1783661205525 160.82776088714598 768000
1783661206434 160.63785915374757 770048
1783661207273 160.4619348526001 772096
1783661208255 168.61467838287354 774144
1783661209181 159.07315158843994 776192
1783661210133 158.97704944610595 778240
1783661210982 157.94925899505614 780288
1783661211926 143.33988018035888 782336
1783661212924 142.41022548675537 784384
1783661213850 126.0566427230835 786432
1783661214760 115.77355785369873 788480
1783661215601 129.73286457061766 790528
1783661216577 120.42773532867432 792576
1783661217580 119.95954685211181 794624
1783661218541 119.97614650726318 796672
1783661219520 125.1782907485962 798720
1783661220436 121.87771511077881 800768
1783661221334 140.07388134002684 802816
1783661222282 137.1232597351074 804864
1783661223274 148.12109451293946 806912
1783661224244 130.58849029541017 808960
1783661225168 149.63813858032228 811008
1783661226005 149.66637802124023 813056
1783661227010 150.09783248901368 815104
1783661228044 147.82340621948242 817152
1783661228991 115.4437271118164 819200
1783661229884 103.6460563659668 821248
1783661230728 121.68838996887207 823296
1783661231627 128.13533973693848 825344
1783661232561 128.09788551330567 827392
1783661233394 156.4373920440674 829440
1783661234321 155.54180717468262 831488
1783661235219 155.39024085998534 833536
1783661236170 148.24748344421386 835584
1783661237090 147.54197044372557 837632
1783661237918 169.82074584960938 839680
1783661238831 170.181160736084 841728
1783661239766 182.86255340576173 843776
1783661240682 174.79327774047852 845824
1783661241527 138.84382591247558 847872
1783661242444 138.87067985534668 849920
1783661243419 139.1930881500244 851968
1783661244337 146.80723609924317 854016
1783661245240 139.44835395812987 856064
1783661246055 142.20810146331786 858112
1783661246980 159.8404088973999 860160
1783661247899 140.50296993255614 862208
1783661248770 148.43792247772217 864256
1783661249591 132.0267602920532 866304
1783661250487 149.82619953155518 868352
1783661251420 150.16644687652587 870400
1783661252311 89.06652393341065 872448
1783661253211 55.229757118225095 874496
1783661254184 64.74834156036377 876544
1783661255169 66.87200756072998 878592
1783661256115 62.10999431610107 880640
1783661256975 47.706823921203615 882688
1783661257865 36.85256385803223 884736
1783661258738 61.997269821166995 886784
1783661259721 97.18819885253906 888832
1783661260647 97.77328338623047 890880
1783661261512 132.5505043029785 892928
1783661262524 124.07237319946289 894976
1783661263459 129.00648765563966 897024
1783661264414 121.6121036529541 899072
1783661265300 134.63437271118164 901120
1783661266173 141.75234603881836 903168
1783661267133 158.82855682373048 905216
1783661268172 158.63023529052734 907264
1783661269132 159.68577499389647 909312
1783661269992 142.2522663116455 911360
1783661270921 132.84522743225097 913408
1783661271950 149.72617683410644 915456
1783661272972 137.5088924407959 917504
1783661274020 149.96615562438964 919552
1783661275017 150.54017066955566 921600
1783661275994 124.8117847442627 923648
1783661276935 125.11157035827637 925696
1783661277817 134.4030788421631 927744
1783661278644 141.8964771270752 929792
1783661279577 159.32872772216797 931840
1783661280468 159.26284942626953 933888
1783661281370 169.02182312011718 935936
1783661282249 167.6154472351074 937984
1783661283213 149.66328506469728 940032
1783661284186 158.89841117858887 942080
1783661285140 152.4073610305786 944128
1783661285995 108.77967700958251 946176
1783661286889 109.0835313796997 948224
1783661287755 104.04362125396729 950272
1783661288672 103.45714817047119 952320
1783661289515 98.69613208770753 954368
1783661290553 96.11200428009033 956416
1783661291645 78.54733257293701 958464
1783661292605 78.65112209320068 960512
1783661293575 95.70511837005616 962560
1783661294469 120.18817348480225 964608
1783661295300 119.9793508529663 966656
1783661296209 125.26380596160888 968704
1783661297241 103.27666645050049 970752
1783661298175 103.98728122711182 972800
1783661299027 51.88124809265137 974848
1783661299878 62.33676261901856 976896
1783661300805 9.701180267333985 978944
1783661301739 27.211719131469728 980992
1783661302641 27.303958892822266 983040
1783661303450 33.17707214355469 985088
1783661304379 46.39321937561035 987136
1783661305304 64.39684791564942 989184
1783661306173 100.03920249938965 991232
1783661306992 108.43030815124511 993280
1783661307906 108.7651210784912 995328
1783661308841 128.18263969421386 997376
1783661309765 88.76991024017335 999424
1783661310117 74.32778987884521 1000000
