1783660845670 -0.002779328355245525 2048
1783660846807 -0.0020497613550105598 4096
1783660847795 -0.0004141762874496635 6144
1783660848724 -0.0002281104534631595 8192
1783660849633 -0.0010726696054916829 10240
1783660850460 -0.0010013769642682746 12288
1783660851390 0.0022705798328388482 14336
1783660852387 -0.0035566230144468136 16384
1783660853346 -0.005294381364365108 18432
1783660854311 0.0044569502206286415 20480
1783660855145 -0.0009307332011303515 22528
1783660856045 -0.0031182349848677404 24576
1783660856998 -0.005150702472747071 26624
1783660857874 -0.002776366840407718 28672
1783660858760 -0.003938731988455402 30720
1783660859686 0.0008387229372601723 32768
1783660860647 0.003748847564565949 34816
1783660861589 -0.0005020219614380039 36864
1783660862450 -0.002117610925779445 38912
1783660863384 0.0011243553899475955 40960
1783660864333 -0.0018343244191783015 43008
1783660865276 0.002534603227104526 45056
1783660866111 -0.0033191589973284863 47104
1783660867059 -0.0036534551545628347 49152
1783660868013 -0.0023096847071428783 51200
1783660869054 -0.0033879492912092246 53248
1783660869946 -0.0033926544929272495 55296
1783660870817 -0.0026090163064509397 57344
1783660871720 -0.0071178513098857366 59392
1783660872614 -0.00038626723835477605 61440
1783660873446 -0.0024595043614681344 63488
1783660874517 -0.0032821187833178556 65536
1783660875582 -0.0040599460789962905 67584
1783660876555 -0.007854234416299732 69632
1783660877420 -0.008894915910786949 71680
1783660878241 -0.004783310050697764 73728
1783660879118 -0.0012394201294227969 75776
1783660880083 -0.0066274439814151265 77824
1783660880930 9.149831748800352e-05 79872
1783660881939 -0.004150415596086532 81920
1783660882892 -0.0007049825580907054 83968
1783660883799 -0.006381693641742459 86016
1783660884667 -0.0035033532440138515 88064
1783660885538 -0.007293574166396866 90112
1783660886530 -0.004925017485220451 92160
1783660887532 -0.005137574342370499 94208
1783660888489 -0.003197081488906406 96256
1783660889349 -0.005841134840011364 98304
1783660890186 -0.009089524697628804 100352
1783660891169 -0.005915775807807222 102400
1783660892044 -0.005998602297040634 104448
1783660892890 -0.00533612837898545 106496
1783660893858 -0.0029623344889841974 108544
1783660894797 -0.006706146647047717 110592
1783660895766 -0.00569984733738238 112640
1783660896654 -0.0067875243330490775 114688
1783660897553 -0.004687039803684456 116736
1783660898491 -0.001774060983734671 118784
1783660899339 -0.001707063627691241 120832
1783660900345 -0.004383216262795031 122880
1783660901300 -0.0006298289081314579 124928
1783660902151 -0.003993536814959953 126976
1783660903010 -0.006651669082202716 129024
1783660904014 -0.005941934545262484 131072
1783660904935 -0.004725655777292559 133120
1783660905816 -0.0013948880005045794 135168
1783660906651 -0.004467000930162612 137216
1783660907715 -0.0011202113091712818 139264
1783660908642 -0.002004529618716333 141312
1783660909610 -0.0056438535611960106 143360
1783660910452 -0.0024471381730108988 145408
1783660911257 -0.005015368911699625 147456
1783660912188 -0.0019820058914774563 149504
1783660913079 -0.0037336343120841775 151552
1783660913909 -0.0017360578131047077 153600
1783660914742 -0.005277957101498032 155648
1783660915624 -0.0017390292159689125 157696
1783660916466 -0.0015393986195704201 159744
1783660917314 -0.005052808493928751 161792
1783660918404 -0.0050665146263781935 163840
1783660919303 -0.00369548861272051 165888
1783660920154 -0.005075149842014071 167936
1783660921028 -0.0025353660239488818 169984
1783660922012 -0.0028715382286463864 172032
1783660922934 -0.0025501435120531823 174080
1783660923759 -0.002824270533892559 176128
1783660924588 -0.005777206504717469 178176
1783660925474 -0.0009554039170325268 180224
1783660926320 -0.004525033687968971 182272
1783660927180 -0.005270321271382272 184320
1783660928087 0.0006300264140008949 186368
1783660929041 -0.002895527326472802 188416
1783660930017 -0.003682750277221203 190464
1783660930923 -0.005653317853102635 192512
1783660931806 -0.0028541313149617054 194560
1783660932656 -0.0033133075303339865 196608
1783660933486 -0.0010465956875123084 198656
1783660934369 -0.004460930647837813 200704
1783660935196 -0.005083376701804809 202752
1783660936101 -0.003499358682802267 204800
1783660937035 -0.003050927898584632 206848
1783660937887 -0.003715960443514632 208896
1783660938762 -0.006151589215733111 210944
1783660939673 -0.0031097250575840008 212992
1783660940647 -0.003524107265548082 215040
1783660941557 -0.0011473987869976554 217088
1783660942394 -0.0027577299988479353 219136
1783660943328 -0.0019284227746538818 221184
1783660944268 -0.005163741716387449 223232
1783660945146 -0.00425952541991137 225280
1783660945965 -0.0018604010001581628 227328
1783660946812 -0.004652295894629788 229376
1783660947712 -0.006599563627787575 231424
1783660948574 -0.00279928310555988 233472
1783660949584 -0.0005881288125237916 235520
1783660950690 -0.006670720271358732 237568
1783660951637 -0.0011345641578373034 239616
1783660952557 -0.003747376982573769 241664
1783660953421 0.0018504612235119566 243712
1783660954291 -0.004855101782595739 245760
1783660955204 -0.0023664830514462665 247808
1783660956031 -0.004962991541106021 249856
1783660956987 -0.0038228883204283193 251904
1783660957916 -0.006068133559892885 253952
1783660958834 -0.0032491206111444626 256000
1783660959654 0.0014323701689136215 258048
1783660960729 -0.0026368851777078817 260096
1783660961790 -0.0003085323915001936 262144
1783660962699 -0.003106913856754545 264192
1783660963551 -0.002418739160930272 266240
1783660964370 -0.0023336817175731994 268288
1783660965242 0.00021755699344794266 270336
1783660966174 0.0002893023229262326 272384
1783660967235 -0.008114374464639695 274432
1783660968233 -0.001898862481539254 276480
1783660969271 -0.0025534799387969542 278528
1783660970222 -0.003928662612452172 280576
1783660971144 -0.004057142306919559 282624
1783660972025 -0.0024368739123019623 284672
1783660972940 -0.0037903943411947694 286720
1783660973789 -0.002995841274241684 288768
1783660974727 0.00021206239762250334 290816
1783660975684 -0.0033362336980644614 292864
1783660976698 -0.005068173573818058 294912
1783660977554 -0.004134580962272594 296960
1783660978450 -0.004106266802409664 299008
1783660979369 -0.00046086374641163275 301056
1783660980328 -0.002235629341157619 303104
1783660981201 -0.0041699127323227 305152
1783660982191 0.0008384933626075508 307200
1783660983154 -0.0018783964951580856 309248
1783660984125 -0.004633429613022599 311296
1783660985116 -0.0034601463103172136 313344
1783660986151 -0.0030737948945898097 315392
1783660987186 -0.004508518821239704 317440
1783660988177 -0.0073355224394617835 319488
1783660989178 0.002221387412646436 321536
1783660990173 8.823865937301889e-05 323584
1783660991092 0.0005244970816420391 325632
1783660992180 -9.60762299655471e-05 327680
1783660993158 -0.0020004044490633532 329728
1783660994205 -0.0008318244090332882 331776
1783660995250 -0.002213950276200194 333824
1783660996202 -0.002340136717975838 335872
1783660997215 -0.003552002483047545 337920
1783660998238 -0.00249522563899518 339968
1783660999169 -0.002457255446643103 342016
1783661000154 -0.0015586974150210153 344064
1783661000996 -0.0006428030628740089 346112
1783661001951 -0.003200871324224863 348160
1783661002955 -0.0009259713751816889 350208
1783661003968 -0.0017159529670607299 352256
1783661005063 -0.00474366829439532 354304
1783661006011 -0.00128836692601908 356352
1783661006948 -0.00692988187802257 358400
1783661007886 -0.006838893708845717 360448
1783661008816 -0.00416899841002305 362496
1783661009722 -0.006008257283610874 364544
1783661010597 -0.0031507597705058288 366592
1783661011552 -0.0014287825906649232 368640
1783661012470 0.001950485304405447 370688
1783661013428 -0.0037919713467999827 372736
1783661014418 -0.003349384176544845 374784
1783661015493 -0.004808022025827086 376832
1783661016505 -0.005826822234666906 378880
1783661017572 -0.005775641438958701 380928
1783661018661 -0.0023687544035055907 382976
1783661019728 -0.0017124747464549728 385024
1783661020718 -0.004601487333275145 387072
1783661021680 -0.006332006603770424 389120
1783661022656 -0.005927048392550205 391168
1783661023636 -0.005533986077352893 393216
1783661024654 0.0013464896401274018 395264
1783661025691 -0.0027649503099382855 397312
1783661026793 -0.00418602042918792 399360
1783661027855 -0.0013410262909019366 401408
1783661028866 -0.002546465304476442 403456
1783661029913 -0.004029283853014931 405504
1783661030935 0.0026814630946319085 407552
1783661031982 -0.0005119295892654918 409600
1783661032923 -0.0002755052391876234 411648
1783661033793 -0.003807751250860747 413696
1783661034778 -0.002267839307023678 415744
1783661035849 0.004883821555267787 417792
1783661036894 -0.0036676075105788186 419840
1783661037979 -0.008362533088074997 421888
1783661038948 -0.004302753757656319 423936
1783661039988 -0.0013563857291956083 425984
1783661040959 -0.004425422113854438 428032
1783661041996 -0.002350429229409201 430080
1783661043035 -0.00574911258991051 432128
1783661044037 -0.00361355545828701 434176
1783661045160 -9.766092080099043e-05 436224
1783661046297 0.0018299104958714452 438272
1783661047302 0.007895483009633608 440320
1783661048269 0.0022921239542483818 442368
1783661049201 0.0012844218235841254 444416
1783661050222 -0.007626337406691164 446464
1783661051353 -0.0011518929240992293 448512
1783661052384 -0.0020856198752881028 450560
1783661053425 -0.0006004716196912341 452608
1783661054491 0.006160253053167253 454656
1783661055430 0.0006031452358001843 456704
1783661056335 -0.0029495925627998076 458752
1783661057279 -0.0037687079529860057 460800
1783661058308 -0.005040362138970522 462848
1783661059400 -0.0003899322146025952 464896
1783661060384 -0.0025516525129205547 466944
1783661061376 -0.0015099481315701269 468992
1783661062324 -0.006878478303406155 471040
1783661063276 -0.002782456580462167 473088
1783661064322 -0.0006072914184187539 475136
1783661065379 -0.0035414013673289446 477184
1783661066375 -0.002835628438333515 479232
1783661067447 -0.0006025333350407891 481280
1783661068509 -0.0005197142545512179 483328
1783661069604 -0.000278936737231561 485376
1783661070688 -0.0043662721873261034 487424
1783661071693 -0.0012215945680509321 489472
1783661072681 0.004237946850480512 491520
1783661073738 0.003164239475154318 493568
1783661074851 0.0001602840202394873 495616
1783661075917 -0.0005297242787491996 497664
1783661077009 -0.003122786636595265 499712
1783661078033 -0.004434512802617974 501760
1783661079031 -0.004911732772598043 503808
1783661080168 -0.0022012539993738756 505856
1783661081303 0.0024223516520578414 507904
1783661082389 3.84687700716313e-05 509952
1783661083574 -0.005908167328016134 512000
1783661084668 0.006023882797308033 514048
1783661085667 0.0008745642444409896 516096
1783661086836 0.001330409933871124 518144
1783661087933 -6.389760528691113e-06 520192
1783661088881 -0.004836616506509017 522240
1783661089809 0.0009212198283421458 524288
1783661090912 0.000237314776313724 526336
1783661091879 0.004406301268318202 528384
1783661092946 -0.0003242961574869696 530432
1783661093982 0.000730779403966153 532480
1783661095059 -0.004508266038101283 534528
1783661096161 -0.0036942594779247884 536576
1783661097190 -0.002120062861649785 538624
1783661098252 -0.002305508740391815 540672
1783661099308 0.003033902270544786 542720
1783661100435 -0.003184969365975121 544768
1783661101555 -0.002755174235062441 546816
1783661102612 -0.001276024675462395 548864
1783661103578 -0.0030365329184860457 550912
1783661104499 -0.0028290099780861055 552960
1783661105347 -0.002995505612489069 555008
1783661106378 -0.003403954873647308 557056
1783661107405 -0.0003390974634385202 559104
1783661108427 -0.0017217150507349288 561152
1783661109366 -0.0005417233624029905 563200
1783661110247 -0.0020730222640850116 565248
1783661111223 -0.003076156755014381 567296
1783661112364 -0.00018233334049000405 569344
1783661113507 -0.0015633971597708296 571392
1783661114569 -0.004210463392155361 573440
1783661115577 -0.00028981200739508495 575488
1783661116578 -0.0018319738746868097 577536
1783661117564 0.0016779770085122436 579584
1783661118498 -0.003779098595259711 581632
1783661119362 -0.004447590981726535 583680
1783661120341 0.0013135757435520645 585728
1783661121347 -0.0010505358732189052 587776
1783661122340 0.001997948478674516 589824
1783661123300 0.002550824370700866 591872
1783661124151 -0.004085155054781353 593920
1783661124988 -0.0039761293555784505 595968
1783661126005 -0.0010833160868060077 598016
1783661126969 0.0011730897567758802 600064
1783661127898 -0.0006858591586933471 602112
1783661128749 -0.002570118049334269 604160
1783661129746 -0.001073023257049499 606208
1783661130710 -0.004504690943576861 608256
1783661131674 -0.004108087989152409 610304
1783661132644 -0.0030878118705004454 612352
1783661133520 -0.005711388417694252 614400
1783661134391 -0.004859860295255203 616448
1783661135446 -0.0017587073052709457 618496
1783661136510 0.00014205993647919968 620544
1783661137613 -0.0008600274522905238 622592
1783661138633 -0.004000878641818417 624640
1783661139636 -0.0059172231012780685 626688
1783661140612 -0.0017881244311865885 628736
1783661141572 -0.002819131757860305 630784
1783661142452 -0.0026838059493456967 632832
1783661143439 -0.004728485211671796 634880
1783661144591 -0.004758288278026157 636928
1783661145622 -0.00034423189117660513 638976
1783661146626 -0.00198740733685554 641024
1783661147638 -0.0008133290539262816 643072
1783661148614 -0.002497428245987976 645120
1783661149538 0.0038304081281239633 647168
1783661150387 0.00012390339543344453 649216
1783661151309 0.0008139558012771886 651264
1783661152392 -0.0024581674924775143 653312
1783661153452 -0.003371175509528257 655360
1783661154487 -0.0019052624993491918 657408
1783661155468 -0.0019138296047458425 659456
1783661156396 0.0013491944264387712 661504
1783661157267 0.0014005884004291147 663552
1783661158233 -0.002135594462743029 665600
1783661159293 -0.0014377432598848827 667648
1783661160267 -0.002584529374871636 669696
1783661161226 0.0011086328413512092 671744
1783661162086 0.0004513926287472714 673792
1783661163051 -0.001163691562396707 675840
1783661164025 -0.005856439807757852 677888
1783661164993 -0.004129629331146134 679936
1783661165935 -0.0006001829096931033 681984
1783661166862 -0.0017805446877900977 684032
1783661167868 0.0012353860183793586 686080
1783661168894 0.0013062636880931677 688128
1783661169924 -0.0022957879409659654 690176
1783661170836 0.0018941900143545354 692224
1783661171748 -0.0014916359978087712 694272
1783661172604 -0.0018480688941053813 696320
1783661173586 -0.0029455131298163906 698368
1783661174593 -0.0029497850646293955 700416
1783661175592 0.00015293422075046692 702464
1783661176475 -0.0004092199233127758 704512
1783661177354 -0.005059044142399216 706560
1783661178203 0.0021370377671701135 708608
1783661179124 -0.0034369683053228073 710656
1783661180100 0.0035150542062183376 712704
1783661181090 -0.002981573939905502 714752
1783661182005 -0.00021444735830300488 716800
1783661182834 -0.0015654433009331115 718848
1783661183766 -0.0008680187274876516 720896
1783661184705 -0.002464141984091839 722944
1783661185654 -0.00023479093215428293 724992
1783661186524 -0.0033164613450935576 727040
1783661187378 -0.0030902418311598012 729088
1783661188254 -0.0016125637307595753 731136
1783661189175 -0.003877287392242579 733184
1783661190037 -0.002280550745126675 735232
1783661191007 -0.0016561360434934613 737280
1783661192116 0.0006047444003343116 739328
1783661193132 6.211565778357908e-05 741376
1783661194065 -0.0007081395324348705 743424
1783661195010 -0.000652655195153784 745472
1783661195843 -0.005593466758000432 747520
1783661196851 -0.002417349271127023 749568
1783661197936 -0.002141330827726051 751616
1783661199039 -0.0019937303513870575 753664
1783661200071 0.0012636982428375632 755712
1783661201013 -0.0018081714006257243 757760
1783661201970 -0.004161808225035202 759808
1783661202858 -0.00323101639514789 761856
1783661203707 -0.004456976808796753 763904
1783661204629 -0.001746124873534427 765952
1783661205525 -0.0028563189080159646 768000
1783661206434 0.0007999174667929765 770048
1783661207273 -0.002569191578004393 772096
1783661208255 -0.0047627759086026344 774144
1783661209181 -0.0024420170120720286 776192
1783661210133 0.0015041698898130562 778240
1783661210982 -0.002458698018017458 780288
1783661211926 -0.006314519525403739 782336
1783661212924 -0.0016234885733865667 784384
1783661213850 -0.0020990625343983993 786432
1783661214760 0.00023696385687799193 788480
1783661215601 -0.0033621416423557093 790528
1783661216577 -0.002045411003564368 792576
1783661217580 -0.0026961740586557426 794624
1783661218541 -0.0031388859497383237 796672
1783661219520 -0.006220765673788264 798720
1783661220436 -0.0018413779434922617 800768
1783661221334 -0.001026724441544502 802816
1783661222282 -0.007221442512673093 804864
1783661223274 0.0012661532455240376 806912
1783661224244 -0.002494942098564934 808960
1783661225168 -0.0010236032503598835 811008
1783661226005 -0.0015652830370527226 813056
1783661227010 -0.003583666773920413 815104
1783661228044 0.0002737294307735283 817152
1783661228991 -0.0023114659779821523 819200
1783661229884 0.0013593744042736944 821248
1783661230728 0.0023089682263162103 823296
1783661231627 0.0010538856131461216 825344
1783661232561 -0.0018351444305153564 827392
1783661233394 -3.2351093977922574e-05 829440
1783661234321 -0.003185024565027561 831488
1783661235219 -0.007153472393838456 833536
1783661236170 -0.00179056016895629 835584
1783661237090 -0.0012698406462732237 837632
1783661237918 -0.0007628359599038959 839680
1783661238831 -0.000793153982158401 841728
1783661239766 -0.0015023492815089412 843776
1783661240682 -0.003736878166819224 845824
1783661241527 -0.00272993332328042 847872
1783661242444 -0.0013172612161724828 849920
1783661243419 0.00011737610839190893 851968
1783661244337 -0.0010755656585388351 854016
1783661245240 -0.001396452273183968 856064
1783661246055 -0.004389260120660765 858112
1783661246980 0.001955746412932058 860160
1783661247899 -0.0010684667649911717 862208
1783661248770 -0.0005892958142794669 864256
1783661249591 -0.004914586959785083 866304
1783661250487 -0.006710595724143786 868352
1783661251420 -0.00197655166448385 870400
1783661252311 -0.004224737927870592 872448
1783661253211 -0.004263980914402055 874496
1783661254184 -0.002460595111188013 876544
1783661255169 -0.0030106551021162886 878592
1783661256115 -0.0025947278627427295 880640
1783661256975 -0.00042032696001115255 882688
1783661257865 -0.0016046976579673355 884736
1783661258738 -0.0032268951581500005 886784
1783661259721 0.0021216518980509136 888832
1783661260647 -0.0035321782233950216 890880
1783661261512 0.004361939119917224 892928
1783661262524 0.0002858098814613186 894976
1783661263459 -0.00011947679922741372 897024
1783661264414 -0.002983681077239453 899072
1783661265300 -0.0006893905010656454 901120
1783661266173 -0.002710966542508686 903168
1783661267133 -0.0039756780679454096 905216
1783661268172 -0.003916057021342567 907264
1783661269132 -0.0035981953333248384 909312
1783661269992 -0.001807283602829557 911360
1783661270921 -0.0028143288582214154 913408
1783661271950 -0.0016276177957479376 915456
1783661272972 -0.0032537621227675118 917504
1783661274020 0.00395520452184428 919552
1783661275017 -0.00096284840037697 921600
1783661275994 -0.0006765641592210159 923648
1783661276935 -0.0004972148781234864 925696
1783661277817 0.001816030528061674 927744
1783661278644 0.0020682790891441982 929792
1783661279577 -0.0023623653505637776 931840
1783661280468 -0.004007134797575418 933888
1783661281370 -0.002496272179996595 935936
1783661282249 -0.0020946220902260393 937984
1783661283213 -0.002212875802797498 940032
1783661284186 -0.0004510809885687195 942080
1783661285140 -0.004047341353725642 944128
1783661285995 -0.003425846494792495 946176
1783661286889 0.0018166817444580374 948224
1783661287755 -0.0001621037099539535 950272
1783661288672 -0.004189453524304554 952320
1783661289515 -0.005964509882687707 954368
1783661290553 -0.006058435443264898 956416
1783661291645 -0.003068397938477574 958464
1783661292605 -0.0028228536612004973 960512
1783661293575 0.003146713770547649 962560
1783661294469 -0.0025103985717578325 964608
1783661295300 0.0001450789422960952 966656
1783661296209 0.0002955536747322185 968704
1783661297241 -0.0014502772319247015 970752
1783661298175 0.0006428276265069144 972800
1783661299027 -0.0015670474458602257 974848
1783661299878 -0.002898584305512486 976896
1783661300805 -0.0016334412030118983 978944
1783661301739 0.0008779349254837143 980992
1783661302641 0.001329482260189252 983040
1783661303450 -0.003888086990627926 985088
1783661304379 -0.005437605097540654 987136
1783661305304 -0.0004233030058458098 989184
1783661306173 -0.003972733458795119 991232
1783661306992 -0.00697150318956119 993280
1783661307906 -0.0004681658319896087 995328
1783661308841 -0.0030882612027198775 997376
1783661309765 -0.004190861454844708 999424
1783661310117 -0.003973503674690922 1000000
