1783660845670 307.5328838080168 2048
1783660846807 736.0274441242218 4096
1783660847795 248.81984002888203 6144
1783660848724 264.99993938207626 8192
1783660849633 222.01514638960361 10240
1783660850460 313.77980902791023 12288
1783660851390 123.6376384831965 14336
1783660852387 201.23243229091167 16384
1783660853346 110.23065154254436 18432
1783660854311 20.589896781137213 20480
1783660855145 60.64700821787119 22528
1783660856045 54.74883554596454 24576
1783660856998 206.91531059145927 26624
1783660857874 82.72326423227787 28672
1783660858760 156.76280203461647 30720
1783660859686 31.17248385353014 32768
1783660860647 1.189802887965925 34816
1783660861589 15.719719784217887 36864
1783660862450 6.047355396091007 38912
1783660863384 3.519537514541298 40960
1783660864333 17.288209464401007 43008
1783660865276 0.2582113805692643 45056
1783660866111 0.2443679160787724 47104
1783660867059 0.3633895730599761 49152
1783660868013 0.4163390712928958 51200
1783660869054 0.22490431019105017 53248
1783660869946 0.20400111941853538 55296
1783660870817 0.2291633207059931 57344
1783660871720 0.43060945643810555 59392
1783660872614 0.23589150683255866 61440
1783660873446 0.23930825846036896 63488
1783660874517 0.28263375256210566 65536
1783660875582 0.2344295922666788 67584
1783660876555 0.2324126421008259 69632
1783660877420 0.19537290232256055 71680
1783660878241 0.3308262648060918 73728
1783660879118 27.50172567961272 75776
1783660880083 0.2941863244632259 77824
1783660880930 0.2642837943858467 79872
1783660881939 18.87128407403361 81920
1783660882892 0.42411811579950154 83968
1783660883799 0.18040869053220376 86016
1783660884667 0.3152718902565539 88064
1783660885538 0.17599271720973775 90112
1783660886530 0.6355472501600161 92160
1783660887532 0.2295859902515076 94208
1783660888489 0.2247446516994387 96256
1783660889349 0.17090838553849608 98304
1783660890186 0.2898895977414213 100352
1783660891169 0.23346943611977622 102400
1783660892044 0.2448022539028898 104448
1783660892890 0.2649581078439951 106496
1783660893858 0.2393658763030544 108544
1783660894797 0.32793837774079293 110592
1783660895766 0.27423474786337465 112640
1783660896654 0.30289067537523806 114688
1783660897553 0.3042155726579949 116736
1783660898491 27.866720068268478 118784
1783660899339 21.1337644320447 120832
1783660900345 0.39677065261639655 122880
1783660901300 0.3040610506432131 124928
1783660902151 0.32606496138032526 126976
1783660903010 0.30303266644477844 129024
1783660904014 0.3413689802400768 131072
1783660904935 21.15581797482446 133120
1783660905816 0.28634879423771054 135168
1783660906651 0.270885523641482 137216
1783660907715 0.3909748732112348 139264
1783660908642 15.842145985458046 141312
1783660909610 0.7885546243051067 143360
1783660910452 0.251061690505594 145408
1783660911257 0.3334357918356545 147456
1783660912188 0.29590553289745003 149504
1783660913079 0.42567973921541125 151552
1783660913909 0.27527465764433146 153600
1783660914742 1.6480494744610041 155648
1783660915624 27.779876506654546 157696
1783660916466 68.6156499311328 159744
1783660917314 13.353439739905298 161792
1783660918404 0.6417522826232016 163840
1783660919303 0.3262748741544783 165888
1783660920154 0.3735704480204731 167936
1783660921028 53.79063511360437 169984
1783660922012 96.3276367560029 172032
1783660922934 0.3651265214430168 174080
1783660923759 0.4665324059315026 176128
1783660924588 20.390682556899264 178176
1783660925474 10.647907302249223 180224
1783660926320 0.3325410862453282 182272
1783660927180 1.8050157439429313 184320
1783660928087 8.848836256191134 186368
1783660929041 12.771724935621023 188416
1783660930017 14.219928321428597 190464
1783660930923 5.777500559575856 192512
1783660931806 0.6835347719024867 194560
1783660932656 0.39993310323916376 196608
1783660933486 9.83239836152643 198656
1783660934369 22.350836550816894 200704
1783660935196 11.278300326317549 202752
1783660936101 11.812352085486054 204800
1783660937035 0.5361653644358739 206848
1783660937887 9.209225786849856 208896
1783660938762 0.4968309863470495 210944
1783660939673 65.40413441322744 212992
1783660940647 2.6921617758926004 215040
1783660941557 110.8932635653764 217088
1783660942394 0.632924206322059 219136
1783660943328 0.7060841377824545 221184
1783660944268 0.6616148662287742 223232
1783660945146 1.7141274565365165 225280
1783660945965 10.234671249752864 227328
1783660946812 34.00541126728058 229376
1783660947712 11.016246151179075 231424
1783660948574 0.6593671799637377 233472
1783660949584 3.2664541171398014 235520
1783660950690 0.5735816445667297 237568
1783660951637 1.4694291583728045 239616
1783660952557 51.063863864168525 241664
1783660953421 0.6484878689516336 243712
1783660954291 55.97586371935904 245760
1783660955204 48.42626657243818 247808
1783660956031 1.7823253348469734 249856
1783660956987 68.45470296218991 251904
1783660957916 59.27473525330424 253952
1783660958834 23.50265147164464 256000
1783660959654 46.823071523569524 258048
1783660960729 1.331924804719165 260096
1783660961790 0.8117975492496043 262144
1783660962699 41.47804636368528 264192
1783660963551 1.5889370497316122 266240
1783660964370 66.71244537457824 268288
1783660965242 41.395895461086184 270336
1783660966174 2.091507942415774 272384
1783660967235 1.187192088458687 274432
1783660968233 1.339177685789764 276480
1783660969271 1.0377374873496592 278528
1783660970222 49.23270092718303 280576
1783660971144 8.563511084299535 282624
1783660972025 79.26732973195612 284672
1783660972940 2.8816755013540387 286720
1783660973789 108.33731514774263 288768
1783660974727 1.901075892150402 290816
1783660975684 1.0959012911189348 292864
1783660976698 38.47637223219499 294912
1783660977554 1.480025083757937 296960
1783660978450 2.0104556186124682 299008
1783660979369 2.2055577447172254 301056
1783660980328 0.9662998996209353 303104
1783660981201 0.9388994863256812 305152
1783660982191 1.499392158119008 307200
1783660983154 44.79470376856625 309248
1783660984125 75.97687887400389 311296
1783660985116 91.60785894095898 313344
1783660986151 85.76379461959004 315392
1783660987186 12.00155331287533 317440
1783660988177 12.928655772469938 319488
1783660989178 1.0698468188056722 321536
1783660990173 30.866169532760978 323584
1783660991092 1.0508436397649348 325632
1783660992180 2.427018074784428 327680
1783660993158 1.071351409656927 329728
1783660994205 0.9627558790380135 331776
1783660995250 0.9566350809764117 333824
1783660996202 2.1702814055606723 335872
1783660997215 31.01937099127099 337920
1783660998238 51.71615660190582 339968
1783660999169 2.4138251608237624 342016
1783661000154 1.2672336025862023 344064
1783661000996 29.552653845399618 346112
1783661001951 1.3865393593441695 348160
1783661002955 7.489668126683682 350208
1783661003968 1.4438523531425744 352256
1783661005063 1.3102431260049343 354304
1783661006011 35.63262917846441 356352
1783661006948 31.62387017905712 358400
1783661007886 32.869119143113494 360448
1783661008816 55.99300732836127 362496
1783661009722 6.480112357996404 364544
1783661010597 3.186857830733061 366592
1783661011552 26.75395697634667 368640
1783661012470 1.41561123682186 370688
1783661013428 9.17340413108468 372736
1783661014418 22.735181897180155 374784
1783661015493 4.747902927920222 376832
1783661016505 2.3659978278446943 378880
1783661017572 46.194932982325554 380928
1783661018661 1.8292555881198496 382976
1783661019728 1.4185900057200342 385024
1783661020718 9.73474579770118 387072
1783661021680 40.06111616641283 389120
1783661022656 5.911115003749728 391168
1783661023636 5.156202003359795 393216
1783661024654 1.4080624766647816 395264
1783661025691 43.53417256474495 397312
1783661026793 22.360389100387692 399360
1783661027855 9.235462359618396 401408
1783661028866 35.68419370800257 403456
1783661029913 3.6911102272570133 405504
1783661030935 1.5446721934713423 407552
1783661031982 43.57892304286361 409600
1783661032923 12.030515579739586 411648
1783661033793 30.403413243591785 413696
1783661034778 85.03659780323505 415744
1783661035849 1.4002882945351303 417792
1783661036894 47.037013202905655 419840
1783661037979 20.813054909929633 421888
1783661038948 61.04450438916683 423936
1783661039988 15.414547430351377 425984
1783661040959 32.91145097091794 428032
1783661041996 26.68807184509933 430080
1783661043035 37.069738894701004 432128
1783661044037 7.699856632389128 434176
1783661045160 3.5557133038528264 436224
1783661046297 1.853481428232044 438272
1783661047302 1.2502855574712157 440320
1783661048269 2.13022203464061 442368
1783661049201 1.1744250578340143 444416
1783661050222 39.55003750929609 446464
1783661051353 25.704546102322638 448512
1783661052384 1.9087814462836832 450560
1783661053425 2.298978811595589 452608
1783661054491 1.3544616401195526 454656
1783661055430 59.182621851563454 456704
1783661056335 12.106885116547346 458752
1783661057279 21.121631314978004 460800
1783661058308 35.602082195691764 462848
1783661059400 16.338837038259953 464896
1783661060384 28.51031658425927 466944
1783661061376 84.76811808720231 468992
1783661062324 45.3882741779089 471040
1783661063276 44.229321144521236 473088
1783661064322 2.0054417327046394 475136
1783661065379 2.6025193175300956 477184
1783661066375 17.78208069782704 479232
1783661067447 57.82875521481037 481280
1783661068509 5.368713377043605 483328
1783661069604 33.936632700264454 485376
1783661070688 28.96301189251244 487424
1783661071693 16.783088378608227 489472
1783661072681 21.95356151415035 491520
1783661073738 1.717549385735765 493568
1783661074851 16.67031898209825 495616
1783661075917 16.139528290834278 497664
1783661077009 8.953607275150716 499712
1783661078033 9.693086606450379 501760
1783661079031 23.351989589631557 503808
1783661080168 11.727581986226141 505856
1783661081303 2.719305375823751 507904
1783661082389 7.8318962305784225 509952
1783661083574 26.764595156535506 512000
1783661084668 1.403684712247923 514048
1783661085667 2.3317487253807485 516096
1783661086836 1.4101593492086977 518144
1783661087933 13.138017722405493 520192
1783661088881 2.666512215975672 522240
1783661089809 1.5661536587867886 524288
1783661090912 2.5760442696046084 526336
1783661091879 20.867554673925042 528384
1783661092946 1.5647651120088995 530432
1783661093982 2.823131916113198 532480
1783661095059 1.6274776440113783 534528
1783661096161 2.680829167133197 536576
1783661097190 9.76799333235249 538624
1783661098252 12.095479368697852 540672
1783661099308 1.4873042462859303 542720
1783661100435 27.248397633433342 544768
1783661101555 4.791730409720913 546816
1783661102612 2.611874134046957 548864
1783661103578 12.163897753693163 550912
1783661104499 34.5344188157469 552960
1783661105347 4.526635201647878 555008
1783661106378 40.37798688933253 557056
1783661107405 3.1627808194607496 559104
1783661108427 2.3596575057599694 561152
1783661109366 19.97521581314504 563200
1783661110247 69.71030860766768 565248
1783661111223 22.548097078688443 567296
1783661112364 12.328387694898993 569344
1783661113507 37.602718328125775 571392
1783661114569 32.45525389537215 573440
1783661115577 36.49138095602393 575488
1783661116578 6.024573339615017 577536
1783661117564 1.507465114351362 579584
1783661118498 4.371187929064035 581632
1783661119362 7.820449320599437 583680
1783661120341 4.535255546914414 585728
1783661121347 19.494852383621037 587776
1783661122340 1.5973568130284548 589824
1783661123300 32.89071292709559 591872
1783661124151 21.464360589161515 593920
1783661124988 12.643553273752332 595968
1783661126005 10.367147556971759 598016
1783661126969 2.9540367294102907 600064
1783661127898 1.7192729485686868 602112
1783661128749 2.682845242554322 604160
1783661129746 1.6023073762189597 606208
1783661130710 9.058592173270881 608256
1783661131674 9.690199913457036 610304
1783661132644 39.19368582312018 612352
1783661133520 32.41111005563289 614400
1783661134391 17.943145073018968 616448
1783661135446 2.729202408809215 618496
1783661136510 1.772998592350632 620544
1783661137613 24.054917517583817 622592
1783661138633 31.77869109995663 624640
1783661139636 3.18233778513968 626688
1783661140612 1.6006581576075405 628736
1783661141572 24.77894485462457 630784
1783661142452 30.179711118340492 632832
1783661143439 43.1374297849834 634880
1783661144591 16.465857340954244 636928
1783661145622 17.35227564210072 638976
1783661146626 3.8162474944256246 641024
1783661147638 1.6156042861985043 643072
1783661148614 13.839328713715076 645120
1783661149538 14.408993880962953 647168
1783661150387 56.98743453621864 649216
1783661151309 4.256229907274246 651264
1783661152392 41.560351407155395 653312
1783661153452 21.633709084242582 655360
1783661154487 31.217706229537725 657408
1783661155468 4.583321758080274 659456
1783661156396 1.8111402136273682 661504
1783661157267 2.9798529180698097 663552
1783661158233 1.7795819528400898 665600
1783661159293 16.109771949239075 667648
1783661160267 21.11640839232132 669696
1783661161226 3.2671817529480904 671744
1783661162086 14.365600377088413 673792
1783661163051 17.04616866633296 675840
1783661164025 52.09123889170587 677888
1783661164993 17.259626801125705 679936
1783661165935 14.722160587087274 681984
1783661166862 19.985591802746058 684032
1783661167868 1.8253464652225375 686080
1783661168894 12.17579066567123 688128
1783661169924 10.858605376910418 690176
1783661170836 1.5462452585343271 692224
1783661171748 16.775998587254435 694272
1783661172604 18.810101395938545 696320
1783661173586 10.36888741562143 698368
1783661174593 9.738504099659622 700416
1783661175592 3.398228264413774 702464
1783661176475 10.098319040378556 704512
1783661177354 34.154157345648855 706560
1783661178203 1.8139538317918777 708608
1783661179124 11.57695724721998 710656
1783661180100 3.4527158548589796 712704
1783661181090 2.0015961062163115 714752
1783661182005 3.9701717444695532 716800
1783661182834 11.10701971501112 718848
1783661183766 21.828596096485853 720896
1783661184705 13.101327447686344 722944
1783661185654 8.713604371994734 724992
1783661186524 17.87589169945568 727040
1783661187378 76.03428988903761 729088
1783661188254 24.268977714702487 731136
1783661189175 22.02986151399091 733184
1783661190037 14.488424634560943 735232
1783661191007 13.840646049939096 737280
1783661192116 9.165287713520229 739328
1783661193132 1.92384514817968 741376
1783661194065 3.3208588974084705 743424
1783661195010 18.55070584267378 745472
1783661195843 14.432773910928518 747520
1783661196851 18.07401827070862 749568
1783661197936 3.1342354046646506 751616
1783661199039 17.33909075660631 753664
1783661200071 2.136477969586849 755712
1783661201013 12.852867793291807 757760
1783661201970 41.24249177612364 759808
1783661202858 2.451994510833174 761856
1783661203707 15.23432557657361 763904
1783661204629 2.482161246240139 765952
1783661205525 3.5207360847853124 768000
1783661206434 1.985181509051472 770048
1783661207273 23.60647463519126 772096
1783661208255 3.0477665117941797 774144
1783661209181 14.929003512253985 776192
1783661210133 1.8580845950637013 778240
1783661210982 41.33136732503772 780288
1783661211926 28.54253444261849 782336
1783661212924 22.95337713137269 784384
1783661213850 23.90579652786255 786432
1783661214760 19.437923283781856 788480
1783661215601 1.8043998954817653 790528
1783661216577 46.37403639405966 792576
1783661217580 4.5096047152765095 794624
1783661218541 16.291486125905067 796672
1783661219520 17.620650882367045 798720
1783661220436 10.881913561373949 800768
1783661221334 3.4339359106961638 802816
1783661222282 10.595856928965077 804864
1783661223274 20.21259761042893 806912
1783661224244 30.090211513452232 808960
1783661225168 3.385129134869203 811008
1783661226005 1.4994490188546479 813056
1783661227010 5.62741444632411 815104
1783661228044 34.522137297317386 817152
1783661228991 40.348987735807896 819200
1783661229884 20.06860492937267 821248
1783661230728 9.576647879555821 823296
1783661231627 3.429558995878324 825344
1783661232561 1.839664448518306 827392
1783661233394 3.095111633883789 829440
1783661234321 3.6866437778808177 831488
1783661235219 2.2670826646499336 833536
1783661236170 20.45349644497037 835584
1783661237090 3.471179433632642 837632
1783661237918 31.092493911273777 839680
1783661238831 6.534234042046592 841728
1783661239766 14.759038519114256 843776
1783661240682 18.083101355005056 845824
1783661241527 30.793596010655165 847872
1783661242444 3.619948056526482 849920
1783661243419 2.0261506198439747 851968
1783661244337 3.1663657824974507 854016
1783661245240 19.039441778790206 856064
1783661246055 19.093896777369082 858112
1783661246980 1.9189300897996873 860160
1783661247899 16.532897107303143 862208
1783661248770 10.014879328664392 864256
1783661249591 6.761483206413686 866304
1783661250487 14.905438099056482 868352
1783661251420 2.124059903435409 870400
1783661252311 73.08604101836681 872448
1783661253211 40.49090253189206 874496
1783661254184 17.901122474111617 876544
1783661255169 24.628962631337345 878592
1783661256115 47.772841254249215 880640
1783661256975 24.49057298526168 882688
1783661257865 48.87901134043932 884736
1783661258738 20.70375361898914 886784
1783661259721 5.38285280065611 888832
1783661260647 14.122191886650398 890880
1783661261512 3.7963057910092175 892928
1783661262524 11.82615314796567 894976
1783661263459 16.70136918546632 897024
1783661264414 30.670298397541046 899072
1783661265300 14.386893744580448 901120
1783661266173 3.074752069078386 903168
1783661267133 4.62040754687041 905216
1783661268172 4.459245845209807 907264
1783661269132 23.726056502200663 909312
1783661269992 27.26712937024422 911360
1783661270921 12.857784559484571 913408
1783661271950 18.150763399899006 915456
1783661272972 14.840890673920512 917504
1783661274020 3.1551657882519066 919552
1783661275017 22.62047843867913 921600
1783661275994 27.16114749852568 923648
1783661276935 2.7988848853856325 925696
1783661277817 3.3646488273516297 927744
1783661278644 17.351631502155215 929792
1783661279577 3.836126045556739 931840
1783661280468 1.9468333100667223 933888
1783661281370 3.3291865387000144 935936
1783661282249 25.511650655418634 937984
1783661283213 20.436046968214214 940032
1783661284186 16.262897805310786 942080
1783661285140 34.826438810676336 944128
1783661285995 27.33262701984495 946176
1783661286889 2.3104122749064118 948224
1783661287755 16.487148092128336 950272
1783661288672 3.9674623226746917 952320
1783661289515 31.08854435198009 954368
1783661290553 27.279524781741202 956416
1783661291645 42.424058333039284 958464
1783661292605 4.2549786092713475 960512
1783661293575 2.9541322451550514 962560
1783661294469 14.905800384934992 964608
1783661295300 1.7392660533078015 966656
1783661296209 3.213270598789677 968704
1783661297241 54.9030174985528 970752
1783661298175 15.380480395630002 972800
1783661299027 70.07813742011786 974848
1783661299878 2.20195622718893 976896
1783661300805 43.855165496468544 978944
1783661301739 1.862694184994325 980992
1783661302641 19.451841581147164 983040
1783661303450 20.862909025512636 985088
1783661304379 14.454386544413865 987136
1783661305304 1.648496060166508 989184
1783661306173 17.857051130849868 991232
1783661306992 16.57775086769834 993280
1783661307906 2.7214150598738343 995328
1783661308841 36.46962767094374 997376
1783661309765 57.47092101722956 999424
1783661310117 62.31203121609158 1000000
