1783661382891 1.3856103653088212 2048
1783661383921 1.3846367243677378 4096
1783661384882 1.3828264763578773 6144
1783661385841 1.3788229208439589 8192
1783661386809 1.3752815769985318 10240
1783661387702 1.364645503461361 12288
1783661388590 1.3479194361716509 14336
1783661389369 1.3449408514425159 16384
1783661390335 1.32662661280483 18432
1783661391232 1.3197053531184793 20480
1783661392055 1.3054535370320082 22528
1783661392886 1.2404285026714206 24576
1783661393757 1.229067319072783 26624
1783661394559 1.2398303356021643 28672
1783661395379 1.2733635008335114 30720
1783661396287 1.161387420259416 32768
1783661397137 1.1615129290148616 34816
1783661398013 1.221796853467822 36864
1783661398955 1.1949102077633142 38912
1783661399947 1.1164629440754652 40960
1783661400860 1.1312940008938313 43008
1783661401715 1.254238904453814 45056
1783661402661 1.0765322353690863 47104
1783661403588 1.1755808684974909 49152
1783661404493 1.1827531103044748 51200
1783661405407 1.2330095786601305 53248
1783661406614 1.1116754626855254 55296
1783661407609 1.2007487956434488 57344
1783661408676 1.2469765339046717 59392
1783661409674 1.0662858374416828 61440
1783661410567 1.1154417004436255 63488
1783661411910 1.147836472839117 65536
1783661413034 1.0684563601389527 67584
1783661414113 1.2121355645358562 69632
1783661415256 1.1228595431894064 71680
1783661416249 1.1407640846446157 73728
1783661417625 1.1380019914358854 75776
1783661418573 1.1124784369021654 77824
1783661419805 1.1435257764533162 79872
1783661420833 1.0484399138949811 81920
1783661421735 1.0954940235242248 83968
1783661422762 1.0822133840993047 86016
1783661423817 0.8967050621286035 88064
1783661425243 1.0362361585721374 90112
1783661426685 0.9858467858284712 92160
1783661427633 0.9095728192478418 94208
1783661428497 1.0221870299428701 96256
1783661429427 0.9946124646812677 98304
1783661430465 1.0220981449820101 100352
1783661431577 1.0128735154867172 102400
1783661432453 1.009096338879317 104448
1783661433690 1.0242978874593973 106496
1783661434594 1.0711434935219586 108544
1783661435687 0.9947236902080476 110592
1783661436633 1.093033087439835 112640
1783661437680 0.9980932427570224 114688
1783661438839 1.0299054142087698 116736
1783661439707 0.9950265283696353 118784
1783661441068 1.0295769786462188 120832
1783661442007 1.0069166994653642 122880
1783661442798 1.0549210850149393 124928
1783661443786 1.0005598925054073 126976
1783661444710 0.9893407444469631 129024
1783661445900 0.9946225844323635 131072
1783661446701 1.0143165616318583 133120
1783661448065 1.0293077938258648 135168
1783661449201 1.0824469784274697 137216
1783661450244 1.0007191929034889 139264
1783661451500 0.9367846040986478 141312
1783661452441 1.021266486030072 143360
1783661453420 0.999147055670619 145408
1783661454597 0.935807200614363 147456
1783661455501 0.9600320984609425 149504
1783661456916 0.9939167746342719 151552
1783661457839 0.9934180425480008 153600
1783661458965 0.9497184101492167 155648
1783661460083 0.997305154800415 157696
1783661460992 0.9897695085965097 159744
1783661462180 1.0206737350672483 161792
1783661463223 0.9448710558936 163840
1783661464222 0.9827322331257164 165888
1783661465502 1.0010260082781315 167936
1783661466513 1.044504128396511 169984
1783661467721 0.926133627537638 172032
1783661469147 0.9012237922288477 174080
1783661470138 0.9968171357177198 176128
1783661471312 1.0026453020982444 178176
1783661472152 0.9863893147557974 180224
1783661472969 0.9727780125103891 182272
1783661474330 0.934415855910629 184320
1783661475401 0.9479219107888639 186368
1783661476484 0.857248289976269 188416
1783661477600 0.8739188723266125 190464
1783661478516 0.8126023188233376 192512
1783661479868 0.9441238585859537 194560
1783661480957 0.9840664863586426 196608
1783661481932 0.928205537609756 198656
1783661482763 1.01613746304065 200704
1783661483703 0.9616422732360661 202752
1783661484919 1.0211666012182832 204800
1783661485765 0.9275550069287419 206848
1783661486601 0.8710645739920437 208896
1783661487909 0.9291670941747725 210944
1783661488984 0.9743904275819659 212992
1783661490128 0.8063571816310287 215040
1783661491088 0.9143565236590803 217088
1783661492032 0.8777803368866444 219136
1783661493246 0.9479828500188887 221184
1783661494238 0.933230871334672 223232
1783661495503 0.890039128717035 225280
1783661496618 0.8629362564533949 227328
1783661497673 0.8898635040968657 229376
1783661498955 0.8822808256372809 231424
1783661500027 0.9088729498907924 233472
1783661501179 0.8856566087342799 235520
1783661502532 0.8736698175780475 237568
1783661503636 0.85617302544415 239616
1783661504699 0.9121821876615286 241664
1783661505967 0.9750277115963399 243712
1783661506879 0.860404237639159 245760
1783661507921 0.9621747080236673 247808
1783661508925 0.88851223513484 249856
1783661510274 0.8655952573753893 251904
1783661511130 0.8136176611296833 253952
1783661512111 0.8530519590713084 256000
1783661513301 0.9215270602144301 258048
1783661514254 0.9489815309643745 260096
1783661515494 0.9604260614141822 262144
1783661516640 0.8576612402684987 264192
1783661517574 0.915022139903158 266240
1783661518868 0.9064869731664658 268288
1783661519996 0.8929903288371861 270336
1783661520990 0.931296422611922 272384
1783661522433 0.8782183788716793 274432
1783661523545 0.9265128690749407 276480
1783661524743 0.8128232513554394 278528
1783661525717 0.8969628266058862 280576
1783661526741 0.8898802613839507 282624
1783661528070 0.9111660006456077 284672
1783661528946 0.8852273337543011 286720
1783661530241 0.8434322839602828 288768
1783661531346 0.8422740590758622 290816
1783661532352 0.9127132650464773 292864
1783661533636 0.81594252679497 294912
1783661534789 0.8992206356488168 296960
1783661535952 0.9154248400591314 299008
1783661536946 0.8052615863271058 301056
1783661537991 0.9274508077651262 303104
1783661539377 0.9122830713167787 305152
1783661540484 0.8502798536792397 307200
1783661541419 0.8495080517604947 309248
1783661542795 0.8484320328570902 311296
1783661543873 0.8888812405057251 313344
1783661544904 0.8179452023468912 315392
1783661546239 0.8710218276828527 317440
1783661547321 0.846125875134021 319488
1783661548414 0.8898516548797488 321536
1783661549769 0.8596655698493123 323584
1783661550847 0.7713140742853284 325632
1783661551915 0.8636013003997505 327680
1783661553202 0.8115149880759418 329728
1783661554178 0.877437221352011 331776
1783661555457 0.858957557938993 333824
1783661556479 0.8483894066885114 335872
1783661557491 0.7856670878827572 337920
1783661558809 0.739975405856967 339968
1783661559873 0.9020227901637554 342016
1783661561013 0.9455736242234707 344064
1783661562280 0.8764863940887153 346112
1783661563180 0.821538161020726 348160
1783661564481 0.8158386959694326 350208
1783661565494 0.7543974565342069 352256
1783661566432 0.7587899412028491 354304
1783661567542 0.8562247375957668 356352
1783661568595 0.8599303443916142 358400
1783661569856 0.8989415382966399 360448
1783661570913 0.8961985944770277 362496
1783661572000 0.8580823908559978 364544
1783661573377 0.7847118475474417 366592
1783661574428 0.833630096167326 368640
1783661575642 0.7627855855971575 370688
1783661576706 0.8334242114797235 372736
1783661577710 0.8471475052647293 374784
1783661578961 0.8214927846565843 376832
1783661580117 0.7774892384186387 378880
1783661581260 0.8908142056316137 380928
1783661582218 0.7845840407535434 382976
1783661583014 0.7243493865244091 385024
1783661584257 0.8880860493518412 387072
1783661585118 0.8146218024194241 389120
1783661586215 0.9325095866806805 391168
1783661587133 0.8382021253928542 393216
1783661588057 0.8667712742462754 395264
1783661589002 0.8632387910038233 397312
1783661589868 0.7691899831406772 399360
1783661590775 0.9136673458851874 401408
1783661591661 0.9096278054639697 403456
1783661592571 0.8499934682622552 405504
1783661593413 0.8022619499824941 407552
1783661594545 0.8341793939471245 409600
1783661595475 0.805737357120961 411648
1783661596353 0.8551712594926357 413696
1783661597280 0.8682200550101697 415744
1783661598173 0.9187765531241894 417792
1783661599539 0.9037172123789787 419840
1783661600454 0.8725275211036205 421888
1783661601376 0.8910141834057868 423936
1783661602598 0.9161647004075348 425984
1783661603469 0.8752290150150657 428032
1783661604573 0.8431977452710271 430080
1783661605536 0.8120160792022943 432128
1783661606492 0.831383353099227 434176
1783661607439 0.8170776488259435 436224
1783661608338 0.8652897123247385 438272
1783661609443 0.8513617892749608 440320
1783661610306 0.8711091093719006 442368
1783661611326 0.822863498236984 444416
1783661612744 0.859010408166796 446464
1783661613701 0.8827192420139909 448512
1783661614760 0.877133293543011 450560
1783661615687 0.8818050101399422 452608
1783661616510 0.7791802263818681 454656
1783661617670 0.8629818488843739 456704
1783661618562 0.9738552677445114 458752
1783661619823 0.8830583235248923 460800
1783661620678 0.8652519038878381 462848
1783661621854 0.850529124494642 464896
1783661622690 0.7363599864766002 466944
1783661623644 0.778926766011864 468992
1783661624527 0.7376948059536517 471040
1783661625350 0.8325052717700601 473088
1783661626189 0.8468325263820589 475136
1783661627032 0.7109211040660739 477184
1783661628220 0.8291819742880762 479232
1783661629153 0.8186034024693072 481280
1783661630118 0.9022512338124216 483328
1783661630928 0.7988973194733262 485376
1783661631923 0.7339541222900152 487424
1783661632837 0.7878726623021066 489472
1783661633646 0.8182199699804187 491520
1783661634912 0.8801230238750577 493568
1783661635947 0.7139468784444034 495616
1783661637041 0.834421178791672 497664
1783661638198 0.7276127333752811 499712
1783661639102 0.8397156917490065 501760
1783661640204 0.8578919493593276 503808
1783661641214 0.8295301734469831 505856
1783661642441 0.8160543576814234 507904
1783661643507 0.75568258902058 509952
1783661644479 0.812720796559006 512000
1783661645717 0.8177796490490437 514048
1783661646643 0.7920737126842141 516096
1783661647665 0.8382375780493021 518144
1783661648539 0.8371570496819913 520192
1783661649357 0.7480728453956544 522240
1783661650630 0.8333611954003572 524288
1783661651640 0.8286379189230502 526336
1783661652836 0.8265797649510205 528384
1783661653654 0.8297937619499862 530432
1783661654623 0.7704170197248459 532480
1783661655577 0.7543962434865534 534528
1783661656465 0.8522976115345955 536576
1783661657553 0.7251327373087406 538624
1783661658502 0.747106387745589 540672
1783661659472 0.7841138513758779 542720
1783661660365 0.8204166372306645 544768
1783661661170 0.8755230172537267 546816
1783661662275 0.8829649826511741 548864
1783661663152 0.800590893253684 550912
1783661664184 0.842967031057924 552960
1783661665207 0.8883249098435044 555008
1783661666197 0.9436587165109813 557056
1783661667527 0.8939192220568657 559104
1783661668574 0.8596929735504091 561152
1783661669712 0.7953413180075586 563200
1783661670768 0.877379160374403 565248
1783661671852 0.8210264006629586 567296
1783661673175 0.8550804886035621 569344
1783661674151 0.8796684266999364 571392
1783661675367 0.8298356952145696 573440
1783661676382 0.7099112793803215 575488
1783661677428 0.8949759812094271 577536
1783661678310 0.8790704975835979 579584
1783661679125 0.9292345801368356 581632
1783661680296 0.8178163319826126 583680
1783661681179 0.7424130057916045 585728
1783661682206 0.8939744946546853 587776
1783661683099 0.8363319463096559 589824
1783661684028 0.8588327560573816 591872
1783661684921 0.6915228674188256 593920
1783661685698 0.8870397871360183 595968
1783661686911 0.8663780870847404 598016
1783661687890 0.7934613577090204 600064
1783661689074 0.8175314660184085 602112
1783661690102 0.8287968626245856 604160
1783661691030 0.7739184526726604 606208
1783661692263 0.7761571034789085 608256
1783661693225 0.7944468422792852 610304
1783661694090 0.7310221991501749 612352
1783661695116 0.730346935801208 614400
1783661696067 0.8881550477817655 616448
1783661697229 0.7636898602358997 618496
1783661698171 0.8878518249839544 620544
1783661699524 0.8443501084111631 622592
1783661700433 0.8368161814287305 624640
1783661701508 0.8481137636117637 626688
1783661702472 0.7886748579330742 628736
1783661703350 0.8288618479855359 630784
1783661704393 0.6924656201153994 632832
1783661705253 0.7988599236123264 634880
1783661706186 0.8636380261741579 636928
1783661707174 0.8714100536890328 638976
1783661708069 0.8090440966188908 641024
1783661709339 0.8491884232498705 643072
1783661710283 0.6811263961717486 645120
1783661711211 0.8699131454341114 647168
1783661712175 0.8523215283639729 649216
1783661713061 0.8039621715433896 651264
1783661714044 0.7733168108388782 653312
1783661714994 0.8099354961887002 655360
1783661716313 0.7571832900866866 657408
1783661717310 0.7320405603386462 659456
1783661718358 0.8573777726851404 661504
1783661719154 0.854452261235565 663552
1783661720159 0.825764418579638 665600
1783661721536 0.7878725118935108 667648
1783661722463 0.7807060005143285 669696
1783661723425 0.8009561765938997 671744
1783661724430 0.7759468769654632 673792
1783661725312 0.8244490064680576 675840
1783661726191 0.7273209127597511 677888
1783661727077 0.7245663884095848 679936
1783661728279 0.7508174334652722 681984
1783661729232 0.7905041286721826 684032
1783661730074 0.7501236288808286 686080
1783661731068 0.7127563678659499 688128
1783661731971 0.8033253527246416 690176
1783661733313 0.5764946539420635 692224
1783661734280 0.7668372541666031 694272
1783661735167 0.8099530353210866 696320
1783661736047 0.7617299794219434 698368
1783661736935 0.638945089885965 700416
1783661738163 0.7379870740696788 702464
1783661739124 0.7928955135867 704512
1783661739976 0.835217117331922 706560
1783661740825 0.775999675039202 708608
1783661741801 0.7827199841849506 710656
1783661742673 0.8172110277228057 712704
1783661743489 0.7233821679838002 714752
1783661744546 0.7823926252312958 716800
1783661745505 0.7870291471481323 718848
1783661746893 0.6814842517487705 720896
1783661747986 0.7391165043227375 722944
1783661749085 0.7815292472951114 724992
1783661750045 0.7977356435731053 727040
1783661750986 0.7202332820743322 729088
1783661752309 0.7202661470510066 731136
1783661753209 0.5999742140993476 733184
1783661754260 0.7391471401788294 735232
1783661755176 0.6817026250064373 737280
1783661756118 0.7891399688087404 739328
1783661757065 0.7269246615469456 741376
1783661757956 0.79866779781878 743424
1783661759167 0.6129332948476076 745472
1783661760131 0.6308612739667296 747520
1783661761211 0.7227095854468644 749568
1783661762344 0.6030439792666584 751616
1783661763245 0.8030485063791275 753664
1783661764515 0.7278583361767232 755712
1783661765622 0.7315873587504029 757760
1783661766758 0.71444958075881 759808
1783661767706 0.6847498938441277 761856
1783661768620 0.799259555991739 763904
1783661769797 0.7073294534347951 765952
1783661770716 0.7962114284746349 768000
1783661771624 0.6957783862017095 770048
1783661772708 0.7492347182705998 772096
1783661773660 0.7411453714594245 774144
1783661774874 0.8159266356378794 776192
1783661775745 0.8394864653237164 778240
1783661776735 0.7849102402105927 780288
1783661777552 0.7954390030354261 782336
1783661778522 0.917704357765615 784384
1783661779505 0.8518293877132237 786432
1783661780446 0.8272247780114412 788480
1783661781397 0.8400437291711569 790528
1783661782487 0.7493788739666343 792576
1783661783489 0.7950522163882852 794624
1783661784777 0.8436187761835754 796672
1783661785704 0.6881614802405238 798720
1783661786619 0.670289060100913 800768
1783661787444 0.7655636100098491 802816
1783661788326 0.7885061497800052 804864
1783661789554 0.8132154070772231 806912
1783661790496 0.8163965102285147 808960
1783661791562 0.6927262251265347 811008
1783661792782 0.714683867059648 813056
1783661793779 0.6843840167857707 815104
1783661794619 0.6450423425994813 817152
1783661795524 0.8081605569459498 819200
1783661796443 0.7891060835681856 821248
1783661797510 0.7873366931453347 823296
1783661798352 0.7739376001991332 825344
1783661799467 0.7283315588720143 827392
1783661800297 0.7891551651991904 829440
1783661801161 0.6609517673496157 831488
1783661802335 0.795520743355155 833536
1783661803330 0.7086457880213857 835584
1783661804400 0.5240021359641105 837632
1783661805611 0.7535018222406507 839680
1783661806530 0.742291911970824 841728
1783661807731 0.6536759994924068 843776
1783661808676 0.7669722577556968 845824
1783661809903 0.7653515618294477 847872
1783661810864 0.6255750278942287 849920
1783661811730 0.7242390587925911 851968
1783661812793 0.7264507571235299 854016
1783661813710 0.6516695967875421 856064
1783661814770 0.6538565368391573 858112
1783661815719 0.6929220645688474 860160
1783661816934 0.7461671805940568 862208
1783661817867 0.7322808196768165 864256
1783661818753 0.772284974809736 866304
1783661819922 0.7493901527486742 868352
1783661820793 0.7436057119630277 870400
1783661821815 0.7347701652906835 872448
1783661823027 0.7564077600836754 874496
1783661824035 0.761455035302788 876544
1783661825249 0.7356246402487159 878592
1783661826173 0.7725499500520527 880640
1783661827390 0.6336848598439246 882688
1783661828355 0.7025736668147147 884736
1783661829158 0.7732824091799557 886784
1783661830039 0.7814539871178567 888832
1783661830875 0.8058707057498395 890880
1783661832195 0.658532481174916 892928
1783661833137 0.7088908073492348 894976
1783661834097 0.6975600156001747 897024
1783661835134 0.7424094649031758 899072
1783661836017 0.7292143860831857 901120
1783661837182 0.7887799115851521 903168
1783661838234 0.788681105710566 905216
1783661839284 0.567202880512923 907264
1783661840355 0.738705606199801 909312
1783661841253 0.6883023309055716 911360
1783661842371 0.6827350091189146 913408
1783661843345 0.722546320874244 915456
1783661844277 0.7803866472095251 917504
1783661845203 0.6312467404641211 919552
1783661846097 0.5624568634666502 921600
1783661847484 0.746403198223561 923648
1783661848490 0.7654844801872969 925696
1783661849649 0.7694708402268589 927744
1783661850652 0.7684824946336448 929792
1783661851571 0.7996527282521129 931840
1783661852627 0.7367725507356226 933888
1783661853730 0.5540939047932625 935936
1783661854780 0.6836600196547806 937984
1783661856178 0.6264879726804793 940032
1783661857284 0.801981691736728 942080
1783661858354 0.6895549236796796 944128
1783661859229 0.7230898416601121 946176
1783661860205 0.6725604766979814 948224
1783661861254 0.7133478634059429 950272
1783661862135 0.7204513442702591 952320
1783661863203 0.7733083409257233 954368
1783661864192 0.660274678375572 956416
1783661865265 0.6960354149341583 958464
1783661866266 0.6984606385231018 960512
1783661867228 0.6230824487283826 962560
1783661868597 0.6861661025322974 964608
1783661869543 0.6553023350425065 966656
1783661870455 0.8112259013578296 968704
1783661871279 0.7245865222066641 970752
1783661872236 0.6885998495854437 972800
1783661873353 0.8135155756026506 974848
1783661874203 0.7297183889895678 976896
1783661875436 0.7235822980292141 978944
1783661876459 0.6720971777103841 980992
1783661877601 0.6166997523978353 983040
1783661878731 0.7338949395343661 985088
1783661879669 0.7538813599385321 987136
1783661880924 0.6957471282221377 989184
1783661881865 0.7487025139853358 991232
1783661882913 0.7056804564781487 993280
1783661884120 0.7749201580882072 995328
1783661885139 0.7161591532640159 997376
1783661886392 0.7606519684195518 999424
1783661886758 0.5497370196713341 1000000
