1783661382891 2395.0 2048
1783661383921 2173.0 4096
1783661384882 2158.0 6144
1783661385841 2153.0 8192
1783661386809 2145.0 10240
1783661387702 2168.0 12288
1783661388590 2187.0 14336
1783661389369 2234.0 16384
1783661390335 2221.0 18432
1783661391232 2227.0 20480
1783661392055 2248.0 22528
1783661392886 2265.0 24576
1783661393757 2271.0 26624
1783661394559 2289.0 28672
1783661395379 2302.0 30720
1783661396287 2299.0 32768
1783661397137 2305.0 34816
1783661398013 2307.0 36864
1783661398955 2299.0 38912
1783661399947 2286.0 40960
1783661400860 2284.0 43008
1783661401715 2289.0 45056
1783661402661 2283.0 47104
1783661403588 2280.0 49152
1783661404493 2279.0 51200
1783661405407 2278.0 53248
1783661406614 2249.0 55296
1783661407609 2242.0 57344
1783661408676 2229.0 59392
1783661409674 2223.0 61440
1783661410567 2225.0 63488
1783661411910 2193.0 65536
1783661413034 2180.0 67584
1783661414113 2170.0 69632
1783661415256 2157.0 71680
1783661416249 2155.0 73728
1783661417625 2129.0 75776
1783661418573 2130.0 77824
1783661419805 2114.0 79872
1783661420833 2111.0 81920
1783661421735 2115.0 83968
1783661422762 2112.0 86016
1783661423817 2107.0 88064
1783661425243 2085.0 90112
1783661426685 2064.0 92160
1783661427633 2066.0 94208
1783661428497 2071.0 96256
1783661429427 2074.0 98304
1783661430465 2072.0 100352
1783661431577 2067.0 102400
1783661432453 2071.0 104448
1783661433690 2061.0 106496
1783661434594 2065.0 108544
1783661435687 2061.0 110592
1783661436633 2063.0 112640
1783661437680 2061.0 114688
1783661438839 2055.0 116736
1783661439707 2059.0 118784
1783661441068 2046.0 120832
1783661442007 2049.0 122880
1783661442798 2056.0 124928
1783661443786 2056.0 126976
1783661444710 2058.0 129024
1783661445900 2052.0 131072
1783661446701 2058.0 133120
1783661448065 2047.0 135168
1783661449201 2042.0 137216
1783661450244 2041.0 139264
1783661451500 2034.0 141312
1783661452441 2036.0 143360
1783661453420 2036.0 145408
1783661454597 2032.0 147456
1783661455501 2035.0 149504
1783661456916 2023.0 151552
1783661457839 2026.0 153600
1783661458965 2023.0 155648
1783661460083 2020.0 157696
1783661460992 2023.0 159744
1783661462180 2018.0 161792
1783661463223 2018.0 163840
1783661464222 2018.0 165888
1783661465502 2012.0 167936
1783661466513 2012.0 169984
1783661467721 2007.0 172032
1783661469147 1998.0 174080
1783661470138 1999.0 176128
1783661471312 1995.0 178176
1783661472152 1999.0 180224
1783661472969 2004.0 182272
1783661474330 1997.0 184320
1783661475401 1996.0 186368
1783661476484 1994.0 188416
1783661477600 1993.0 190464
1783661478516 1995.0 192512
1783661479868 1988.0 194560
1783661480957 1987.0 196608
1783661481932 1988.0 198656
1783661482763 1992.0 200704
1783661483703 1994.0 202752
1783661484919 1990.0 204800
1783661485765 1994.0 206848
1783661486601 1997.0 208896
1783661487909 1992.0 210944
1783661488984 1991.0 212992
1783661490128 1989.0 215040
1783661491088 1990.0 217088
1783661492032 1992.0 219136
1783661493246 1988.0 221184
1783661494238 1989.0 223232
1783661495503 1985.0 225280
1783661496618 1983.0 227328
1783661497673 1983.0 229376
1783661498955 1979.0 231424
1783661500027 1978.0 233472
1783661501179 1976.0 235520
1783661502532 1971.0 237568
1783661503636 1970.0 239616
1783661504699 1970.0 241664
1783661505967 1966.0 243712
1783661506879 1968.0 245760
1783661507921 1968.0 247808
1783661508925 1969.0 249856
1783661510274 1964.0 251904
1783661511130 1967.0 253952
1783661512111 1968.0 256000
1783661513301 1965.0 258048
1783661514254 1967.0 260096
1783661515494 1964.0 262144
1783661516640 1962.0 264192
1783661517574 1964.0 266240
1783661518868 1960.0 268288
1783661519996 1959.0 270336
1783661520990 1960.0 272384
1783661522433 1954.0 274432
1783661523545 1953.0 276480
1783661524743 1951.0 278528
1783661525717 1952.0 280576
1783661526741 1953.0 282624
1783661528070 1949.0 284672
1783661528946 1951.0 286720
1783661530241 1948.0 288768
1783661531346 1947.0 290816
1783661532352 1948.0 292864
1783661533636 1945.0 294912
1783661534789 1944.0 296960
1783661535952 1942.0 299008
1783661536946 1943.0 301056
1783661537991 1943.0 303104
1783661539377 1939.0 305152
1783661540484 1938.0 307200
1783661541419 1940.0 309248
1783661542795 1936.0 311296
1783661543873 1936.0 313344
1783661544904 1936.0 315392
1783661546239 1933.0 317440
1783661547321 1932.0 319488
1783661548414 1932.0 321536
1783661549769 1929.0 323584
1783661550847 1928.0 325632
1783661551915 1928.0 327680
1783661553202 1926.0 329728
1783661554178 1927.0 331776
1783661555457 1924.0 333824
1783661556479 1925.0 335872
1783661557491 1925.0 337920
1783661558809 1923.0 339968
1783661559873 1923.0 342016
1783661561013 1922.0 344064
1783661562280 1920.0 346112
1783661563180 1922.0 348160
1783661564481 1919.0 350208
1783661565494 1920.0 352256
1783661566432 1921.0 354304
1783661567542 1920.0 356352
1783661568595 1921.0 358400
1783661569856 1919.0 360448
1783661570913 1919.0 362496
1783661572000 1919.0 364544
1783661573377 1915.0 366592
1783661574428 1916.0 368640
1783661575642 1914.0 370688
1783661576706 1914.0 372736
1783661577710 1915.0 374784
1783661578961 1913.0 376832
1783661580117 1912.0 378880
1783661581260 1912.0 380928
1783661582218 1913.0 382976
1783661583014 1915.0 385024
1783661584257 1914.0 387072
1783661585118 1916.0 389120
1783661586215 1915.0 391168
1783661587133 1917.0 393216
1783661588057 1918.0 395264
1783661589002 1919.0 397312
1783661589868 1921.0 399360
1783661590775 1923.0 401408
1783661591661 1924.0 403456
1783661592571 1926.0 405504
1783661593413 1928.0 407552
1783661594545 1927.0 409600
1783661595475 1928.0 411648
1783661596353 1930.0 413696
1783661597280 1931.0 415744
1783661598173 1932.0 417792
1783661599539 1930.0 419840
1783661600454 1931.0 421888
1783661601376 1932.0 423936
1783661602598 1931.0 425984
1783661603469 1933.0 428032
1783661604573 1932.0 430080
1783661605536 1933.0 432128
1783661606492 1934.0 434176
1783661607439 1935.0 436224
1783661608338 1936.0 438272
1783661609443 1936.0 440320
1783661610306 1937.0 442368
1783661611326 1938.0 444416
1783661612744 1935.0 446464
1783661613701 1936.0 448512
1783661614760 1936.0 450560
1783661615687 1937.0 452608
1783661616510 1939.0 454656
1783661617670 1938.0 456704
1783661618562 1939.0 458752
1783661619823 1937.0 460800
1783661620678 1939.0 462848
1783661621854 1938.0 464896
1783661622690 1940.0 466944
1783661623644 1941.0 468992
1783661624527 1942.0 471040
1783661625350 1944.0 473088
1783661626189 1946.0 475136
1783661627032 1947.0 477184
1783661628220 1946.0 479232
1783661629153 1947.0 481280
1783661630118 1948.0 483328
1783661630928 1950.0 485376
1783661631923 1950.0 487424
1783661632837 1951.0 489472
1783661633646 1953.0 491520
1783661634912 1951.0 493568
1783661635947 1951.0 495616
1783661637041 1951.0 497664
1783661638198 1950.0 499712
1783661639102 1951.0 501760
1783661640204 1951.0 503808
1783661641214 1951.0 505856
1783661642441 1950.0 507904
1783661643507 1950.0 509952
1783661644479 1950.0 512000
1783661645717 1949.0 514048
1783661646643 1950.0 516096
1783661647665 1950.0 518144
1783661648539 1951.0 520192
1783661649357 1953.0 522240
1783661650630 1951.0 524288
1783661651640 1952.0 526336
1783661652836 1951.0 528384
1783661653654 1952.0 530432
1783661654623 1953.0 532480
1783661655577 1954.0 534528
1783661656465 1955.0 536576
1783661657553 1954.0 538624
1783661658502 1955.0 540672
1783661659472 1956.0 542720
1783661660365 1957.0 544768
1783661661170 1958.0 546816
1783661662275 1958.0 548864
1783661663152 1959.0 550912
1783661664184 1959.0 552960
1783661665207 1959.0 555008
1783661666197 1960.0 557056
1783661667527 1958.0 559104
1783661668574 1958.0 561152
1783661669712 1957.0 563200
1783661670768 1957.0 565248
1783661671852 1957.0 567296
1783661673175 1955.0 569344
1783661674151 1956.0 571392
1783661675367 1954.0 573440
1783661676382 1955.0 575488
1783661677428 1955.0 577536
1783661678310 1956.0 579584
1783661679125 1957.0 581632
1783661680296 1956.0 583680
1783661681179 1958.0 585728
1783661682206 1958.0 587776
1783661683099 1959.0 589824
1783661684028 1959.0 591872
1783661684921 1960.0 593920
1783661685698 1962.0 595968
1783661686911 1961.0 598016
1783661687890 1961.0 600064
1783661689074 1961.0 602112
1783661690102 1961.0 604160
1783661691030 1961.0 606208
1783661692263 1960.0 608256
1783661693225 1961.0 610304
1783661694090 1962.0 612352
1783661695116 1962.0 614400
1783661696067 1963.0 616448
1783661697229 1962.0 618496
1783661698171 1962.0 620544
1783661699524 1960.0 622592
1783661700433 1961.0 624640
1783661701508 1961.0 626688
1783661702472 1962.0 628736
1783661703350 1963.0 630784
1783661704393 1963.0 632832
1783661705253 1964.0 634880
1783661706186 1964.0 636928
1783661707174 1965.0 638976
1783661708069 1966.0 641024
1783661709339 1964.0 643072
1783661710283 1965.0 645120
1783661711211 1966.0 647168
1783661712175 1966.0 649216
1783661713061 1967.0 651264
1783661714044 1967.0 653312
1783661714994 1968.0 655360
1783661716313 1966.0 657408
1783661717310 1966.0 659456
1783661718358 1966.0 661504
1783661719154 1968.0 663552
1783661720159 1968.0 665600
1783661721536 1966.0 667648
1783661722463 1967.0 669696
1783661723425 1967.0 671744
1783661724430 1967.0 673792
1783661725312 1968.0 675840
1783661726191 1969.0 677888
1783661727077 1970.0 679936
1783661728279 1969.0 681984
1783661729232 1970.0 684032
1783661730074 1971.0 686080
1783661731068 1971.0 688128
1783661731971 1972.0 690176
1783661733313 1970.0 692224
1783661734280 1971.0 694272
1783661735167 1971.0 696320
1783661736047 1972.0 698368
1783661736935 1973.0 700416
1783661738163 1972.0 702464
1783661739124 1972.0 704512
1783661739976 1973.0 706560
1783661740825 1975.0 708608
1783661741801 1975.0 710656
1783661742673 1976.0 712704
1783661743489 1977.0 714752
1783661744546 1977.0 716800
1783661745505 1977.0 718848
1783661746893 1975.0 720896
1783661747986 1975.0 722944
1783661749085 1975.0 724992
1783661750045 1975.0 727040
1783661750986 1976.0 729088
1783661752309 1974.0 731136
1783661753209 1975.0 733184
1783661754260 1975.0 735232
1783661755176 1975.0 737280
1783661756118 1976.0 739328
1783661757065 1976.0 741376
1783661757956 1977.0 743424
1783661759167 1976.0 745472
1783661760131 1977.0 747520
1783661761211 1976.0 749568
1783661762344 1976.0 751616
1783661763245 1977.0 753664
1783661764515 1975.0 755712
1783661765622 1975.0 757760
1783661766758 1974.0 759808
1783661767706 1975.0 761856
1783661768620 1976.0 763904
1783661769797 1975.0 765952
1783661770716 1975.0 768000
1783661771624 1976.0 770048
1783661772708 1976.0 772096
1783661773660 1976.0 774144
1783661774874 1975.0 776192
1783661775745 1976.0 778240
1783661776735 1976.0 780288
1783661777552 1978.0 782336
1783661778522 1978.0 784384
1783661779505 1978.0 786432
1783661780446 1979.0 788480
1783661781397 1979.0 790528
1783661782487 1979.0 792576
1783661783489 1979.0 794624
1783661784777 1978.0 796672
1783661785704 1978.0 798720
1783661786619 1979.0 800768
1783661787444 1980.0 802816
1783661788326 1981.0 804864
1783661789554 1980.0 806912
1783661790496 1980.0 808960
1783661791562 1980.0 811008
1783661792782 1979.0 813056
1783661793779 1979.0 815104
1783661794619 1980.0 817152
1783661795524 1981.0 819200
1783661796443 1981.0 821248
1783661797510 1981.0 823296
1783661798352 1982.0 825344
1783661799467 1982.0 827392
1783661800297 1983.0 829440
1783661801161 1983.0 831488
1783661802335 1983.0 833536
1783661803330 1983.0 835584
1783661804400 1983.0 837632
1783661805611 1982.0 839680
1783661806530 1982.0 841728
1783661807731 1982.0 843776
1783661808676 1982.0 845824
1783661809903 1981.0 847872
1783661810864 1981.0 849920
1783661811730 1982.0 851968
1783661812793 1982.0 854016
1783661813710 1983.0 856064
1783661814770 1983.0 858112
1783661815719 1983.0 860160
1783661816934 1982.0 862208
1783661817867 1983.0 864256
1783661818753 1983.0 866304
1783661819922 1983.0 868352
1783661820793 1983.0 870400
1783661821815 1983.0 872448
1783661823027 1983.0 874496
1783661824035 1983.0 876544
1783661825249 1982.0 878592
1783661826173 1982.0 880640
1783661827390 1981.0 882688
1783661828355 1982.0 884736
1783661829158 1983.0 886784
1783661830039 1983.0 888832
1783661830875 1984.0 890880
1783661832195 1983.0 892928
1783661833137 1983.0 894976
1783661834097 1984.0 897024
1783661835134 1984.0 899072
1783661836017 1984.0 901120
1783661837182 1984.0 903168
1783661838234 1984.0 905216
1783661839284 1984.0 907264
1783661840355 1984.0 909312
1783661841253 1984.0 911360
1783661842371 1984.0 913408
1783661843345 1984.0 915456
1783661844277 1984.0 917504
1783661845203 1985.0 919552
1783661846097 1985.0 921600
1783661847484 1984.0 923648
1783661848490 1984.0 925696
1783661849649 1984.0 927744
1783661850652 1984.0 929792
1783661851571 1984.0 931840
1783661852627 1984.0 933888
1783661853730 1984.0 935936
1783661854780 1984.0 937984
1783661856178 1982.0 940032
1783661857284 1982.0 942080
1783661858354 1982.0 944128
1783661859229 1982.0 946176
1783661860205 1983.0 948224
1783661861254 1982.0 950272
1783661862135 1983.0 952320
1783661863203 1983.0 954368
1783661864192 1983.0 956416
1783661865265 1983.0 958464
1783661866266 1983.0 960512
1783661867228 1983.0 962560
1783661868597 1982.0 964608
1783661869543 1982.0 966656
1783661870455 1983.0 968704
1783661871279 1984.0 970752
1783661872236 1984.0 972800
1783661873353 1984.0 974848
1783661874203 1984.0 976896
1783661875436 1984.0 978944
1783661876459 1984.0 980992
1783661877601 1983.0 983040
1783661878731 1983.0 985088
1783661879669 1983.0 987136
1783661880924 1982.0 989184
1783661881865 1983.0 991232
1783661882913 1983.0 993280
1783661884120 1982.0 995328
1783661885139 1982.0 997376
1783661886392 1981.0 999424
1783661886758 1981.0 1000000
