1783661382891 -0.0035171341805835254 2048
1783661383921 -0.0004889132178504951 4096
1783661384882 -0.0028883668965136167 6144
1783661385841 -0.002121125056874007 8192
1783661386809 -0.002749992156168446 10240
1783661387702 -0.001523153576272307 12288
1783661388590 -0.006718586071656318 14336
1783661389369 -0.006618932133278577 16384
1783661390335 -0.0024947938582045026 18432
1783661391232 -0.004336846835940378 20480
1783661392055 -0.005337395155947888 22528
1783661392886 -0.004330940129875671 24576
1783661393757 -0.004759400242619449 26624
1783661394559 -0.006943594140466303 28672
1783661395379 -0.0026803309247043217 30720
1783661396287 -0.005434704478830099 32768
1783661397137 -0.003578653424483491 34816
1783661398013 -0.0017090591372834751 36864
1783661398955 -0.003548193970345892 38912
1783661399947 -0.002278313042552327 40960
1783661400860 -0.007237743313453393 43008
1783661401715 -0.005118325127114076 45056
1783661402661 -0.004098556382814422 47104
1783661403588 -0.0024641268792038318 49152
1783661404493 -0.0005275935600366211 51200
1783661405407 -0.0033570430150575703 53248
1783661406614 -0.0029335072940739337 55296
1783661407609 -0.0016567482889513485 57344
1783661408676 -0.008522944028300117 59392
1783661409674 -0.001381560639856616 61440
1783661410567 -0.005415295906459505 63488
1783661411910 -0.0015510374214500189 65536
1783661413034 -0.0031289732578443363 67584
1783661414113 -0.004044784984216676 69632
1783661415256 -0.002522903243516339 71680
1783661416249 -0.00545384415454464 73728
1783661417625 -0.002982281506774598 75776
1783661418573 -0.004577854846502305 77824
1783661419805 -0.001975767971089226 79872
1783661420833 -0.00657153122665477 81920
1783661421735 -0.014846265043161111 83968
1783661422762 -0.0007793867489453987 86016
1783661423817 -0.0049593926160014234 88064
1783661425243 -0.0022215149001567625 90112
1783661426685 -0.006258274323045043 92160
1783661427633 -0.004612432852809434 94208
1783661428497 -0.0008921907829062548 96256
1783661429427 -0.0030094393714534817 98304
1783661430465 -0.007513551681768149 100352
1783661431577 -0.0017901671963045374 102400
1783661432453 -0.00332660890671832 104448
1783661433690 -0.0005938777394476347 106496
1783661434594 -0.001633123254578095 108544
1783661435687 -0.004569386950606713 110592
1783661436633 -0.004039509149151854 112640
1783661437680 -0.003560903731340659 114688
1783661438839 -0.004846820858801948 116736
1783661439707 -0.0023201073745440226 118784
1783661441068 -0.0005340216594049707 120832
1783661442007 -0.004738743098641862 122880
1783661442798 -0.0033108768257079646 124928
1783661443786 -0.006374403801601147 126976
1783661444710 -0.005245493579423055 129024
1783661445900 -0.0019616411191236693 131072
1783661446701 -0.001892079188110074 133120
1783661448065 -0.0036701001299661584 135168
1783661449201 -0.0021556666288233828 137216
1783661450244 -0.002002076569624478 139264
1783661451500 -0.00410932185332058 141312
1783661452441 -0.0032355601870222017 143360
1783661453420 -0.0006403079751180485 145408
1783661454597 -0.004007344898127485 147456
1783661455501 -0.00010502490840735845 149504
1783661456916 -0.0014440976046898868 151552
1783661457839 -0.004237824845404248 153600
1783661458965 -0.002062356303213164 155648
1783661460083 -0.004375978387543 157696
1783661460992 -0.0012286140972719295 159744
1783661462180 -0.0024994378036353737 161792
1783661463223 -0.0022743680883650086 163840
1783661464222 -0.00025294453735114075 165888
1783661465502 -0.0019350262919033412 167936
1783661466513 -0.003456524598732358 169984
1783661467721 -3.444558387855068e-06 172032
1783661469147 -0.002119186667187023 174080
1783661470138 -0.0010003768547903746 176128
1783661471312 -0.001088982802684768 178176
1783661472152 -0.002090371915983269 180224
1783661472969 -0.00033053521110559814 182272
1783661474330 0.0002886016695811122 184320
1783661475401 -0.00023345543922914658 186368
1783661476484 -0.0015269427185558015 188416
1783661477600 -0.0015319430822273716 190464
1783661478516 -0.0015670457296437235 192512
1783661479868 -0.0008727902604732662 194560
1783661480957 -0.003887513437803136 196608
1783661481932 -0.0026707764372986276 198656
1783661482763 -0.002498901450962876 200704
1783661483703 -0.0009053587891685311 202752
1783661484919 -0.0003471630407148041 204800
1783661485765 -0.0010665201516530942 206848
1783661486601 -0.0047387585473188665 208896
1783661487909 -0.002102141392242629 210944
1783661488984 -0.0016290715902869124 212992
1783661490128 -0.000690543540258659 215040
1783661491088 0.00037596998572553275 217088
1783661492032 -0.0011863269455716363 219136
1783661493246 -0.0010869616853597108 221184
1783661494238 -0.0019826741663564462 223232
1783661495503 -0.0020059534781466937 225280
1783661496618 -0.0013801679415337276 227328
1783661497673 -0.00277692263625795 229376
1783661498955 -0.0006237190063984599 231424
1783661500027 -0.0011483240687084617 233472
1783661501179 -0.002269685261126142 235520
1783661502532 -0.00301723644224694 237568
1783661503636 -0.0022786148183513433 239616
1783661504699 -0.0016820042965264292 241664
1783661505967 -0.0010553603187872795 243712
1783661506879 -0.0010380861695011845 245760
1783661507921 0.0003908152139047161 247808
1783661508925 -0.001602158716195845 249856
1783661510274 -0.0010463000890013063 251904
1783661511130 -0.0004463364102775813 253952
1783661512111 -0.0022465624497272074 256000
1783661513301 -0.0030944694499339676 258048
1783661514254 -0.0036284720845287666 260096
1783661515494 -0.0033818512347352225 262144
1783661516640 1.936493572429754e-05 264192
1783661517574 -0.0008875221956259338 266240
1783661518868 -0.002846088367732591 268288
1783661519996 -0.0017747093916113954 270336
1783661520990 -0.0008842999886837788 272384
1783661522433 -0.0015688548683101544 274432
1783661523545 -0.004123349899600726 276480
1783661524743 -0.0019371343187231105 278528
1783661525717 -0.0008083923912636237 280576
1783661526741 -0.0014047883960301988 282624
1783661528070 -0.0005873529344171402 284672
1783661528946 -0.003680196494315169 286720
1783661530241 -0.00019425753544055624 288768
1783661531346 7.385545995930443e-05 290816
1783661532352 -0.00033666961644485127 292864
1783661533636 -0.004697806187323295 294912
1783661534789 0.0011578954981814604 296960
1783661535952 -0.0016594528151472332 299008
1783661536946 -0.004255116409694892 301056
1783661537991 -0.0008207829177990789 303104
1783661539377 -0.0020031650565215386 305152
1783661540484 -0.002362449002248468 307200
1783661541419 -0.001230391859280644 309248
1783661542795 -0.0005960656271781772 311296
1783661543873 -0.0031904782244964736 313344
1783661544904 -0.0022332514490699396 315392
1783661546239 -9.344204227090813e-05 317440
1783661547321 -0.0009522390018901206 319488
1783661548414 -0.000985102538834326 321536
1783661549769 -0.00013468360339174978 323584
1783661550847 -0.0026100876748387236 325632
1783661551915 -0.001468239153837203 327680
1783661553202 -2.459890856698621e-05 329728
1783661554178 -0.0016766391308919992 331776
1783661555457 -0.0039944437448866665 333824
1783661556479 -0.002420977187284734 335872
1783661557491 -0.0007042100824037334 337920
1783661558809 -0.0019496156473906012 339968
1783661559873 -0.0014863668902762583 342016
1783661561013 0.0019198082482034806 344064
1783661562280 -0.0008835695043671876 346112
1783661563180 -0.002130867142113857 348160
1783661564481 -0.0002946278182207607 350208
1783661565494 -0.0023773663997417316 352256
1783661566432 -0.00011574931340874173 354304
1783661567542 -0.0018530738070694497 356352
1783661568595 -0.002616235424284241 358400
1783661569856 -0.0034738308258965844 360448
1783661570913 -0.0007978109924806631 362496
1783661572000 -0.00043503916458575986 364544
1783661573377 -0.0035983495490654605 366592
1783661574428 -0.004000922790510231 368640
1783661575642 8.76038357091602e-05 370688
1783661576706 -0.0015175674725469435 372736
1783661577710 -0.000989617456070846 374784
1783661578961 -0.0013362861791392788 376832
1783661580117 -0.0016161548992386088 378880
1783661581260 -0.0011257724454480922 380928
1783661582218 -0.001494972894761304 382976
1783661583014 -0.00014733223542862106 385024
1783661584257 -0.00027313813188811764 387072
1783661585118 -0.0012519502433860907 389120
1783661586215 -0.002116349411153351 391168
1783661587133 -0.0016144972323672846 393216
1783661588057 -0.001391051020618761 395264
1783661589002 -0.00191319433542958 397312
1783661589868 -0.0009036089741130127 399360
1783661590775 -0.0016877084144653054 401408
1783661591661 -0.0008714743489690591 403456
1783661592571 -0.0032798080228531035 405504
1783661593413 -0.0014029368885530857 407552
1783661594545 -0.0015800399269210175 409600
1783661595475 -0.0008137749937304761 411648
1783661596353 -0.0060666748649964575 413696
1783661597280 -0.0027496645216160687 415744
1783661598173 -0.0007398810012091417 417792
1783661599539 -0.0010124386935785878 419840
1783661600454 -0.001038311989759677 421888
1783661601376 -0.0002640438615344465 423936
1783661602598 -0.0007144957335185609 425984
1783661603469 -0.002822784081217833 428032
1783661604573 -0.0003545417985151289 430080
1783661605536 -0.0009537072946841363 432128
1783661606492 6.449567081290297e-05 434176
1783661607439 -0.0013881169288652018 436224
1783661608338 -0.003452460870903451 438272
1783661609443 -0.002113317342264054 440320
1783661610306 -0.0038907132438907865 442368
1783661611326 -0.00041019130821950966 444416
1783661612744 -0.0019766846035054186 446464
1783661613701 -0.0006285983058660349 448512
1783661614760 -0.0019268294308858458 450560
1783661615687 -0.0030722109513590112 452608
1783661616510 -0.0009018310120154638 454656
1783661617670 -0.0018873824774345849 456704
1783661618562 -0.0005104006959300023 458752
1783661619823 -0.0006784680826967815 460800
1783661620678 -0.003212446412362624 462848
1783661621854 -0.0008499253781337757 464896
1783661622690 0.00010135773118236102 466944
1783661623644 -0.0016763287312642206 468992
1783661624527 -0.0012317330292717088 471040
1783661625350 -0.0010739103627201985 473088
1783661626189 -0.00026218128277832875 475136
1783661627032 -0.00047330313827842474 477184
1783661628220 -0.0013710828388866503 479232
1783661629153 -0.002759650219559262 481280
1783661630118 -0.0003662731251097284 483328
1783661630928 0.0007236131691570336 485376
1783661631923 -0.0007166688642428198 487424
1783661632837 -8.05940835562069e-05 489472
1783661633646 -0.0016202311453525908 491520
1783661634912 -0.0007807089023117442 493568
1783661635947 -0.0001626238281460246 495616
1783661637041 -0.0018180261868110392 497664
1783661638198 -0.001277166033105459 499712
1783661639102 -0.0018033773740171455 501760
1783661640204 -0.0024478574505337747 503808
1783661641214 -0.004321259508287767 505856
1783661642441 -0.0010733493918451131 507904
1783661643507 -0.001575265072460752 509952
1783661644479 -0.0022459699539467692 512000
1783661645717 -0.0007736735533399042 514048
1783661646643 -0.0009878662167466246 516096
1783661647665 6.477894567069598e-05 518144
1783661648539 -0.0006447119940276025 520192
1783661649357 -0.0007241838902700692 522240
1783661650630 -0.0007089690952852834 524288
1783661651640 -0.0012613892649824265 526336
1783661652836 -0.0018477105440979358 528384
1783661653654 -0.00036046316745341755 530432
1783661654623 -0.003365248340742255 532480
1783661655577 -0.0020844388091063593 534528
1783661656465 -0.0032475782008987153 536576
1783661657553 -0.001227926153660519 538624
1783661658502 -0.002805108366374043 540672
1783661659472 -0.0009324860857304884 542720
1783661660365 -0.0005387737855926389 544768
1783661661170 -0.0012056911100444268 546816
1783661662275 -0.0012956348800798878 548864
1783661663152 -0.002267436357215047 550912
1783661664184 -0.0007400329104712 552960
1783661665207 -0.002849979196980712 555008
1783661666197 -0.0012029606077703647 557056
1783661667527 -0.0018635502565302886 559104
1783661668574 -0.0031691974290879443 561152
1783661669712 -0.0010444317558722105 563200
1783661670768 -0.0014810999819019344 565248
1783661671852 -0.0038445021946245106 567296
1783661673175 -0.003590074778003327 569344
1783661674151 -0.001265989358216757 571392
1783661675367 -0.0018699207903409842 573440
1783661676382 -0.0016666787405483774 575488
1783661677428 -0.002670421130460454 577536
1783661678310 -0.0014698793293064227 579584
1783661679125 -0.0028465664108807687 581632
1783661680296 -8.990088736027246e-05 583680
1783661681179 -0.0009066079983313102 585728
1783661682206 -0.0004788897967955563 587776
1783661683099 -0.00014773196926398668 589824
1783661684028 -0.0025448931810387876 591872
1783661684921 -0.001188504680612823 593920
1783661685698 -0.0033301497942375136 595968
1783661686911 -0.0014226935672922991 598016
1783661687890 -0.0007340120173466858 600064
1783661689074 -0.0019357352521183202 602112
1783661690102 -0.0013220427454143646 604160
1783661691030 -0.0014486115705949487 606208
1783661692263 9.386576493852772e-05 608256
1783661693225 -0.003290219862719823 610304
1783661694090 -0.0030656302005809266 612352
1783661695116 -0.0011538322760316078 614400
1783661696067 -0.000395195793316816 616448
1783661697229 2.673350172699429e-05 618496
1783661698171 -0.0019102914302493446 620544
1783661699524 -0.0006984444357840403 622592
1783661700433 -0.0009203097579302266 624640
1783661701508 -0.0023471002041333122 626688
1783661702472 -0.0008255645116150845 628736
1783661703350 4.7301586164394394e-05 630784
1783661704393 -0.003962978642448434 632832
1783661705253 -0.0019589331805036636 634880
1783661706186 -0.0019088068002020009 636928
1783661707174 -0.0032375926384702325 638976
1783661708069 -0.0013391320935625117 641024
1783661709339 -0.0008478200907120481 643072
1783661710283 -0.0008535055258107604 645120
1783661711211 -0.0010564793465164257 647168
1783661712175 -0.000566842489206465 649216
1783661713061 -0.0025493735065538203 651264
1783661714044 -0.003101277660789492 653312
1783661714994 -0.002553670852648793 655360
1783661716313 -9.159435649053194e-05 657408
1783661717310 -0.00035562858829507604 659456
1783661718358 -0.0015287426103895996 661504
1783661719154 -0.0029109427232469898 663552
1783661720159 -0.001546145942484145 665600
1783661721536 -0.0011854317381221335 667648
1783661722463 -0.0005319939446053468 669696
1783661723425 -0.001665590789343696 671744
1783661724430 -0.0012108611808798742 673792
1783661725312 -0.0038325625810102792 675840
1783661726191 -0.002829882039804943 677888
1783661727077 -0.0009778601270227227 679936
1783661728279 -0.0021601682292384794 681984
1783661729232 -0.002898227832702105 684032
1783661730074 -0.002307925489731133 686080
1783661731068 -0.0006080279163143132 688128
1783661731971 -0.0014905412153893849 690176
1783661733313 -1.5688863641116768e-05 692224
1783661734280 -0.0018438308397890069 694272
1783661735167 -0.001450630159524735 696320
1783661736047 -0.0012358747771941125 698368
1783661736935 -0.00141231556153798 700416
1783661738163 -0.0011766358256863896 702464
1783661739124 -0.0009470848763157846 704512
1783661739976 -0.0005178163164600846 706560
1783661740825 -0.0017294951267103897 708608
1783661741801 -0.0009867064836726058 710656
1783661742673 -0.0026919677466139547 712704
1783661743489 -0.0007001253306953004 714752
1783661744546 -0.001692856694717193 716800
1783661745505 -0.0022081955103203654 718848
1783661746893 -0.0008541437928215601 720896
1783661747986 -0.0014133648637653096 722944
1783661749085 -0.002147367766156094 724992
1783661750045 -0.002116413896146696 727040
1783661750986 -0.000812119946203893 729088
1783661752309 -0.001864583676251641 731136
1783661753209 -0.0028549045673571527 733184
1783661754260 -0.003648659325335757 735232
1783661755176 -0.0014773159364267485 737280
1783661756118 -0.0010528367347433232 739328
1783661757065 0.0008270697926491266 741376
1783661757956 -0.0031450856276933337 743424
1783661759167 -0.0016893636911845533 745472
1783661760131 -0.0009478534793743165 747520
1783661761211 -0.0019778047244471963 749568
1783661762344 -0.0005576679068326484 751616
1783661763245 -0.0008044279638852458 753664
1783661764515 -0.0010258524289383786 755712
1783661765622 -0.0010621727215038845 757760
1783661766758 -0.0011147270906803897 759808
1783661767706 -0.001163050823379308 761856
1783661768620 -0.0014241302715163329 763904
1783661769797 -0.002714810087127262 765952
1783661770716 -0.00018660967907635495 768000
1783661771624 -0.000994804450783704 770048
1783661772708 -0.0016665975617797812 772096
1783661773660 -0.0031614464678568766 774144
1783661774874 -0.0005777460628451081 776192
1783661775745 -0.00017375435163557995 778240
1783661776735 -0.0001117999427151517 780288
1783661777552 -0.0015695181500632316 782336
1783661778522 -0.0010800994332385017 784384
1783661779505 -0.0019232035738241393 786432
1783661780446 -0.002347811312574777 788480
1783661781397 -0.0006691612070426345 790528
1783661782487 3.2220032153418288e-06 792576
1783661783489 -0.0014167735189403174 794624
1783661784777 -0.000331333771100617 796672
1783661785704 0.0001253479094884824 798720
1783661786619 -0.0011816123424068792 800768
1783661787444 -0.0018126003651559586 802816
1783661788326 -0.00016546315237064846 804864
1783661789554 -0.002102753314829897 806912
1783661790496 -0.002144130854503601 808960
1783661791562 -0.0020807917389902286 811008
1783661792782 -0.0007802652726240922 813056
1783661793779 -0.0032516465907974634 815104
1783661794619 -0.0016133002873175428 817152
1783661795524 -0.00034767944089253433 819200
1783661796443 -0.0009225282592524309 821248
1783661797510 -0.0009261560571758309 823296
1783661798352 -0.0030198153344827006 825344
1783661799467 -0.001083253997421707 827392
1783661800297 0.0009777274917723844 829440
1783661801161 -0.002394137642113492 831488
1783661802335 -0.0021928572987235384 833536
1783661803330 -0.002112658740770712 835584
1783661804400 -0.0034931265909108333 837632
1783661805611 -0.001179721763037378 839680
1783661806530 -0.0005898312720091781 841728
1783661807731 -0.0010850232638404123 843776
1783661808676 -0.0014789909200771945 845824
1783661809903 -0.0035052422754233703 847872
1783661810864 -0.0007522721662098775 849920
1783661811730 -0.0032797371841297718 851968
1783661812793 -0.0011995021213806467 854016
1783661813710 -0.002592526254375116 856064
1783661814770 -0.00034925467844004743 858112
1783661815719 -0.002476117657352006 860160
1783661816934 -0.001134307099164289 862208
1783661817867 -0.0010957045860777725 864256
1783661818753 -0.00036612186249840306 866304
1783661819922 -0.002258619812891993 868352
1783661820793 -0.0008409343026869465 870400
1783661821815 -0.003820319783699233 872448
1783661823027 5.9076459365314804e-05 874496
1783661824035 -0.0012855174136348069 876544
1783661825249 -0.0008105436336336425 878592
1783661826173 -0.0016313162395817926 880640
1783661827390 -0.001292129989451496 882688
1783661828355 -0.0019911337230951176 884736
1783661829158 -0.0027791614083980676 886784
1783661830039 -0.00029699684637307655 888832
1783661830875 -0.0025528494943500846 890880
1783661832195 -0.0012475057828851277 892928
1783661833137 -0.0013179251618566923 894976
1783661834097 -0.002559912605647696 897024
1783661835134 -0.0027222614207857987 899072
1783661836017 -0.001315602063186816 901120
1783661837182 -0.0014384995301952586 903168
1783661838234 -0.002946505073850858 905216
1783661839284 -0.0006310268418019405 907264
1783661840355 -0.0013490684741555015 909312
1783661841253 -0.002312088063263218 911360
1783661842371 0.00013987685088068247 913408
1783661843345 -0.0012920981789648067 915456
1783661844277 -0.0010863734751183074 917504
1783661845203 -5.006381616112776e-05 919552
1783661846097 -0.00232967688680219 921600
1783661847484 -0.0016522766691196011 923648
1783661848490 -0.0016831950724736089 925696
1783661849649 -0.001400667873895145 927744
1783661850652 -0.000436200436524814 929792
1783661851571 -0.001590978183230618 931840
1783661852627 -0.001973525038920343 933888
1783661853730 -0.0025145382296614116 935936
1783661854780 -0.004093321178515907 937984
1783661856178 4.321558662923053e-06 940032
1783661857284 -0.0017706218222883763 942080
1783661858354 -0.0011369920175638981 944128
1783661859229 -0.0007702492530370364 946176
1783661860205 -0.0005560867684835102 948224
1783661861254 -0.001818887310946593 950272
1783661862135 -0.0010572040191618726 952320
1783661863203 -0.0005622872631647624 954368
1783661864192 -0.0009588633256498724 956416
1783661865265 -0.00340856008551782 958464
1783661866266 -0.0012771712717949413 960512
1783661867228 -0.0027042406181863043 962560
1783661868597 -0.000706411001374363 964608
1783661869543 -0.0007314762005989905 966656
1783661870455 -0.0008370105433641584 968704
1783661871279 -0.0007146957232180284 970752
1783661872236 -0.002130319123807567 972800
1783661873353 -0.00022178853669174714 974848
1783661874203 -0.0003685800420498708 976896
1783661875436 -0.0023835212687117746 978944
1783661876459 -0.0019072151771979406 980992
1783661877601 -0.00039789262154954486 983040
1783661878731 -9.301354657509364e-05 985088
1783661879669 -0.0031972466967999935 987136
1783661880924 -0.002121690911735641 989184
1783661881865 -0.0017847272865765262 991232
1783661882913 0.0013673559406015556 993280
1783661884120 -0.00034325305387028493 995328
1783661885139 -0.00187464026203088 997376
1783661886392 -0.00037163305205467623 999424
1783661886758 -0.004115031721691291 1000000
