1783661382891 942.0857830047607 2048
1783661383921 544.816025018692 4096
1783661384882 1073.5811309814453 6144
1783661385841 409.1238704919815 8192
1783661386809 347.82349848747253 10240
1783661387702 318.0952875614166 12288
1783661388590 440.37042915821075 14336
1783661389369 537.4722200632095 16384
1783661390335 349.2182675600052 18432
1783661391232 223.13167077302933 20480
1783661392055 230.43992215394974 22528
1783661392886 204.60855507850647 24576
1783661393757 177.68538808822632 26624
1783661394559 205.3775594830513 28672
1783661395379 185.02029716968536 30720
1783661396287 269.4610946774483 32768
1783661397137 150.9666160941124 34816
1783661398013 139.4767672419548 36864
1783661398955 128.38582250475883 38912
1783661399947 228.2634608745575 40960
1783661400860 113.78628000617027 43008
1783661401715 67.61119557917118 45056
1783661402661 210.3180678486824 47104
1783661403588 118.58810690045357 49152
1783661404493 105.39739747345448 51200
1783661405407 69.980215549469 53248
1783661406614 177.05017453432083 55296
1783661407609 69.85854804515839 57344
1783661408676 92.7452002465725 59392
1783661409674 183.84341323375702 61440
1783661410567 108.37979033589363 63488
1783661411910 97.22098642587662 65536
1783661413034 123.18700930476189 67584
1783661414113 42.27422063052654 69632
1783661415256 63.083714693784714 71680
1783661416249 39.76440993696451 73728
1783661417625 84.75635854899883 75776
1783661418573 37.45121294260025 77824
1783661419805 26.82298244535923 79872
1783661420833 35.04072054475546 81920
1783661421735 82.29034228622913 83968
1783661422762 158.77079844474792 86016
1783661423817 83.42773093283176 88064
1783661425243 46.31883007287979 90112
1783661426685 60.37234425544739 92160
1783661427633 36.47813072800636 94208
1783661428497 55.11536782979965 96256
1783661429427 51.70509675890207 98304
1783661430465 43.17407739907503 100352
1783661431577 15.99934495985508 102400
1783661432453 102.77291567623615 104448
1783661433690 35.27840664982796 106496
1783661434594 39.87258775904775 108544
1783661435687 14.916762724518776 110592
1783661436633 33.84882532060146 112640
1783661437680 13.907421544194221 114688
1783661438839 14.628725580871105 116736
1783661439707 9.676734454929829 118784
1783661441068 11.526600658893585 120832
1783661442007 40.85418580472469 122880
1783661442798 15.015733767300844 124928
1783661443786 14.452319324016571 126976
1783661444710 9.280681312084198 129024
1783661445900 12.726039920002222 131072
1783661446701 9.916054930537939 133120
1783661448065 6.23534288816154 135168
1783661449201 6.166376244276762 137216
1783661450244 34.504019279032946 139264
1783661451500 6.985919274389744 141312
1783661452441 10.490882992744446 143360
1783661453420 23.172867070883512 145408
1783661454597 8.369080545380712 147456
1783661455501 7.858110485598445 149504
1783661456916 11.377138212323189 151552
1783661457839 22.74357838742435 153600
1783661458965 28.603949047625065 155648
1783661460083 7.1454533860087395 157696
1783661460992 5.7073813658207655 159744
1783661462180 6.882468586787581 161792
1783661463223 42.230658281594515 163840
1783661464222 25.965917581692338 165888
1783661465502 7.241021025925875 167936
1783661466513 5.43316534627229 169984
1783661467721 8.537731567397714 172032
1783661469147 24.806832190603018 174080
1783661470138 34.382164511829615 176128
1783661471312 36.6556471567601 178176
1783661472152 5.907452084124088 180224
1783661472969 42.96601028367877 182272
1783661474330 31.631163325160742 184320
1783661475401 64.14830363169312 186368
1783661476484 23.552131965756416 188416
1783661477600 31.868251714855433 190464
1783661478516 61.63162501528859 192512
1783661479868 40.717917596921325 194560
1783661480957 36.60739398561418 196608
1783661481932 11.465820208191872 198656
1783661482763 36.29230396822095 200704
1783661483703 67.0447091832757 202752
1783661484919 41.41492587327957 204800
1783661485765 24.44872404448688 206848
1783661486601 55.27985956519842 208896
1783661487909 31.169532988220453 210944
1783661488984 59.160686794668436 212992
1783661490128 29.362835559993982 215040
1783661491088 21.38491022773087 217088
1783661492032 97.27433156222105 219136
1783661493246 25.232787996530533 221184
1783661494238 55.9268185980618 223232
1783661495503 9.893159460276365 225280
1783661496618 63.73650623112917 227328
1783661497673 61.8621024414897 229376
1783661498955 50.18316683918238 231424
1783661500027 45.643633380532265 233472
1783661501179 48.92396788671613 235520
1783661502532 53.210164446383715 237568
1783661503636 63.05086226761341 239616
1783661504699 24.933946631848812 241664
1783661505967 85.46566312760115 243712
1783661506879 57.103886576369405 245760
1783661507921 22.523797458037734 247808
1783661508925 29.53184400498867 249856
1783661510274 41.68227391317487 251904
1783661511130 25.805562494322658 253952
1783661512111 21.38907442614436 256000
1783661513301 23.658393064513803 258048
1783661514254 41.62060342542827 260096
1783661515494 53.44750188663602 262144
1783661516640 22.130991907790303 264192
1783661517574 67.11824725568295 266240
1783661518868 24.452263839542866 268288
1783661519996 84.39537557587028 270336
1783661520990 60.03290828689933 272384
1783661522433 65.55219943448901 274432
1783661523545 21.757207123562694 276480
1783661524743 41.87048077583313 278528
1783661525717 4.205658661201596 280576
1783661526741 30.325403828173876 282624
1783661528070 61.10168735682964 284672
1783661528946 55.72974785417318 286720
1783661530241 31.82042053900659 288768
1783661531346 101.81360989809036 290816
1783661532352 123.52702336758375 292864
1783661533636 38.73487080261111 294912
1783661534789 21.949110889807343 296960
1783661535952 87.65227577835321 299008
1783661536946 54.54003748297691 301056
1783661537991 69.77014379575849 303104
1783661539377 46.281932627782226 305152
1783661540484 15.423650432378054 307200
1783661541419 43.34646691381931 309248
1783661542795 26.494969476014376 311296
1783661543873 33.22632172331214 313344
1783661544904 33.77991710603237 315392
1783661546239 27.924572870135307 317440
1783661547321 63.560263972729445 319488
1783661548414 57.3548714928329 321536
1783661549769 57.427163334563375 323584
1783661550847 78.43864769116044 325632
1783661551915 73.5018484480679 327680
1783661553202 83.18740554153919 329728
1783661554178 38.2124061062932 331776
1783661555457 133.99227099120617 333824
1783661556479 76.02164803817868 335872
1783661557491 66.62270785495639 337920
1783661558809 61.56240074709058 339968
1783661559873 103.5152112133801 342016
1783661561013 68.86933112516999 344064
1783661562280 47.096604868769646 346112
1783661563180 120.11458990722895 348160
1783661564481 59.91523281484842 350208
1783661565494 43.34018091112375 352256
1783661566432 55.15158240869641 354304
1783661567542 152.41387528181076 356352
1783661568595 80.18862625956535 358400
1783661569856 121.32478623092175 360448
1783661570913 68.56859666109085 362496
1783661572000 55.3568927384913 364544
1783661573377 98.29707060009241 366592
1783661574428 91.17242829501629 368640
1783661575642 51.01801901310682 370688
1783661576706 60.73052139207721 372736
1783661577710 31.89345532655716 374784
1783661578961 87.70462721213698 376832
1783661580117 38.67478094249964 378880
1783661581260 94.20148415118456 380928
1783661582218 66.2336790971458 382976
1783661583014 62.442115381360054 385024
1783661584257 68.80727876350284 387072
1783661585118 71.54227959364653 389120
1783661586215 62.99782308936119 391168
1783661587133 29.100953424349427 393216
1783661588057 89.42743561789393 395264
1783661589002 75.81056363508105 397312
1783661589868 65.81756703928113 399360
1783661590775 37.24884386360645 401408
1783661591661 57.406247831881046 403456
1783661592571 75.5117468945682 405504
1783661593413 33.26494746282697 407552
1783661594545 23.85806743428111 409600
1783661595475 15.99273100309074 411648
1783661596353 28.15202571079135 413696
1783661597280 73.44346399232745 415744
1783661598173 58.18703622370958 417792
1783661599539 84.03569603338838 419840
1783661600454 64.17783545330167 421888
1783661601376 59.19932825118303 423936
1783661602598 70.65128014236689 425984
1783661603469 79.75839657709002 428032
1783661604573 46.56655705347657 430080
1783661605536 66.51139141991735 432128
1783661606492 43.845114164054394 434176
1783661607439 81.97591488063335 436224
1783661608338 61.81800380721688 438272
1783661609443 64.09628117084503 440320
1783661610306 68.8585101775825 442368
1783661611326 44.39797076955438 444416
1783661612744 69.1398427337408 446464
1783661613701 55.44629650935531 448512
1783661614760 115.19066448509693 450560
1783661615687 65.47535341978073 452608
1783661616510 106.49238093942404 454656
1783661617670 47.45831720530987 456704
1783661618562 44.52430009841919 458752
1783661619823 89.37342797219753 460800
1783661620678 48.056254625320435 462848
1783661621854 40.25625656917691 464896
1783661622690 106.99220754951239 466944
1783661623644 45.51975943893194 468992
1783661624527 91.64502159506083 471040
1783661625350 58.001814778894186 473088
1783661626189 98.07006612792611 475136
1783661627032 37.53879635035992 477184
1783661628220 86.78576345741749 479232
1783661629153 88.43103791028261 481280
1783661630118 75.9748710244894 483328
1783661630928 63.107758451253176 485376
1783661631923 72.51140612363815 487424
1783661632837 52.811636216938496 489472
1783661633646 47.77313198521733 491520
1783661634912 25.84662363305688 493568
1783661635947 60.03741756081581 495616
1783661637041 137.6080922111869 497664
1783661638198 57.45068087056279 499712
1783661639102 61.94577807933092 501760
1783661640204 45.680906910449266 503808
1783661641214 73.57899687439203 505856
1783661642441 93.72683443129063 507904
1783661643507 74.56576557457447 509952
1783661644479 73.34673184156418 512000
1783661645717 22.488373355939984 514048
1783661646643 114.45152342319489 516096
1783661647665 86.01331992447376 518144
1783661648539 118.53227020800114 520192
1783661649357 33.734880562871695 522240
1783661650630 72.52036155760288 524288
1783661651640 68.61590398102999 526336
1783661652836 46.55342784896493 528384
1783661653654 69.24004012346268 530432
1783661654623 109.21785332262516 532480
1783661655577 82.03465463593602 534528
1783661656465 138.10104467719793 536576
1783661657553 77.29838667064905 538624
1783661658502 63.851846404373646 540672
1783661659472 34.284720219671726 542720
1783661660365 75.85470943152905 544768
1783661661170 57.72778224572539 546816
1783661662275 36.64799673482776 548864
1783661663152 60.941161043941975 550912
1783661664184 26.829995615407825 552960
1783661665207 81.59497021138668 555008
1783661666197 97.32758305966854 557056
1783661667527 28.286336220800877 559104
1783661668574 92.12715716660023 561152
1783661669712 54.55972343683243 563200
1783661670768 86.41937012970448 565248
1783661671852 55.7596024684608 567296
1783661673175 39.42257257178426 569344
1783661674151 21.222445625811815 571392
1783661675367 70.15161890164018 573440
1783661676382 94.91187879443169 575488
1783661677428 35.084047954529524 577536
1783661678310 18.315166072919965 579584
1783661679125 10.58487948961556 581632
1783661680296 65.77313572913408 583680
1783661681179 34.65471247211099 585728
1783661682206 72.01097040250897 587776
1783661683099 19.469330575317144 589824
1783661684028 18.943049229681492 591872
1783661684921 30.23006772249937 593920
1783661685698 49.461517069488764 595968
1783661686911 94.74961081892252 598016
1783661687890 63.814273906871676 600064
1783661689074 77.88428626954556 602112
1783661690102 93.87572893500328 604160
1783661691030 82.13748447597027 606208
1783661692263 100.92588457465172 608256
1783661693225 77.53663366287947 610304
1783661694090 83.7708228006959 612352
1783661695116 67.8094192892313 614400
1783661696067 100.04922464489937 616448
1783661697229 58.33650878071785 618496
1783661698171 80.93506285175681 620544
1783661699524 102.8980637602508 622592
1783661700433 80.53395892679691 624640
1783661701508 84.25996166467667 626688
1783661702472 60.63004318997264 628736
1783661703350 45.785133078694344 630784
1783661704393 69.70744400471449 632832
1783661705253 62.43315490335226 634880
1783661706186 45.63061073422432 636928
1783661707174 45.60726007074118 638976
1783661708069 69.25465177744627 641024
1783661709339 71.87250050902367 643072
1783661710283 54.918558679521084 645120
1783661711211 37.56071159243584 647168
1783661712175 66.23321123048663 649216
1783661713061 83.87953112274408 651264
1783661714044 69.87105176597834 653312
1783661714994 64.51247199997306 655360
1783661716313 14.40255573950708 657408
1783661717310 41.67376209050417 659456
1783661718358 71.47009589895606 661504
1783661719154 48.21258879825473 663552
1783661720159 117.3802037537098 665600
1783661721536 43.77557009086013 667648
1783661722463 33.21528747305274 669696
1783661723425 31.120799515396357 671744
1783661724430 150.08837105333805 673792
1783661725312 45.370276018977165 675840
1783661726191 108.97584453225136 677888
1783661727077 103.38976357132196 679936
1783661728279 54.814772360026836 681984
1783661729232 43.40719446912408 684032
1783661730074 77.18309033289552 686080
1783661731068 59.1735378280282 688128
1783661731971 54.211583990603685 690176
1783661733313 17.65262672957033 692224
1783661734280 90.68260082602501 694272
1783661735167 86.1652497574687 696320
1783661736047 94.63530443236232 698368
1783661736935 85.77922204136848 700416
1783661738163 47.81597721576691 702464
1783661739124 83.64310972392559 704512
1783661739976 90.25773221999407 706560
1783661740825 72.04545257985592 708608
1783661741801 99.79236557334661 710656
1783661742673 129.52650605887175 712704
1783661743489 94.59866172075272 714752
1783661744546 115.49286848306656 716800
1783661745505 119.29515326023102 718848
1783661746893 106.13735876977444 720896
1783661747986 118.23432004451752 722944
1783661749085 114.15048295259476 724992
1783661750045 122.03013211488724 727040
1783661750986 125.18800124526024 729088
1783661752309 65.7509244158864 731136
1783661753209 83.21511335670948 733184
1783661754260 80.27712763100863 735232
1783661755176 74.10776248946786 737280
1783661756118 121.93129926919937 739328
1783661757065 56.97471556812525 741376
1783661757956 137.06925588846207 743424
1783661759167 107.29281486570835 745472
1783661760131 130.65588966012 747520
1783661761211 84.58526036888361 749568
1783661762344 59.3907226100564 751616
1783661763245 58.80735991150141 753664
1783661764515 81.479936003685 755712
1783661765622 90.33675295859575 757760
1783661766758 118.07199770212173 759808
1783661767706 80.88051294535398 761856
1783661768620 126.76187035441399 763904
1783661769797 90.10094609111547 765952
1783661770716 90.65490496903658 768000
1783661771624 59.76281076669693 770048
1783661772708 70.20680122077465 772096
1783661773660 80.72337499260902 774144
1783661774874 72.69829739630222 776192
1783661775745 54.305415108799934 778240
1783661776735 84.22071036696434 780288
1783661777552 41.03026935085654 782336
1783661778522 64.51850479841232 784384
1783661779505 23.687885954976082 786432
1783661780446 56.77054838091135 788480
1783661781397 93.10157437622547 790528
1783661782487 76.20239299535751 792576
1783661783489 59.08505852520466 794624
1783661784777 62.574133943766356 796672
1783661785704 57.41439227387309 798720
1783661786619 98.68517783284187 800768
1783661787444 88.01803440600634 802816
1783661788326 64.40988427400589 804864
1783661789554 92.85279835760593 806912
1783661790496 96.3313212916255 808960
1783661791562 58.297680996358395 811008
1783661792782 28.14357728138566 813056
1783661793779 68.76620529964566 815104
1783661794619 51.838736210018396 817152
1783661795524 113.77339644730091 819200
1783661796443 46.62587272375822 821248
1783661797510 91.41117817163467 823296
1783661798352 48.62535395473242 825344
1783661799467 57.58937583863735 827392
1783661800297 56.26075258105993 829440
1783661801161 88.73803468048573 831488
1783661802335 155.784278601408 833536
1783661803330 42.74468738399446 835584
1783661804400 17.99858580995351 837632
1783661805611 79.28768794238567 839680
1783661806530 94.79477562010288 841728
1783661807731 57.383624996989965 843776
1783661808676 78.38452420383692 845824
1783661809903 115.99765925854445 847872
1783661810864 106.78053776919842 849920
1783661811730 57.09605897217989 851968
1783661812793 50.63837403059006 854016
1783661813710 53.21203154325485 856064
1783661814770 93.36259573698044 858112
1783661815719 48.535073824226856 860160
1783661816934 70.66389093920588 862208
1783661817867 151.00859829038382 864256
1783661818753 143.1107856631279 866304
1783661819922 108.74544717371464 868352
1783661820793 132.2603385746479 870400
1783661821815 99.65764418244362 872448
1783661823027 113.47511790692806 874496
1783661824035 125.55633407831192 876544
1783661825249 57.86908756196499 878592
1783661826173 118.90413746237755 880640
1783661827390 106.86448314785957 882688
1783661828355 158.5915828794241 884736
1783661829158 72.83152677863836 886784
1783661830039 49.53006470948458 888832
1783661830875 104.44335906207561 890880
1783661832195 64.32726803421974 892928
1783661833137 94.68520292639732 894976
1783661834097 68.71999168395996 897024
1783661835134 60.71341145783663 899072
1783661836017 63.12500526756048 901120
1783661837182 57.19244749844074 903168
1783661838234 125.80463744699955 905216
1783661839284 64.9309918731451 907264
1783661840355 49.588018126785755 909312
1783661841253 76.3504890576005 911360
1783661842371 34.530945893377066 913408
1783661843345 109.12961523234844 915456
1783661844277 134.81771042943 917504
1783661845203 46.09201019629836 919552
1783661846097 45.62938170135021 921600
1783661847484 88.47694554924965 923648
1783661848490 70.11972983926535 925696
1783661849649 108.0804029777646 927744
1783661850652 47.35395170003176 929792
1783661851571 97.24690989404917 931840
1783661852627 69.88049536943436 933888
1783661853730 40.517076551914215 935936
1783661854780 45.42807886749506 937984
1783661856178 82.69252096116543 940032
1783661857284 89.73505367338657 942080
1783661858354 65.9803276360035 944128
1783661859229 148.0545852035284 946176
1783661860205 77.62756311148405 948224
1783661861254 105.66468965262175 950272
1783661862135 31.93885314464569 952320
1783661863203 92.97712706029415 954368
1783661864192 50.62789165228605 956416
1783661865265 60.999483056366444 958464
1783661866266 47.16054905205965 960512
1783661867228 37.7648996822536 962560
1783661868597 57.540881492197514 964608
1783661869543 117.04925237596035 966656
1783661870455 122.47180480509996 968704
1783661871279 77.84218647331 970752
1783661872236 64.69975589215755 972800
1783661873353 114.84307795763016 974848
1783661874203 90.67600781470537 976896
1783661875436 108.22651916742325 978944
1783661876459 76.64748486876488 980992
1783661877601 85.52615442872047 983040
1783661878731 65.5680357478559 985088
1783661879669 53.09699595347047 987136
1783661880924 68.38697733730078 989184
1783661881865 139.59278728812933 991232
1783661882913 34.3697323910892 993280
1783661884120 69.35257980972528 995328
1783661885139 100.60895165801048 997376
1783661886392 31.82576046139002 999424
1783661886758 35.33062940835953 1000000
