1783661382891 1884.2063360214233 2048
1783661383921 1089.6607365608215 4096
1783661384882 2147.1956701278687 6144
1783661385841 818.2795553207397 8192
1783661386809 695.6800007820129 10240
1783661387702 636.220912694931 12288
1783661388590 880.7812490463257 14336
1783661389369 1074.984572172165 16384
1783661390335 698.468056678772 18432
1783661391232 446.298411488533 20480
1783661392055 460.91662991046906 22528
1783661392886 409.2505805492401 24576
1783661393757 355.4048761129379 26624
1783661394559 410.7938040494919 28672
1783661395379 370.07142186164856 30720
1783661396287 538.9562828540802 32768
1783661397137 301.96362042427063 34816
1783661398013 278.98138988018036 36864
1783661398955 256.8026386499405 38912
1783661399947 456.55380749702454 40960
1783661400860 227.60966050624847 43008
1783661401715 135.25771233439445 45056
1783661402661 420.6658650636673 47104
1783661403588 237.20465457439423 49152
1783661404493 210.8195042014122 51200
1783661405407 139.99180594086647 53248
1783661406614 354.12844836711884 55296
1783661407609 139.74442449212074 57344
1783661408676 185.53238579630852 59392
1783661409674 367.71091520786285 61440
1783661410567 216.79271960258484 63488
1783661411910 194.4680312871933 65536
1783661413034 246.4016454219818 67584
1783661414113 84.58077365159988 69632
1783661415256 126.19493234157562 71680
1783661416249 79.56254291534424 73728
1783661417625 169.5414412021637 75776
1783661418573 74.93383115530014 77824
1783661419805 53.672786861658096 79872
1783661420833 70.11555296182632 81920
1783661421735 164.63228765130043 83968
1783661422762 317.5647985339165 86016
1783661423817 166.88331496715546 88064
1783661425243 92.66282732784748 90112
1783661426685 120.77692154049873 92160
1783661427633 72.98367741703987 94208
1783661428497 110.25296401977539 96256
1783661429427 103.4361045062542 98304
1783661430465 86.38362361490726 100352
1783661431577 32.02252756804228 102400
1783661432453 205.57266747951508 104448
1783661433690 70.57848715782166 106496
1783661434594 79.76986441016197 108544
1783661435687 29.862558752298355 110592
1783661436633 67.72759011387825 112640
1783661437680 27.841926768422127 114688
1783661438839 29.287742994725704 116736
1783661439707 19.378009669482708 118784
1783661441068 23.07486090809107 120832
1783661442007 81.7379874587059 122880
1783661442798 30.05918762087822 124928
1783661443786 28.937398299574852 126976
1783661444710 18.591640576720238 129024
1783661445900 25.475895442068577 131072
1783661446701 19.856180265545845 133120
1783661448065 12.498612213879824 135168
1783661449201 12.358712751418352 137216
1783661450244 69.03205744177103 139264
1783661451500 13.998792849481106 141312
1783661452441 21.00866238027811 143360
1783661453420 46.36699778959155 145408
1783661454597 16.764892004430294 147456
1783661455501 15.73563164845109 149504
1783661456916 22.777042850852013 151552
1783661457839 45.515500742942095 153600
1783661458965 57.23101718351245 155648
1783661460083 14.319604806602001 157696
1783661460992 11.437015306204557 159744
1783661462180 13.79034961014986 161792
1783661463223 84.48476298898458 163840
1783661464222 51.951995853334665 165888
1783661465502 14.505932593718171 167936
1783661466513 10.89413377456367 169984
1783661467721 17.093992728739977 172032
1783661469147 49.635927334427834 174080
1783661470138 68.7862662859261 176128
1783661471312 73.33352544158697 178176
1783661472152 11.838812686502934 180224
1783661472969 85.95213707536459 182272
1783661474330 63.280438121408224 184320
1783661475401 128.3160325884819 186368
1783661476484 47.12446280568838 188416
1783661477600 63.757045678794384 190464
1783661478516 123.28263558447361 192512
1783661479868 81.45646383240819 194560
1783661480957 73.2422439455986 196608
1783661481932 22.955546014010906 198656
1783661482763 72.60992846637964 200704
1783661483703 134.11046225577593 202752
1783661484919 82.85096879303455 204800
1783661485765 48.91813247650862 206848
1783661486601 110.58661763370037 208896
1783661487909 62.36185397207737 210944
1783661488984 118.34411984682083 212992
1783661490128 58.74317958205938 215040
1783661491088 42.787355586886406 217088
1783661492032 194.5685919523239 219136
1783661493246 50.48670896142721 221184
1783661494238 111.8762679323554 223232
1783661495503 19.8081315420568 225280
1783661496618 127.49303109943867 227328
1783661497673 123.74755566567183 229376
1783661498955 100.38522651791573 231424
1783661500027 91.30774092674255 233472
1783661501179 97.87018806487322 235520
1783661502532 106.4438371360302 237568
1783661503636 126.12340622395277 239616
1783661504699 49.88950088992715 241664
1783661505967 170.9529360383749 243712
1783661506879 114.22705687209964 245760
1783661507921 45.06605679914355 247808
1783661508925 59.08466190099716 249856
1783661510274 83.38395241647959 251904
1783661511130 51.62829042971134 253952
1783661512111 42.799703150987625 256000
1783661513301 47.34140528738499 258048
1783661514254 83.26744382455945 260096
1783661515494 106.9209756553173 262144
1783661516640 44.279098235070705 264192
1783661517574 134.25657015293837 266240
1783661518868 48.92834973335266 268288
1783661519996 168.81216008216143 270336
1783661520990 120.08621089160442 272384
1783661522433 131.12510093301535 274432
1783661523545 43.54119125008583 276480
1783661524743 83.76109211146832 278528
1783661525717 8.43087326362729 280576
1783661526741 60.67141493409872 282624
1783661528070 122.2227735966444 284672
1783661528946 111.4845609292388 286720
1783661530241 63.658098224550486 288768
1783661531346 203.64391592144966 290816
1783661532352 247.07297411561012 292864
1783661533636 77.49545581638813 294912
1783661534789 43.91389040276408 296960
1783661535952 175.32617967575788 299008
1783661536946 109.10469065606594 301056
1783661537991 139.56047774851322 303104
1783661539377 92.58611743152142 305152
1783661540484 30.869031369686127 307200
1783661541419 86.71238487958908 309248
1783661542795 53.00809978693724 311296
1783661543873 66.4768017232418 313344
1783661544904 67.58065936714411 315392
1783661546239 55.86675291508436 317440
1783661547321 127.13935427367687 319488
1783661548414 114.72951036691666 321536
1783661549769 114.87178916111588 323584
1783661550847 156.897942148149 325632
1783661551915 147.023904658854 327680
1783661553202 166.39109008014202 329728
1783661554178 76.44571426510811 331776
1783661555457 268.0097117424011 333824
1783661556479 152.0651059895754 335872
1783661557491 133.26253797113895 337920
1783661558809 123.14350009709597 339968
1783661559873 207.05143496394157 342016
1783661561013 137.7537334561348 344064
1783661562280 94.21250614523888 346112
1783661563180 240.24987280368805 348160
1783661564481 119.84737226366997 350208
1783661565494 86.70020430535078 352256
1783661566432 110.3185717985034 354304
1783661567542 304.8485803902149 356352
1783661568595 160.3996825441718 358400
1783661569856 242.67449901998043 360448
1783661570913 137.15671261399984 362496
1783661572000 110.73181676119566 364544
1783661573377 196.6170322149992 366592
1783661574428 182.36953098326921 368640
1783661575642 102.05111825466156 370688
1783661576706 121.48074688017368 372736
1783661577710 63.80583307147026 374784
1783661578961 175.42835629731417 376832
1783661580117 77.36834385246038 378880
1783661581260 188.42303505539894 380928
1783661582218 132.48604010045528 382976
1783661583014 124.89901215583086 385024
1783661584257 137.63286544382572 387072
1783661585118 143.1033555045724 389120
1783661586215 126.01852908730507 391168
1783661587133 58.22190007939935 393216
1783661588057 178.8749885559082 395264
1783661589002 151.64221826940775 397312
1783661589868 131.6523253917694 399360
1783661590775 74.51933649927378 401408
1783661591661 114.83243132382631 403456
1783661592571 151.04705333709717 405504
1783661593413 66.54874616861343 407552
1783661594545 47.73597854375839 409600
1783661595475 32.00320451334119 411648
1783661596353 56.33328827470541 413696
1783661597280 146.90979240089655 415744
1783661598173 116.39392821490765 417792
1783661599539 168.09148962050676 419840
1783661600454 128.3751968666911 421888
1783661601376 118.41700547933578 423936
1783661602598 141.32231210917234 425984
1783661603469 159.5399426072836 428032
1783661604573 93.15068688988686 430080
1783661605536 133.0409301444888 432128
1783661606492 87.7067263647914 434176
1783661607439 163.9709469974041 436224
1783661608338 123.6602182239294 438272
1783661609443 128.21381590515375 440320
1783661610306 137.74222280830145 442368
1783661611326 88.81321934610605 444416
1783661612744 138.3008187711239 446464
1783661613701 110.9115047454834 448512
1783661614760 230.40272462368011 450560
1783661615687 130.97448693960905 452608
1783661616510 213.0021488070488 454656
1783661617670 94.93766935169697 456704
1783661618562 89.06909829378128 458752
1783661619823 178.7658744007349 460800
1783661620678 96.1362396851182 462848
1783661621854 80.5312232375145 464896
1783661622690 213.99894024431705 466944
1783661623644 91.05845019221306 468992
1783661624527 183.30725958943367 471040
1783661625350 116.02242767810822 473088
1783661626189 196.15759381651878 475136
1783661627032 75.09275791049004 477184
1783661628220 173.59085273742676 479232
1783661629153 176.88396686315536 481280
1783661630118 151.96851833164692 483328
1783661630928 126.2300482019782 485376
1783661631923 145.038924112916 487424
1783661632837 105.63919162750244 489472
1783661633646 95.56586948037148 491520
1783661634912 51.71241137385368 493568
1783661635947 120.08943974971771 495616
1783661637041 275.2365079820156 497664
1783661638198 114.91846849024296 499712
1783661639102 123.91195726394653 501760
1783661640204 91.38386771827936 503808
1783661641214 147.18322621285915 505856
1783661642441 187.47213652729988 507904
1783661643507 149.1497960984707 509952
1783661644479 146.7142105102539 512000
1783661645717 44.994649570435286 514048
1783661646643 228.92086321115494 516096
1783661647665 172.04327549785376 518144
1783661648539 237.082573980093 520192
1783661649357 67.48617117106915 522240
1783661650630 145.05880784243345 524288
1783661651640 137.25090327858925 526336
1783661652836 93.1270828768611 528384
1783661653654 138.49739749729633 530432
1783661654623 218.45784485340118 532480
1783661655577 164.08856630325317 534528
1783661656465 276.2256305962801 536576
1783661657553 154.61373052001 538624
1783661658502 127.72424557805061 540672
1783661659472 68.58698771893978 542720
1783661660365 151.72690492868423 544768
1783661661170 115.47548672556877 546816
1783661662275 73.31624394655228 548864
1783661663152 121.90286959707737 550912
1783661664184 53.67833049967885 552960
1783661665207 163.21340629458427 555008
1783661666197 194.67644540965557 557056
1783661667527 56.594277918338776 559104
1783661668574 184.277847006917 561152
1783661669712 109.13744242489338 563200
1783661670768 172.8592507392168 565248
1783661671852 111.5433144941926 567296
1783661673175 78.86942733079195 569344
1783661674151 42.46501649171114 571392
1783661675367 140.32357417792082 573440
1783661676382 189.841287471354 575488
1783661677428 70.19133642315865 577536
1783661678310 36.650853138417006 579584
1783661679125 21.194036789238453 581632
1783661680296 131.56280755996704 583680
1783661681179 69.32608671486378 585728
1783661682206 144.04077771306038 587776
1783661683099 38.95568314194679 589824
1783661684028 37.90836501866579 591872
1783661684921 60.47634308040142 593920
1783661685698 98.94743516296148 595968
1783661686911 189.51939456164837 598016
1783661687890 127.64588488638401 600064
1783661689074 155.78879462182522 602112
1783661690102 187.77067825198174 604160
1783661691030 164.29334558546543 606208
1783661692263 201.8671041727066 608256
1783661693225 155.09573715925217 610304
1783661694090 167.5623981654644 612352
1783661695116 135.63575398921967 614400
1783661696067 200.11700201034546 616448
1783661697229 116.68823707848787 618496
1783661698171 161.89170326292515 620544
1783661699524 205.8144112750888 622592
1783661700433 161.0864964723587 624640
1783661701508 168.54157987236977 626688
1783661702472 121.2775107845664 628736
1783661703350 91.58674885332584 630784
1783661704393 139.43666429072618 632832
1783661705253 124.88620523363352 634880
1783661706186 91.28231184184551 636928
1783661707174 91.23842391371727 638976
1783661708069 138.52816294133663 641024
1783661709339 143.76368071883917 643072
1783661710283 109.85244743525982 645120
1783661711211 75.14093384891748 647168
1783661712175 132.48460275679827 649216
1783661713061 167.78024053573608 651264
1783661714044 139.76377376914024 653312
1783661714994 129.04624970257282 655360
1783661716313 28.8204382956028 657408
1783661717310 83.36287546902895 659456
1783661718358 142.9603966474533 661504
1783661719154 96.44808833301067 663552
1783661720159 234.78001379966736 665600
1783661721536 87.56926843523979 667648
1783661722463 66.44725272804499 669696
1783661723425 62.26094971597195 671744
1783661724430 300.1946821808815 673792
1783661725312 90.76470605656505 675840
1783661726191 217.97189509868622 677888
1783661727077 206.79597410559654 679936
1783661728279 109.64888183772564 681984
1783661729232 86.8359959423542 684032
1783661730074 154.38579978048801 686080
1783661731068 118.36254633963108 688128
1783661731971 108.44221512973309 690176
1783661733313 35.31681455485523 692224
1783661734280 181.38422502577305 694272
1783661735167 172.34959936141968 696320
1783661736047 189.2883157134056 698368
1783661736935 171.57404819130898 700416
1783661738163 95.64906692504883 702464
1783661739124 167.30397137999535 704512
1783661739976 180.53320463001728 706560
1783661740825 144.10988421738148 708608
1783661741801 199.60235965251923 710656
1783661742673 259.0747396349907 712704
1783661743489 189.21319231390953 714752
1783661744546 231.00477069616318 716800
1783661745505 238.61046421527863 718848
1783661746893 212.29005452990532 720896
1783661747986 236.48624941706657 722944
1783661749085 228.32089081406593 724992
1783661750045 244.08045208454132 727040
1783661750986 250.3920323252678 729088
1783661752309 131.51998381316662 731136
1783661753209 166.44793677330017 733184
1783661754260 160.5763354897499 735232
1783661755176 148.23211380839348 737280
1783661756118 243.88048753142357 739328
1783661757065 113.96231555193663 741376
1783661757956 274.16077521443367 743424
1783661759167 214.6012672483921 745472
1783661760131 261.3262915611267 747520
1783661761211 169.18893015384674 749568
1783661762344 118.79462112486362 751616
1783661763245 117.63238926231861 753664
1783661764515 162.97648049890995 755712
1783661765622 180.6902619972825 757760
1783661766758 236.16051375865936 759808
1783661767706 161.7770465016365 761856
1783661768620 253.54257321357727 763904
1783661769797 180.22146806120872 765952
1783661770716 181.3261077105999 768000
1783661771624 119.54152671992779 770048
1783661772708 140.43191991746426 772096
1783661773660 161.46789595484734 774144
1783661774874 145.41406911611557 776192
1783661775745 108.62796795368195 778240
1783661776735 168.45734290778637 780288
1783661777552 82.07958634197712 782336
1783661778522 129.0575248748064 784384
1783661779505 47.39665485918522 786432
1783661780446 113.56233701109886 788480
1783661781397 186.22128801047802 790528
1783661782487 152.41976654529572 792576
1783661783489 118.18885137140751 794624
1783661784777 125.16580325365067 796672
1783661785704 114.84229691326618 798720
1783661786619 197.38612419366837 800768
1783661787444 176.05500611662865 802816
1783661788326 128.8358693793416 804864
1783661789554 185.72606548666954 806912
1783661790496 192.68325823545456 808960
1783661791562 116.61337827146053 811008
1783661792782 56.303008921444416 813056
1783661793779 137.55260109901428 815104
1783661794619 103.69360008090734 817152
1783661795524 227.56365133076906 819200
1783661796443 93.26937212049961 821248
1783661797510 182.8399547636509 823296
1783661798352 97.27222649753094 825344
1783661799467 115.19548454880714 827392
1783661800297 112.5353327691555 829440
1783661801161 177.49407766759396 831488
1783661802335 311.5888537168503 833536
1783661803330 85.50777215510607 835584
1783661804400 36.0146378390491 837632
1783661805611 158.59280622005463 839680
1783661806530 189.6055759191513 841728
1783661807731 114.78249333053827 843776
1783661808676 156.7873454093933 845824
1783661809903 232.0176368802786 847872
1783661810864 213.57509139180183 849920
1783661811730 114.21316254138947 851968
1783661812793 101.29367639124393 854016
1783661813710 106.44228157401085 856064
1783661814770 186.73896729946136 858112
1783661815719 97.08895772695541 860160
1783661816934 141.34497432410717 862208
1783661817867 302.0340346843004 864256
1783661818753 286.237748503685 866304
1783661819922 217.51039946079254 868352
1783661820793 264.53723073005676 870400
1783661821815 199.33762419223785 872448
1783661823027 226.9652448296547 874496
1783661824035 251.1304681301117 876544
1783661825249 115.75450828671455 878592
1783661826173 237.82698965072632 880640
1783661827390 213.74422499537468 882688
1783661828355 317.2012012898922 884736
1783661829158 145.6840776205063 886784
1783661830039 99.07635278999805 888832
1783661830875 208.90794095396996 890880
1783661832195 128.67020101845264 892928
1783661833137 189.38721925020218 894976
1783661834097 137.45905379951 897024
1783661835134 121.44711604714394 899072
1783661836017 126.26722604036331 901120
1783661837182 114.40354742109776 903168
1783661838234 251.63094222545624 905216
1783661839284 129.87459068000317 907264
1783661840355 99.19350887835026 909312
1783661841253 152.71936900913715 911360
1783661842371 69.07526670396328 913408
1783661843345 218.27626577019691 915456
1783661844277 269.65320122241974 917504
1783661845203 92.1967459321022 919552
1783661846097 91.27467177808285 921600
1783661847484 176.97212514281273 923648
1783661848490 140.2581358999014 925696
1783661849649 216.17899669706821 927744
1783661850652 94.7241464778781 929792
1783661851571 194.51299546658993 931840
1783661852627 139.77967278659344 933888
1783661853730 81.05026416480541 935936
1783661854780 90.87801785767078 937984
1783661856178 165.39756280183792 940032
1783661857284 179.48968867957592 942080
1783661858354 131.97672048211098 944128
1783661859229 296.1251729130745 946176
1783661860205 155.26968947052956 948224
1783661861254 211.34728364646435 950272
1783661862135 63.89422965049744 952320
1783661863203 185.9708453118801 954368
1783661864192 101.27090699970722 956416
1783661865265 122.01970337331295 958464
1783661866266 94.33762162923813 960512
1783661867228 75.54766988754272 962560
1783661868597 115.09689962863922 964608
1783661869543 234.11307296156883 966656
1783661870455 244.96151040494442 968704
1783661871279 155.70029418170452 970752
1783661872236 129.4175438284874 972800
1783661873353 229.7028704881668 974848
1783661874203 181.36734688282013 976896
1783661875436 216.47227856516838 978944
1783661876459 153.31222757697105 980992
1783661877601 171.06543791294098 983040
1783661878731 131.15093605220318 985088
1783661879669 106.21546414494514 987136
1783661880924 136.79211282730103 989184
1783661881865 279.2041205316782 991232
1783661882913 68.75084357336164 993280
1783661884120 138.72134560346603 995328
1783661885139 201.23597422242165 997376
1783661886392 63.667477529495955 999424
1783661886758 70.68048347367181 1000000
