1783659267971 -116.086074 2048
1783659269116 -112.601821 4096
1783659270263 -109.97467200000001 6144
1783659271329 -108.7229775 8192
1783659272540 -106.43163607142858 10240
1783659273792 -105.35398186666667 12288
1783659274884 -105.94084159999997 14336
1783659276112 -105.05779629999999 16384
1783659277236 -104.7283022 18432
1783659278499 -102.7646134 20480
1783659279766 -101.83101674999999 22528
1783659280990 -99.65063369999999 24576
1783659282103 -100.75261625 26624
1783659283251 -99.67205715 28672
1783659284408 -98.70834685 30720
1783659285579 -96.8776954 32768
1783659286757 -96.53436835 34816
1783659288000 -93.9534452 36864
1783659289237 -93.1553834 38912
1783659290481 -99.11561345 40960
1783659291655 -100.75726845 43008
1783659292952 -100.85996255 45056
1783659294148 -100.50704665 47104
1783659295419 -100.69744585000001 49152
1783659296611 -100.65710270000001 51200
1783659297743 -98.84731905 53248
1783659298872 -97.31590699999998 55296
1783659299997 -94.5457782 57344
1783659301182 -92.9851167 59392
1783659302430 -91.44798895 61440
1783659303504 -89.79187025 63488
1783659304683 -88.05614940000001 65536
1783659305965 -85.99022945 67584
1783659307156 -85.697438 69632
1783659308357 -85.72670579999999 71680
1783659309514 -85.53154824999999 73728
1783659310636 -84.34776205 75776
1783659311783 -85.13701154999998 77824
1783659312978 -85.14465700000001 79872
1783659314057 -84.31243425 81920
1783659315286 -82.93358255 83968
1783659316362 -82.7569041 86016
1783659317545 -82.7200412 88064
1783659318747 -80.01351910000001 90112
1783659320008 -79.60405954999999 92160
1783659321155 -81.09189439999997 94208
1783659322354 -79.58615229999998 96256
1783659323539 -78.18656315 98304
1783659324563 -77.03322160000002 100352
1783659325780 -76.77458425 102400
1783659327036 -73.0118802 104448
1783659328153 -73.641997 106496
1783659329219 -70.1478822 108544
1783659330466 -74.76276635 110592
1783659331548 -74.2308687 112640
1783659332777 -79.76410605000001 114688
1783659333963 -80.09934455000001 116736
1783659335135 -80.35265365000001 118784
1783659336290 -80.248607 120832
1783659337602 -77.4948674 122880
1783659338808 -80.68319630000002 124928
1783659339949 -81.13303275000001 126976
1783659341160 -81.05590060000002 129024
1783659342442 -78.48116005 131072
1783659343637 -78.83997875 133120
1783659344886 -79.40571455 135168
1783659346123 -76.7297979 137216
1783659347352 -74.15120994999998 139264
1783659348504 -73.81372544999999 141312
1783659349722 -73.35592825 143360
1783659350927 -72.35198869999999 145408
1783659352191 -69.92235465 147456
1783659353348 -66.36712359999999 149504
1783659354555 -68.42520354999999 151552
1783659355750 -64.19350105 153600
1783659356786 -63.077178749999995 155648
1783659357934 -58.1282473 157696
1783659358982 -55.65586915 159744
1783659360147 -50.91703344999999 161792
1783659361370 -49.0657895 163840
1783659362558 -43.9311151 165888
1783659363710 -41.41097934999999 167936
1783659364984 -38.65718225 169984
1783659366169 -33.487866849999996 172032
1783659367244 -31.004968649999988 174080
1783659368384 -27.8717582 176128
1783659369513 -20.67697685 178176
1783659370735 -23.293413800000003 180224
1783659371718 -16.164894699999998 182272
1783659372939 -5.551320899999998 184320
1783659374099 -2.5379718000000007 186368
1783659375349 -7.326126649999997 188416
1783659376535 -4.329899100000001 190464
1783659377728 -9.5263859 192512
1783659378913 -12.854759300000001 194560
1783659380088 -17.195738749999997 196608
1783659381265 -12.555830999999998 198656
1783659382432 -18.8662866 200704
1783659383660 -10.597675900000002 202752
1783659384840 -0.8966552499999985 204800
1783659385985 -3.87479185 206848
1783659387237 -2.9759709999999986 208896
1783659388390 6.027183300000002 210944
1783659389552 16.369540100000002 212992
1783659390706 16.993093299999998 215040
1783659391859 19.342165650000002 217088
1783659393023 23.623387700000002 219136
1783659394193 26.12742315 221184
1783659395399 35.1340273 223232
1783659396552 40.53498445 225280
1783659397762 42.86025225 227328
1783659398887 47.01716495000001 229376
1783659400069 39.53190515000001 231424
1783659401181 47.05085585000001 233472
1783659402359 49.74313840000001 235520
1783659403565 44.437086650000005 237568
1783659404763 30.907788950000008 239616
1783659405947 32.77591450000001 241664
1783659407095 29.598550949999996 243712
1783659408265 33.327149600000006 245760
1783659409431 27.0038808 247808
1783659410585 12.420725650000001 249856
1783659411730 14.301701000000003 251904
1783659412882 18.92305905 253952
1783659414063 19.81989785 256000
1783659415267 19.949165 258048
1783659416454 30.557539000000002 260096
1783659417616 30.282059300000004 262144
1783659418824 38.581453350000004 264192
1783659420046 34.22255715000001 266240
1783659421276 36.4918089 268288
1783659422470 49.0673801 270336
1783659423630 59.069193199999994 272384
1783659424655 68.86784574999999 274432
1783659425826 68.81730530000002 276480
1783659427009 70.90751355 278528
1783659428160 72.50709675 280576
1783659429358 86.5627568 282624
1783659430403 101.4962635 284672
1783659431529 76.58526624999999 286720
1783659432761 81.48570125 288768
1783659433988 66.9710713 290816
1783659435165 69.25506570000002 292864
1783659436457 36.79434019999999 294912
1783659437607 50.7818441 296960
1783659438692 45.01505674999999 299008
1783659439754 46.0455089 301056
1783659440761 47.70343575 303104
1783659441937 42.46498989999999 305152
1783659443150 53.878685999999995 307200
1783659444326 55.798305000000006 309248
1783659445494 62.05593534999999 311296
1783659446760 60.73394714999999 313344
1783659447868 60.32999540000001 315392
1783659449013 13.916151649999998 317440
1783659450176 15.421798499999998 319488
1783659451344 28.7479454 321536
1783659452485 44.346053749999996 323584
1783659453649 34.72481525 325632
1783659454890 51.997973849999994 327680
1783659456032 52.19258685 329728
1783659457179 66.80363945 331776
1783659458214 65.9752939 333824
1783659459413 69.23785490000002 335872
1783659460574 84.7742943 337920
1783659461718 93.12907709999999 339968
1783659462895 113.21894365 342016
1783659464039 99.54614604999999 344064
1783659465103 82.46118609999999 346112
1783659466187 98.1027586 348160
1783659467484 115.12231185 350208
1783659468678 115.43785419999999 352256
1783659469719 103.42378249999999 354304
1783659470911 105.22918485 356352
1783659472188 84.5089721 358400
1783659473511 52.75693205 360448
1783659474844 52.82622895000001 362496
1783659475916 63.642075899999995 364544
1783659477138 76.13003174999999 366592
1783659478330 76.35994629999999 368640
1783659479531 63.886659900000005 370688
1783659480717 66.37540195 372736
1783659481918 57.99497935000001 374784
1783659483002 74.18535564999999 376832
1783659484062 85.15991495 378880
1783659485232 97.96168035 380928
1783659486409 121.38679095 382976
1783659487628 131.895958 385024
1783659488816 128.5343269 387072
1783659490001 112.3424168 389120
1783659491167 102.59256874999998 391168
1783659492358 113.47376799999999 393216
1783659493503 101.97723089999997 395264
1783659494609 104.0060473 397312
1783659495789 112.57645319999999 399360
1783659496942 107.41265274999998 401408
1783659498101 91.75048604999998 403456
1783659499257 67.98755155 405504
1783659500395 47.97665930000001 407552
1783659501529 47.32945470000001 409600
1783659502706 46.798756600000004 411648
1783659503834 73.19627440000001 413696
1783659505054 85.40852924999999 415744
1783659506188 100.25256255 417792
1783659507377 93.17796960000001 419840
1783659508541 92.64280985000002 421888
1783659509706 91.41852880000002 423936
1783659510814 124.55023540000002 425984
1783659512031 138.33488895 428032
1783659513164 139.17718324999996 430080
1783659514315 155.58399825000004 432128
1783659515480 169.437669 434176
1783659516630 151.550731 436224
1783659517759 152.92151565 438272
1783659518917 153.4417211 440320
1783659520017 125.34036069999998 442368
1783659521109 59.66257395 444416
1783659522253 43.57950914999999 446464
1783659523432 36.06328525 448512
1783659524568 43.3704887 450560
1783659525793 32.3294247 452608
1783659526933 20.570023399999997 454656
1783659528140 40.236812199999996 456704
1783659529271 39.995005000000006 458752
1783659530424 75.09331135 460800
1783659531588 91.082808 462848
1783659532727 91.23649884999999 464896
1783659533924 117.83674844999999 466944
1783659535069 104.86927805 468992
1783659536235 104.67578494999998 471040
1783659537387 103.15174325000001 473088
1783659538466 116.6301289 475136
1783659539673 116.68051815000001 477184
1783659540816 83.18241155 479232
1783659541983 41.261861550000006 481280
1783659543110 42.52441575 483328
1783659544283 67.11829055 485376
1783659545458 44.46698175 487424
1783659546602 44.79214795 489472
1783659547799 35.0232204 491520
1783659549022 40.67757265 493568
1783659550190 57.16258765 495616
1783659551300 74.19962955 497664
1783659552472 98.14957904999999 499712
1783659553576 100.4686628 501760
1783659554704 100.27659415000001 503808
1783659555872 112.16063975 505856
1783659557066 126.6396277 507904
1783659558247 144.58855649999998 509952
1783659559474 171.2833293 512000
1783659560704 166.03976089999998 514048
1783659561856 193.68637704999998 516096
1783659562995 194.0386654 518144
1783659564088 206.5276805 520192
1783659565233 162.37645785 522240
1783659566374 151.88173980000002 524288
1783659567511 118.49763354999997 526336
1783659568656 107.36128409999999 528384
1783659569835 49.5646728 530432
1783659571028 49.2706424 532480
1783659572254 39.51899615000001 534528
1783659573464 56.0839507 536576
1783659574639 68.96683645 538624
1783659575778 85.6965984 540672
1783659576963 99.05210585 542720
1783659578114 129.61778625000002 544768
1783659579270 132.08805765 546816
1783659580393 134.17283425 548864
1783659581581 146.33533195 550912
1783659582687 150.7865929 552960
1783659583837 151.81779034999997 555008
1783659585010 111.80550350000001 557056
1783659586162 111.71620019999997 559104
1783659587312 111.02438294999999 561152
1783659588505 93.66858105000001 563200
1783659589688 111.7505112 565248
1783659590872 106.30639055000002 567296
1783659592028 111.88842949999999 569344
1783659593228 125.28257550000001 571392
1783659594419 139.06068865 573440
1783659595584 138.5027402 575488
1783659596784 149.22583495 577536
1783659597941 156.43445255 579584
1783659599070 167.56307554999998 581632
1783659600254 167.9765028 583680
1783659601455 168.61323629999998 585728
1783659602644 159.9904249 587776
1783659603850 159.48216155 589824
1783659605036 143.78314170000002 591872
1783659606200 110.7628138 593920
1783659607407 70.3550595 595968
1783659608560 70.00198094999999 598016
1783659609682 69.882343 600064
1783659610787 62.628715150000005 602112
1783659611986 69.93683775 604160
1783659613224 87.48296069999999 606208
1783659614344 106.02946334999999 608256
1783659615531 102.69904469999999 610304
1783659616710 114.13850069999998 612352
1783659617938 119.63524095 614400
1783659619048 143.38281525 616448
1783659620211 154.42479155 618496
1783659621383 137.1689892 620544
1783659622540 109.1678564 622592
1783659623690 109.82633375 624640
1783659624869 110.50170765 626688
1783659626066 121.00087045000001 628736
1783659627205 133.89240745 630784
1783659628378 113.98188340000002 632832
1783659629552 106.09402780000002 634880
1783659630725 122.40111139999999 636928
1783659631887 122.4342452 638976
1783659633040 130.03881904999997 641024
1783659634257 146.96426295 643072
1783659635424 146.90262495 645120
1783659636621 146.69170050000002 647168
1783659637796 122.35511549999998 649216
1783659638986 122.22983889999998 651264
1783659640195 154.69839174999998 653312
1783659641306 154.62515464999998 655360
1783659642403 172.9538916 657408
1783659643519 190.709588 659456
1783659644662 190.5853497 661504
1783659645752 190.61987434999998 663552
1783659646914 191.38881414999997 665600
1783659648041 187.76516205000001 667648
1783659649237 161.64724565 669696
1783659650403 175.90987915 671744
1783659651571 193.51179775 673792
1783659652755 193.81689555 675840
1783659653861 187.07563024999996 677888
1783659655011 186.36772574999998 679936
1783659656138 186.42549155 681984
1783659657331 186.4692002 684032
1783659658431 185.65533055 686080
1783659659642 185.14896364999998 688128
1783659660768 184.6622824 690176
1783659661953 201.6016785 692224
1783659663131 196.241525 694272
1783659664276 196.27637239999999 696320
1783659665431 179.06345625000003 698368
1783659666598 176.11214110000003 700416
1783659667809 168.9786889 702464
1783659669022 151.57578845 704512
1783659670208 138.26227995 706560
1783659671357 83.7145849 708608
1783659672479 68.32735095000001 710656
1783659673653 57.15646075000001 712704
1783659674817 67.56007645000001 714752
1783659675942 58.177612550000006 716800
1783659677081 64.12635900000001 718848
1783659678267 78.57262885 720896
1783659679457 81.73151070000002 722944
1783659680638 96.36549819999999 724992
1783659681751 98.7273813 727040
1783659682919 98.45169185 729088
1783659684064 127.5387506 731136
1783659685156 127.4834998 733184
1783659686274 126.13406790000002 735232
1783659687381 125.87748634999996 737280
1783659688492 138.83355129999998 739328
1783659689688 138.95308165 741376
1783659690826 175.4466801 743424
1783659691974 183.00306315 745472
1783659693153 188.12575935 747520
1783659694394 188.5653355 749568
1783659695417 189.02960065 751616
1783659696676 182.39762754999998 753664
1783659697703 169.64269635 755712
1783659698950 188.94457975000003 757760
1783659699982 182.63104890000005 759808
1783659701206 174.2686311 761856
1783659702460 159.62067914999997 763904
1783659703487 167.32926145 765952
1783659704738 185.75687565 768000
1783659705790 202.59973570000002 770048
1783659707028 195.82814755 772096
1783659708063 184.55909385 774144
1783659709295 184.21465155 776192
1783659710310 197.26645474999998 778240
1783659711562 188.06633515 780288
1783659712588 187.8138743 782336
1783659713805 184.3624248 784384
1783659714974 199.53838555000002 786432
1783659716136 197.0610497 788480
1783659717351 196.2850161 790528
1783659718533 196.27161694999998 792576
1783659719682 203.85547624999998 794624
1783659720910 212.59019625000002 796672
1783659722051 203.28116179999998 798720
1783659723244 170.11256910000003 800768
1783659724416 170.16751800000003 802816
1783659725650 183.41008575000004 804864
1783659726849 164.6698119 806912
1783659728019 174.62745625 808960
1783659729205 155.82782535 811008
1783659730356 147.98936989999999 813056
1783659731516 147.45525815000002 815104
1783659732723 150.03235790000002 817152
1783659733953 156.55261585 819200
1783659735174 164.78148420000002 821248
1783659736346 179.93217399999997 823296
1783659737571 161.44919595000002 825344
1783659738808 147.26948389999998 827392
1783659739992 166.32992720000001 829440
1783659741035 174.90275000000003 831488
1783659742252 174.8992244 833536
1783659743427 174.7293671 835584
1783659744491 192.08591410000002 837632
1783659745494 211.15969895000003 839680
1783659746738 211.04603540000002 841728
1783659747960 175.8374414 843776
1783659749116 181.1113601 845824
1783659750279 182.1144582 847872
1783659751434 167.68219019999998 849920
1783659752617 167.7451673 851968
1783659753857 153.43422059999997 854016
1783659755022 153.23549665 856064
1783659756130 135.15353294999997 858112
1783659757247 139.1048973 860160
1783659758456 140.04868779999998 862208
1783659759595 128.90982379999997 864256
1783659760781 137.77773235 866304
1783659761923 125.08796390000002 868352
1783659763109 140.29333204999998 870400
1783659764272 140.68835955000003 872448
1783659765453 121.92721505 874496
1783659766603 139.98942040000003 876544
1783659767782 171.4829582 878592
1783659768990 171.6410204 880640
1783659770183 188.19189865 882688
1783659771354 185.65678785000003 884736
1783659772455 193.45299885 886784
1783659773628 211.81038884999998 888832
1783659774840 202.31769 890880
1783659775995 202.1540492 892928
1783659777015 202.17342145 894976
1783659778146 209.9958028 897024
1783659779341 210.12319555 899072
1783659780502 202.14644214999998 901120
1783659781756 209.51229734999998 903168
1783659782861 209.44430045 905216
1783659784025 215.8839716 907264
1783659785156 185.58933415 909312
1783659786308 174.31753700000002 911360
1783659787490 152.15186264999997 913408
1783659788694 162.36295824999996 915456
1783659789893 152.38309479999998 917504
1783659791161 159.7463777 919552
1783659792159 158.7059031 921600
1783659793386 158.25486875 923648
1783659794451 157.93726565000003 925696
1783659795741 170.27556765000003 927744
1783659796749 185.6650471 929792
1783659797963 206.51496345 931840
1783659799016 226.30831395 933888
1783659800258 207.8406877 935936
1783659801467 201.83548894999998 937984
1783659802457 211.22740855 940032
1783659803696 211.71250485000002 942080
1783659804742 178.54055175000002 944128
1783659805883 171.39054065 946176
1783659806990 123.79528815000003 948224
1783659808139 117.6413545 950272
1783659809258 125.66533795000001 952320
1783659810321 149.48021115 954368
1783659811352 142.82671015 956416
1783659812327 125.01518834999999 958464
1783659813364 125.32694254999997 960512
1783659814359 148.95668199999997 962560
1783659815388 149.46126099999998 964608
1783659816638 149.0554444 966656
1783659817675 178.77741124999997 968704
1783659818914 185.60422665 970752
1783659820035 183.58102175 972800
1783659821045 171.17518945 974848
1783659822191 183.69796609999997 976896
1783659823342 202.22075424999997 978944
1783659824545 194.05542959999997 980992
1783659825704 204.52361565 983040
1783659826832 203.57223225 985088
1783659827960 189.35187295000003 987136
1783659829124 208.03258575000004 989184
1783659830244 208.29066589999996 991232
1783659831354 207.14336625 993280
1783659832507 219.69547905 995328
1783659833632 211.17359019999998 997376
1783659834785 192.3038321 999424
1783659835970 192.11646849999994 1001472
