1783688025885 0.6871164864860475 2048
1783688026864 0.6738344901241362 4096
1783688027753 0.6521755992434919 6144
1783688028662 0.6312077464535832 8192
1783688029597 0.6103696497157216 10240
1783688030458 0.6131043937057257 12288
1783688031364 0.5960720400325954 14336
1783688032251 0.5774307316169143 16384
1783688033225 0.5983233782462776 18432
1783688034184 0.5784304714761674 20480
1783688034987 0.5697053582407534 22528
1783688035840 0.5703159193508327 24576
1783688036750 0.5730246752500534 26624
1783688037734 0.5772406132891774 28672
1783688038620 0.5669608074240386 30720
1783688039441 0.5723698874935508 32768
1783688040372 0.5762205240316689 34816
1783688041364 0.5857846103608608 36864
1783688042251 0.5660005491226912 38912
1783688043176 0.582870967220515 40960
1783688044230 0.5799822984263301 43008
1783688045125 0.563199455384165 45056
1783688045931 0.5738604827784002 47104
1783688046853 0.5575924178119749 49152
1783688047881 0.5547910972964019 51200
1783688048840 0.5544796166941524 53248
1783688049791 0.5644590500742197 55296
1783688050690 0.5505106893833727 57344
1783688051461 0.5680012279190123 59392
1783688052409 0.5628304020501673 61440
1783688053340 0.5679579377174377 63488
1783688054222 0.575255318544805 65536
1783688055111 0.558631201274693 67584
1783688056020 0.5657694931142032 69632
1783688056904 0.5469701564870775 71680
1783688057825 0.5452836542390287 73728
1783688058705 0.5447825600858778 75776
1783688059648 0.551667204592377 77824
1783688060614 0.5635033561848104 79872
1783688061587 0.5579922758042812 81920
1783688062515 0.5434519124682993 83968
1783688063475 0.5410368957091123 86016
1783688064329 0.5365660064853728 88064
1783688065221 0.5464865621179342 90112
1783688066049 0.5381664524320513 92160
1783688066931 0.5181033643893898 94208
1783688067814 0.5319581404328346 96256
1783688068634 0.5211117437575012 98304
1783688069467 0.526827204041183 100352
1783688070314 0.533651236211881 102400
1783688071207 0.5263303110841662 104448
1783688072089 0.5262320542242378 106496
1783688072933 0.5359373933169991 108544
1783688073775 0.5395974735729396 110592
1783688074609 0.5297700122464448 112640
1783688075480 0.5366977332159877 114688
1783688076349 0.5333396112546325 116736
1783688077218 0.533710720948875 118784
1783688078224 0.5369935487397015 120832
1783688079131 0.5477658994495869 122880
1783688080167 0.5423527774401009 124928
1783688081316 0.5474990562070161 126976
1783688082400 0.5567818349227309 129024
1783688083234 0.5419803983531892 131072
1783688084121 0.5495883454568684 133120
1783688084964 0.5474612833932042 135168
1783688085904 0.5559745375066996 137216
1783688086755 0.5622880239970982 139264
1783688087622 0.56271629082039 141312
1783688088539 0.5643343348056078 143360
1783688089364 0.5646166256628931 145408
1783688090292 0.5605110791511834 147456
1783688091176 0.5570892221294343 149504
1783688092032 0.5666019101627171 151552
1783688092904 0.547844551037997 153600
1783688093737 0.5586990383453667 155648
1783688094640 0.5662887198850513 157696
1783688095582 0.5699924360960722 159744
1783688096447 0.5563728213310242 161792
1783688097375 0.536475311499089 163840
1783688098390 0.5461365054361522 165888
1783688099269 0.5427738856524229 167936
1783688100126 0.5442422842606902 169984
1783688100933 0.5427170717157423 172032
1783688101844 0.5348939502146095 174080
1783688102593 0.558223482221365 176128
1783688103368 0.559860669542104 178176
1783688104216 0.5639504846185446 180224
1783688105002 0.5502517875283957 182272
1783688105831 0.547731835860759 184320
1783688106697 0.548615975305438 186368
1783688107492 0.5590828810818493 188416
1783688108371 0.5503438822925091 190464
1783688109204 0.5563810495659709 192512
1783688110125 0.5512600797228515 194560
1783688110919 0.5577833163551986 196608
1783688111680 0.5640383292920887 198656
1783688112534 0.5634313686750829 200704
1783688113382 0.5675399606116116 202752
1783688114180 0.5606620865873992 204800
1783688115007 0.5496878223493695 206848
1783688115839 0.5595327513292432 208896
1783688116663 0.5741611793637276 210944
1783688117423 0.5649814619682729 212992
1783688118338 0.5751596461050212 215040
1783688119175 0.5669086333364248 217088
1783688119902 0.5762069928459823 219136
1783688120714 0.5671877269633114 221184
1783688121529 0.5867944750934839 223232
1783688122357 0.5735409683547914 225280
1783688123137 0.5833271988667548 227328
1783688123825 0.5707777198404074 229376
1783688124566 0.570491726975888 231424
1783688125337 0.5722090075723827 233472
1783688126023 0.5712415538728237 235520
1783688126700 0.5608297185972333 237568
1783688127578 0.5704781962558627 239616
1783688128349 0.5564022702164948 241664
1783688129036 0.5599209503270686 243712
1783688129892 0.549969743238762 245760
1783688130764 0.5542939538136125 247808
1783688131591 0.5531735154800117 249856
1783688132377 0.545420107897371 251904
1783688133195 0.5579862236045301 253952
1783688134063 0.5524768796749413 256000
1783688134927 0.553225114941597 258048
1783688135795 0.5585107752121985 260096
1783688136593 0.556361012160778 262144
1783688137338 0.574050229974091 264192
1783688138108 0.5831799185834825 266240
1783688138814 0.5783245880156755 268288
1783688139564 0.5797171099111438 270336
1783688140500 0.5829000258818269 272384
1783688141346 0.5855828425846994 274432
1783688142229 0.5886678630486131 276480
1783688143115 0.5790029373019934 278528
1783688143987 0.5890159104019403 280576
1783688144749 0.5799585939384997 282624
1783688145502 0.5708998362533748 284672
1783688146415 0.5710645518265665 286720
1783688147287 0.5736912968568504 288768
1783688148164 0.5814612098038197 290816
1783688149036 0.5929314573295414 292864
1783688149841 0.5832566656172276 294912
1783688150805 0.5877888761460781 296960
1783688151602 0.5718519650399685 299008
1783688152364 0.5740258391015232 301056
1783688153252 0.5847730538807809 303104
1783688154075 0.5733850244432688 305152
1783688154916 0.5717754210345447 307200
1783688155777 0.567715719807893 309248
1783688156594 0.5654573561623693 311296
1783688157423 0.5662994920276105 313344
1783688158254 0.5562576968222857 315392
1783688159099 0.5592406890355051 317440
1783688160000 0.5686191832646728 319488
1783688160859 0.5633706105872989 321536
1783688161728 0.580101809464395 323584
1783688162573 0.5789715349674225 325632
1783688163390 0.5638787988573313 327680
1783688164191 0.5753840245306492 329728
1783688164910 0.5851230262778699 331776
1783688165749 0.582174452021718 333824
1783688166579 0.5558217517100275 335872
1783688167422 0.5661769825965166 337920
1783688168261 0.5720473970286548 339968
1783688169156 0.5599640165455639 342016
1783688169910 0.5834666765294969 344064
1783688170602 0.5749401841312647 346112
1783688171306 0.5681949825957417 348160
1783688172260 0.5670425146818161 350208
1783688173068 0.5668104835785925 352256
1783688173903 0.5645637968555093 354304
1783688174734 0.564701990224421 356352
1783688175599 0.5723093920387328 358400
1783688176307 0.5793130616657436 360448
1783688177056 0.5865342896431684 362496
1783688177811 0.5834611807949841 364544
1783688178521 0.5725574675016105 366592
1783688179246 0.5555239897221327 368640
1783688180136 0.5571168097667396 370688
1783688180995 0.5512099768966436 372736
1783688181921 0.5462075541727245 374784
1783688182764 0.5629086429253221 376832
1783688183671 0.5813409914262593 378880
1783688184463 0.553237781394273 380928
1783688185194 0.5688914484344423 382976
1783688186102 0.5639197174459696 385024
1783688186992 0.5636235242709517 387072
1783688187915 0.5661353031173348 389120
1783688188787 0.5703994575887918 391168
1783688189603 0.5580348870716989 393216
1783688190265 0.5514389923773706 395264
1783688191082 0.5610388009808958 397312
1783688191901 0.5548383058048785 399360
1783688192625 0.5599507736042142 401408
1783688193336 0.5591724123805761 403456
1783688194115 0.5667536878027022 405504
1783688194822 0.5643998123705387 407552
1783688195531 0.5522874258458614 409600
1783688196315 0.5579914795234799 411648
1783688197139 0.5559814288280904 413696
1783688197965 0.5575178638100624 415744
1783688198716 0.5445712739601731 417792
1783688199524 0.5388568416237831 419840
1783688200412 0.5279285688884556 421888
1783688201214 0.5405450519174337 423936
1783688202121 0.532209754223004 425984
1783688204386 0.5340009019710124 428032
1783688206574 0.5344586719293147 430080
1783688207456 0.5418262796010822 432128
1783688208316 0.5411465810611844 434176
1783688209206 0.5534228910692036 436224
1783688210036 0.5509918900206685 438272
1783688210758 0.5491382679902017 440320
1783688211530 0.5623287209309638 442368
1783688212342 0.5583034376613796 444416
1783688213032 0.5575467245653272 446464
1783688213862 0.5670823343098164 448512
1783688214744 0.5699825952760875 450560
1783688215582 0.5567163107916713 452608
1783688216333 0.5636277399025857 454656
1783688217185 0.5649552373215556 456704
1783688217967 0.5532225146889687 458752
1783688218767 0.5587736270390451 460800
1783688219619 0.5646894536912441 462848
1783688220402 0.5695133665576577 464896
1783688221269 0.5550557998940349 466944
1783688222062 0.5610205461271107 468992
1783688222808 0.5626022331416607 471040
1783688223609 0.5603634668514132 473088
1783688224406 0.5583994872868061 475136
1783688225237 0.572224595118314 477184
1783688225919 0.57505316240713 479232
1783688226671 0.5705979787744582 481280
1783688227473 0.57006197841838 483328
1783688228160 0.5621083662845194 485376
1783688228872 0.5597176137380302 487424
1783688229641 0.5615210016258061 489472
1783688230467 0.5559304389171302 491520
1783688231249 0.5740513019263744 493568
1783688232074 0.5662180837243795 495616
1783688232778 0.5663619907572865 497664
1783688233470 0.5617407015524805 499712
1783688234247 0.5719982599839568 501760
1783688235059 0.5695002870634198 503808
1783688235852 0.5796716497279704 505856
1783688236631 0.5769597864709795 507904
1783688237414 0.5882321926765144 509952
1783688238193 0.5699210776947439 512000
1783688238959 0.5733192437328398 514048
1783688239742 0.5779127948917449 516096
1783688240484 0.5759255066514015 518144
1783688241177 0.5701388916932046 520192
1783688241881 0.5789149538613856 522240
1783688242633 0.5759788379073143 524288
1783688243353 0.5896084164269269 526336
1783688244078 0.5919942734763026 528384
1783688244875 0.5693174684420228 530432
1783688245688 0.5862157074734569 532480
1783688246464 0.5859207417815924 534528
1783688247207 0.581338576041162 536576
1783688247963 0.5871764430776238 538624
1783688248682 0.5762895550578833 540672
1783688249380 0.584112498909235 542720
1783688250142 0.5737834903411567 544768
1783688250823 0.5642815814353526 546816
1783688251549 0.5718453670851886 548864
1783688252288 0.5723230531439185 550912
1783688253056 0.5713513470254838 552960
1783688253886 0.5824673548340797 555008
1783688254608 0.568295378703624 557056
1783688255371 0.5683056018315256 559104
1783688256140 0.5750294453464448 561152
1783688256877 0.5822030450217426 563200
1783688257592 0.5777234192937613 565248
1783688258332 0.5793685214594007 567296
1783688259129 0.5728427702561021 569344
1783688259978 0.5912992074154317 571392
1783688260741 0.5659018587321043 573440
1783688261468 0.5739269880577922 575488
1783688262219 0.5756143960170448 577536
1783688263017 0.5721017117612064 579584
1783688263825 0.5801632213406265 581632
1783688264610 0.5860858014784753 583680
1783688265402 0.5932156844064593 585728
1783688266184 0.5733038331381977 587776
1783688266914 0.5729229631833732 589824
1783688267789 0.5761456284672022 591872
1783688268576 0.5839848993346095 593920
1783688269395 0.5704479934647679 595968
1783688270227 0.563617211766541 598016
1783688271085 0.5589295593090355 600064
1783688271840 0.5756861264817417 602112
1783688272621 0.572349458001554 604160
1783688273537 0.5762577699497342 606208
1783688274347 0.5826117461547256 608256
1783688275180 0.5748325455933809 610304
1783688275980 0.5813588076271117 612352
1783688276860 0.582578506320715 614400
1783688277771 0.5759261585772038 616448
1783688278674 0.5770229143090546 618496
1783688279537 0.5879890103824437 620544
1783688280316 0.5857462999410927 622592
1783688281162 0.5874010105617344 624640
1783688282072 0.5807573203928769 626688
1783688282984 0.5733378776349127 628736
1783688283872 0.5859286063350737 630784
1783688284822 0.5560090546496212 632832
1783688285685 0.5757935959845781 634880
1783688286468 0.5692351604811847 636928
1783688287370 0.5736687132157385 638976
1783688288182 0.5723939454182982 641024
1783688288961 0.566695514600724 643072
1783688289839 0.5735642844811082 645120
1783688294405 0.5739753767848015 647168
1783688298071 0.5709725646302104 649216
1783688304203 0.5751051316037774 651264
1783688310282 0.5724356980063021 653312
1783688316358 0.5657560052350163 655360
1783688322401 0.5805110749788582 657408
1783688328446 0.5697966604493558 659456
1783688334602 0.5782491485588253 661504
1783688340638 0.5779802589677274 663552
1783688346741 0.5831940653733909 665600
1783688352722 0.5656918031163514 667648
1783688358621 0.5590075594373047 669696
1783688364719 0.5760735245421529 671744
1783688370723 0.5706006288528442 673792
1783688376805 0.5724698938429356 675840
1783688382924 0.5729256179183722 677888
1783688388979 0.5723825567401946 679936
1783688395098 0.5638151671737432 681984
1783688401286 0.5780484951101243 684032
1783688407216 0.5783960581757128 686080
1783688413258 0.5789948864839971 688128
1783688419167 0.5678648483008146 690176
1783688425059 0.5668055755086243 692224
1783688430995 0.5734571977518499 694272
1783688437158 0.5794127797707915 696320
1783688443153 0.5717432396486402 698368
1783688449232 0.563532629981637 700416
1783688455183 0.5681965271942317 702464
1783688461232 0.5836522346362472 704512
1783688467442 0.5775257484056056 706560
1783688473367 0.5748707647435367 708608
1783688479263 0.5679567563347518 710656
1783688485165 0.560898489318788 712704
1783688491265 0.5872802347876132 714752
1783688497286 0.5730500482022762 716800
1783688503127 0.5627087689936161 718848
1783688509106 0.56747408490628 720896
1783688515161 0.5758574139326811 722944
1783688521637 0.5695293578319252 724992
1783688527902 0.5697892839089036 727040
1783688533872 0.5778815420344472 729088
1783688539837 0.573100843001157 731136
1783688546037 0.565833539236337 733184
1783688552101 0.5845280601643026 735232
1783688558183 0.5675979452207685 737280
1783688564154 0.5671967254020274 739328
1783688570213 0.5769605557434261 741376
1783688576726 0.5800563641823828 743424
1783688582847 0.5746214892715216 745472
1783688588927 0.5746087073348463 747520
1783688595304 0.5726059447042644 749568
1783688601585 0.5769552574492991 751616
1783688607610 0.5690048872493207 753664
1783688613607 0.5822949619032443 755712
1783688619818 0.5692645781673491 757760
1783688626052 0.5554971322417259 759808
1783688632469 0.5840773633681238 761856
1783688638577 0.5769726950675249 763904
1783688644678 0.5728709571994841 765952
1783688650896 0.5804583402350545 768000
1783688656949 0.5657396987080574 770048
1783688662755 0.578051146119833 772096
1783688668901 0.5826809704303741 774144
1783688675057 0.577854095492512 776192
1783688681028 0.5714060142636299 778240
1783688687003 0.5703322319313884 780288
1783688693283 0.5835930202156305 782336
1783688699595 0.5722902663983405 784384
1783688704321 0.5722931292839348 786432
1783688705248 0.5658592777326703 788480
1783688706103 0.5830553327687085 790528
1783688707111 0.5736896451562643 792576
1783688708215 0.5772828413173556 794624
1783688710085 0.5729970545507967 796672
1783688716821 0.5779552226886153 798720
1783688724394 0.5738500859588385 800768
1783688732400 0.5671998145990074 802816
1783688740086 0.5710928831249475 804864
1783688748201 0.5807264419272542 806912
1783688755880 0.5713058821856976 808960
1783688763720 0.5796839939430356 811008
1783688771578 0.577086865901947 813056
1783688779415 0.5750861805863678 815104
1783688787507 0.5749704125337303 817152
1783688795049 0.5789941120892763 819200
1783688803177 0.5849076616577804 821248
1783688810926 0.5820112791843712 823296
1783688818740 0.5766597157344222 825344
1783688826323 0.5843173931352794 827392
1783688833414 0.5637537441216409 829440
1783688841038 0.5847428161650896 831488
1783688848370 0.5868210694752634 833536
1783688855637 0.570781524758786 835584
1783688863241 0.5713252644054592 837632
1783688870400 0.5726029253564775 839680
1783688878147 0.5754606975242496 841728
1783688885580 0.5726604959927499 843776
1783688892661 0.5805098819546402 845824
1783688900403 0.583045560400933 847872
1783688907526 0.5859836274757981 849920
1783688915134 0.5772050083614886 851968
1783688922781 0.58199463179335 854016
1783688929942 0.5757323657162488 856064
1783688937391 0.5637339875102043 858112
1783688944843 0.5785501697100699 860160
1783688952535 0.569121683947742 862208
1783688960314 0.5732889790087938 864256
1783688967727 0.5551161980256438 866304
1783688975639 0.5648648636415601 868352
1783688983283 0.5663612619973719 870400
1783688990840 0.566659128293395 872448
1783688998820 0.5700268861837685 874496
1783689005889 0.5766586186364293 876544
1783689013339 0.5626272377558053 878592
1783689020738 0.5659584533423185 880640
1783689027933 0.5711078741587698 882688
1783689035333 0.5766950966790318 884736
1783689042404 0.5757010369561613 886784
1783689049708 0.568359203170985 888832
1783689057179 0.5719785438850522 890880
1783689064473 0.5572870862670243 892928
1783689072112 0.5725707612000406 894976
1783689079598 0.5772798601537943 897024
1783689086676 0.5701435604132712 899072
1783689094392 0.5697890147566795 901120
1783689101727 0.5789056816138327 903168
1783689109215 0.572499237023294 905216
1783689116886 0.5607586423866451 907264
1783689124296 0.5695681697688997 909312
1783689131565 0.5689368634484708 911360
1783689139385 0.5775985554791987 913408
1783689146613 0.5798378102481365 915456
1783689154476 0.5746869156137109 917504
1783689162158 0.5771022480912507 919552
1783689170002 0.5754001219756901 921600
1783689178027 0.5808403580449522 923648
1783689185658 0.5772835505194962 925696
1783689193703 0.5840638112276793 927744
1783689201316 0.5756406774744391 929792
1783689209276 0.5737493555061519 931840
1783689217243 0.5745660332031548 933888
1783689224843 0.5714196292683482 935936
1783689232857 0.5781059209257364 937984
1783689240518 0.5857465490698814 940032
1783689248409 0.571227909065783 942080
1783689256511 0.5746534201316535 944128
1783689264066 0.5854782350361347 946176
1783689271992 0.5785697288811207 948224
1783689279731 0.589674552436918 950272
1783689287576 0.5704931179061532 952320
1783689295587 0.5749937039799988 954368
1783689303107 0.5671903435140848 956416
1783689310679 0.5756362765096128 958464
1783689317870 0.5890800612978637 960512
1783689325338 0.5788243748247623 962560
1783689332922 0.5929867955856025 964608
1783689340030 0.5748740783892572 966656
1783689347569 0.5849143117666245 968704
1783689355117 0.5841273940168321 970752
1783689362306 0.5831709038466215 972800
1783689369898 0.578623119276017 974848
1783689377143 0.588516621850431 976896
1783689384722 0.5852777408435941 978944
1783689392268 0.5806969455443323 980992
1783689399329 0.5775763844139874 983040
1783689406903 0.5782371563836932 985088
1783689414209 0.579774544108659 987136
1783689421451 0.5818230658769608 989184
1783689429285 0.5773309343494475 991232
1783689436684 0.5737827569246292 993280
1783689444352 0.5790420351549983 995328
1783689452120 0.58543286845088 997376
1783689459623 0.5708739231340587 999424
1783689461732 0.5672800524367226 1000000
