1783688025885 2543.0 2048
1783688026864 2295.0 4096
1783688027753 2297.0 6144
1783688028662 2286.0 8192
1783688029597 2266.0 10240
1783688030458 2284.0 12288
1783688031364 2281.0 14336
1783688032251 2284.0 16384
1783688033225 2262.0 18432
1783688034184 2249.0 20480
1783688034987 2273.0 22528
1783688035840 2283.0 24576
1783688036750 2281.0 26624
1783688037734 2265.0 28672
1783688038620 2268.0 30720
1783688039441 2281.0 32768
1783688040372 2276.0 34816
1783688041364 2263.0 36864
1783688042251 2266.0 38912
1783688043176 2263.0 40960
1783688044230 2245.0 43008
1783688045125 2247.0 45056
1783688045931 2259.0 47104
1783688046853 2257.0 49152
1783688047881 2245.0 51200
1783688048840 2241.0 53248
1783688049791 2237.0 55296
1783688050690 2239.0 57344
1783688051461 2251.0 59392
1783688052409 2248.0 61440
1783688053340 2246.0 63488
1783688054222 2248.0 65536
1783688055111 2250.0 67584
1783688056020 2250.0 69632
1783688056904 2252.0 71680
1783688057825 2251.0 73728
1783688058705 2253.0 75776
1783688059648 2251.0 77824
1783688060614 2247.0 79872
1783688061587 2243.0 81920
1783688062515 2243.0 83968
1783688063475 2240.0 86016
1783688064329 2243.0 88064
1783688065221 2244.0 90112
1783688066049 2249.0 92160
1783688066931 2251.0 94208
1783688067814 2252.0 96256
1783688068634 2257.0 98304
1783688069467 2260.0 100352
1783688070314 2263.0 102400
1783688071207 2264.0 104448
1783688072089 2265.0 106496
1783688072933 2268.0 108544
1783688073775 2271.0 110592
1783688074609 2274.0 112640
1783688075480 2275.0 114688
1783688076349 2276.0 116736
1783688077218 2278.0 118784
1783688078224 2273.0 120832
1783688079131 2273.0 122880
1783688080167 2267.0 124928
1783688081316 2257.0 126976
1783688082400 2250.0 129024
1783688083234 2253.0 131072
1783688084121 2254.0 133120
1783688084964 2257.0 135168
1783688085904 2255.0 137216
1783688086755 2257.0 139264
1783688087622 2259.0 141312
1783688088539 2259.0 143360
1783688089364 2261.0 145408
1783688090292 2261.0 147456
1783688091176 2261.0 149504
1783688092032 2263.0 151552
1783688092904 2264.0 153600
1783688093737 2267.0 155648
1783688094640 2267.0 157696
1783688095582 2265.0 159744
1783688096447 2267.0 161792
1783688097375 2266.0 163840
1783688098390 2262.0 165888
1783688099269 2263.0 167936
1783688100126 2265.0 169984
1783688100933 2267.0 172032
1783688101844 2267.0 174080
1783688102593 2272.0 176128
1783688103368 2275.0 178176
1783688104216 2277.0 180224
1783688105002 2280.0 182272
1783688105831 2282.0 184320
1783688106697 2283.0 186368
1783688107492 2286.0 188416
1783688108371 2286.0 190464
1783688109204 2288.0 192512
1783688110125 2287.0 194560
1783688110919 2290.0 196608
1783688111680 2293.0 198656
1783688112534 2294.0 200704
1783688113382 2296.0 202752
1783688114180 2298.0 204800
1783688115007 2300.0 206848
1783688115839 2301.0 208896
1783688116663 2303.0 210944
1783688117423 2306.0 212992
1783688118338 2305.0 215040
1783688119175 2307.0 217088
1783688119902 2311.0 219136
1783688120714 2312.0 221184
1783688121529 2314.0 223232
1783688122357 2315.0 225280
1783688123137 2318.0 227328
1783688123825 2322.0 229376
1783688124566 2326.0 231424
1783688125337 2328.0 233472
1783688126023 2333.0 235520
1783688126700 2337.0 237568
1783688127578 2337.0 239616
1783688128349 2340.0 241664
1783688129036 2344.0 243712
1783688129892 2344.0 245760
1783688130764 2344.0 247808
1783688131591 2345.0 249856
1783688132377 2347.0 251904
1783688133195 2348.0 253952
1783688134063 2348.0 256000
1783688134927 2349.0 258048
1783688135795 2349.0 260096
1783688136593 2350.0 262144
1783688137338 2353.0 264192
1783688138108 2355.0 266240
1783688138814 2358.0 268288
1783688139564 2361.0 270336
1783688140500 2359.0 272384
1783688141346 2360.0 274432
1783688142229 2360.0 276480
1783688143115 2359.0 278528
1783688143987 2359.0 280576
1783688144749 2361.0 282624
1783688145502 2363.0 284672
1783688146415 2363.0 286720
1783688147287 2362.0 288768
1783688148164 2362.0 290816
1783688149036 2362.0 292864
1783688149841 2363.0 294912
1783688150805 2361.0 296960
1783688151602 2363.0 299008
1783688152364 2365.0 301056
1783688153252 2364.0 303104
1783688154075 2365.0 305152
1783688154916 2366.0 307200
1783688155777 2366.0 309248
1783688156594 2367.0 311296
1783688157423 2367.0 313344
1783688158254 2368.0 315392
1783688159099 2368.0 317440
1783688160000 2367.0 319488
1783688160859 2368.0 321536
1783688161728 2368.0 323584
1783688162573 2368.0 325632
1783688163390 2369.0 327680
1783688164191 2370.0 329728
1783688164910 2372.0 331776
1783688165749 2373.0 333824
1783688166579 2373.0 335872
1783688167422 2373.0 337920
1783688168261 2374.0 339968
1783688169156 2373.0 342016
1783688169910 2375.0 344064
1783688170602 2378.0 346112
1783688171306 2380.0 348160
1783688172260 2379.0 350208
1783688173068 2380.0 352256
1783688173903 2380.0 354304
1783688174734 2381.0 356352
1783688175599 2381.0 358400
1783688176307 2383.0 360448
1783688177056 2385.0 362496
1783688177811 2386.0 364544
1783688178521 2389.0 366592
1783688179246 2391.0 368640
1783688180136 2390.0 370688
1783688180995 2390.0 372736
1783688181921 2389.0 374784
1783688182764 2389.0 376832
1783688183671 2389.0 378880
1783688184463 2390.0 380928
1783688185194 2391.0 382976
1783688186102 2391.0 385024
1783688186992 2390.0 387072
1783688187915 2389.0 389120
1783688188787 2389.0 391168
1783688189603 2390.0 393216
1783688190265 2392.0 395264
1783688191082 2393.0 397312
1783688191901 2393.0 399360
1783688192625 2395.0 401408
1783688193336 2397.0 403456
1783688194115 2398.0 405504
1783688194822 2401.0 407552
1783688195531 2403.0 409600
1783688196315 2403.0 411648
1783688197139 2404.0 413696
1783688197965 2404.0 415744
1783688198716 2406.0 417792
1783688199524 2406.0 419840
1783688200412 2406.0 421888
1783688201214 2406.0 423936
1783688202121 2406.0 425984
1783688204386 2387.0 428032
1783688206574 2369.0 430080
1783688207456 2369.0 432128
1783688208316 2369.0 434176
1783688209206 2369.0 436224
1783688210036 2369.0 438272
1783688210758 2371.0 440320
1783688211530 2372.0 442368
1783688212342 2373.0 444416
1783688213032 2375.0 446464
1783688213862 2375.0 448512
1783688214744 2375.0 450560
1783688215582 2375.0 452608
1783688216333 2377.0 454656
1783688217185 2377.0 456704
1783688217967 2378.0 458752
1783688218767 2379.0 460800
1783688219619 2379.0 462848
1783688220402 2380.0 464896
1783688221269 2380.0 466944
1783688222062 2380.0 468992
1783688222808 2382.0 471040
1783688223609 2382.0 473088
1783688224406 2383.0 475136
1783688225237 2384.0 477184
1783688225919 2386.0 479232
1783688226671 2387.0 481280
1783688227473 2388.0 483328
1783688228160 2390.0 485376
1783688228872 2391.0 487424
1783688229641 2392.0 489472
1783688230467 2393.0 491520
1783688231249 2393.0 493568
1783688232074 2394.0 495616
1783688232778 2396.0 497664
1783688233470 2397.0 499712
1783688234247 2398.0 501760
1783688235059 2399.0 503808
1783688235852 2400.0 505856
1783688236631 2400.0 507904
1783688237414 2401.0 509952
1783688238193 2402.0 512000
1783688238959 2403.0 514048
1783688239742 2404.0 516096
1783688240484 2405.0 518144
1783688241177 2407.0 520192
1783688241881 2408.0 522240
1783688242633 2409.0 524288
1783688243353 2411.0 526336
1783688244078 2412.0 528384
1783688244875 2413.0 530432
1783688245688 2413.0 532480
1783688246464 2414.0 534528
1783688247207 2415.0 536576
1783688247963 2416.0 538624
1783688248682 2418.0 540672
1783688249380 2419.0 542720
1783688250142 2420.0 544768
1783688250823 2422.0 546816
1783688251549 2423.0 548864
1783688252288 2424.0 550912
1783688253056 2425.0 552960
1783688253886 2425.0 555008
1783688254608 2426.0 557056
1783688255371 2427.0 559104
1783688256140 2428.0 561152
1783688256877 2429.0 563200
1783688257592 2431.0 565248
1783688258332 2432.0 567296
1783688259129 2432.0 569344
1783688259978 2432.0 571392
1783688260741 2433.0 573440
1783688261468 2434.0 575488
1783688262219 2435.0 577536
1783688263017 2435.0 579584
1783688263825 2436.0 581632
1783688264610 2436.0 583680
1783688265402 2437.0 585728
1783688266184 2437.0 587776
1783688266914 2438.0 589824
1783688267789 2438.0 591872
1783688268576 2439.0 593920
1783688269395 2439.0 595968
1783688270227 2439.0 598016
1783688271085 2439.0 600064
1783688271840 2440.0 602112
1783688272621 2440.0 604160
1783688273537 2439.0 606208
1783688274347 2440.0 608256
1783688275180 2440.0 610304
1783688275980 2440.0 612352
1783688276860 2440.0 614400
1783688277771 2439.0 616448
1783688278674 2438.0 618496
1783688279537 2438.0 620544
1783688280316 2439.0 622592
1783688281162 2439.0 624640
1783688282072 2438.0 626688
1783688282984 2437.0 628736
1783688283872 2437.0 630784
1783688284822 2436.0 632832
1783688285685 2436.0 634880
1783688286468 2436.0 636928
1783688287370 2436.0 638976
1783688288182 2436.0 641024
1783688288961 2436.0 643072
1783688289839 2436.0 645120
1783688294405 2402.0 647168
1783688298071 2378.0 649216
1783688304203 2333.0 651264
1783688310282 2290.0 653312
1783688316358 2249.0 655360
1783688322401 2211.0 657408
1783688328446 2173.0 659456
1783688334602 2137.0 661504
1783688340638 2102.0 663552
1783688346741 2069.0 665600
1783688352722 2037.0 667648
1783688358621 2007.0 669696
1783688364719 1977.0 671744
1783688370723 1949.0 673792
1783688376805 1921.0 675840
1783688382924 1894.0 677888
1783688388979 1868.0 679936
1783688395098 1843.0 681984
1783688401286 1818.0 684032
1783688407216 1795.0 686080
1783688413258 1772.0 688128
1783688419167 1751.0 690176
1783688425059 1730.0 692224
1783688430995 1710.0 694272
1783688437158 1689.0 696320
1783688443153 1670.0 698368
1783688449232 1651.0 700416
1783688455183 1633.0 702464
1783688461232 1615.0 704512
1783688467442 1597.0 706560
1783688473367 1580.0 708608
1783688479263 1564.0 710656
1783688485165 1549.0 712704
1783688491265 1533.0 714752
1783688497286 1517.0 716800
1783688503127 1503.0 718848
1783688509106 1489.0 720896
1783688515161 1475.0 722944
1783688521637 1460.0 724992
1783688527902 1445.0 727040
1783688533872 1432.0 729088
1783688539837 1420.0 731136
1783688546037 1407.0 733184
1783688552101 1395.0 735232
1783688558183 1382.0 737280
1783688564154 1371.0 739328
1783688570213 1359.0 741376
1783688576726 1347.0 743424
1783688582847 1336.0 745472
1783688588927 1325.0 747520
1783688595304 1314.0 749568
1783688601585 1303.0 751616
1783688607610 1293.0 753664
1783688613607 1284.0 755712
1783688619818 1274.0 757760
1783688626052 1264.0 759808
1783688632469 1254.0 761856
1783688638577 1245.0 763904
1783688644678 1236.0 765952
1783688650896 1227.0 768000
1783688656949 1218.0 770048
1783688662755 1210.0 772096
1783688668901 1202.0 774144
1783688675057 1194.0 776192
1783688681028 1186.0 778240
1783688687003 1178.0 780288
1783688693283 1170.0 782336
1783688699595 1162.0 784384
1783688704321 1157.0 786432
1783688705248 1159.0 788480
1783688706103 1160.0 790528
1783688707111 1162.0 792576
1783688708215 1163.0 794624
1783688710085 1163.0 796672
1783688716821 1154.0 798720
1783688724394 1145.0 800768
1783688732400 1135.0 802816
1783688740086 1125.0 804864
1783688748201 1115.0 806912
1783688755880 1106.0 808960
1783688763720 1097.0 811008
1783688771578 1089.0 813056
1783688779415 1080.0 815104
1783688787507 1071.0 817152
1783688795049 1063.0 819200
1783688803177 1055.0 821248
1783688810926 1047.0 823296
1783688818740 1039.0 825344
1783688826323 1032.0 827392
1783688833414 1026.0 829440
1783688841038 1019.0 831488
1783688848370 1012.0 833536
1783688855637 1006.0 835584
1783688863241 999.0 837632
1783688870400 993.0 839680
1783688878147 986.0 841728
1783688885580 980.0 843776
1783688892661 974.0 845824
1783688900403 968.0 847872
1783688907526 963.0 849920
1783688915134 957.0 851968
1783688922781 951.0 854016
1783688929942 946.0 856064
1783688937391 940.0 858112
1783688944843 935.0 860160
1783688952535 929.0 862208
1783688960314 924.0 864256
1783688967727 919.0 866304
1783688975639 913.0 868352
1783688983283 908.0 870400
1783688990840 903.0 872448
1783688998820 898.0 874496
1783689005889 893.0 876544
1783689013339 889.0 878592
1783689020738 884.0 880640
1783689027933 880.0 882688
1783689035333 875.0 884736
1783689042404 871.0 886784
1783689049708 867.0 888832
1783689057179 863.0 890880
1783689064473 859.0 892928
1783689072112 854.0 894976
1783689079598 850.0 897024
1783689086676 846.0 899072
1783689094392 842.0 901120
1783689101727 838.0 903168
1783689109215 834.0 905216
1783689116886 830.0 907264
1783689124296 827.0 909312
1783689131565 823.0 911360
1783689139385 819.0 913408
1783689146613 816.0 915456
1783689154476 812.0 917504
1783689162158 808.0 919552
1783689170002 804.0 921600
1783689178027 801.0 923648
1783689185658 797.0 925696
1783689193703 793.0 927744
1783689201316 790.0 929792
1783689209276 786.0 931840
1783689217243 783.0 933888
1783689224843 780.0 935936
1783689232857 776.0 937984
1783689240518 773.0 940032
1783689248409 770.0 942080
1783689256511 766.0 944128
1783689264066 763.0 946176
1783689271992 760.0 948224
1783689279731 757.0 950272
1783689287576 754.0 952320
1783689295587 751.0 954368
1783689303107 748.0 956416
1783689310679 745.0 958464
1783689317870 742.0 960512
1783689325338 740.0 962560
1783689332922 737.0 964608
1783689340030 735.0 966656
1783689347569 732.0 968704
1783689355117 729.0 970752
1783689362306 727.0 972800
1783689369898 724.0 974848
1783689377143 722.0 976896
1783689384722 720.0 978944
1783689392268 717.0 980992
1783689399329 715.0 983040
1783689406903 712.0 985088
1783689414209 710.0 987136
1783689421451 708.0 989184
1783689429285 705.0 991232
1783689436684 703.0 993280
1783689444352 701.0 995328
1783689452120 698.0 997376
1783689459623 696.0 999424
1783689461732 696.0 1000000
