1783688025885 -0.017116926108428743 2048
1783688026864 -0.009984223906940315 4096
1783688027753 -0.012748279645165894 6144
1783688028662 -0.011696955771185458 8192
1783688029597 -0.012331138961599208 10240
1783688030458 -0.005426161711511668 12288
1783688031364 -0.008646165988466237 14336
1783688032251 -0.008231700394389918 16384
1783688033225 -0.0032178696819755714 18432
1783688034184 -0.002749900148046436 20480
1783688034987 -0.002626598135975655 22528
1783688035840 -0.006173992624098901 24576
1783688036750 -0.005389941976318369 26624
1783688037734 -0.0009656746551627293 28672
1783688038620 -0.0032326095933967736 30720
1783688039441 -0.004914588382234797 32768
1783688040372 -0.0028419293448678218 34816
1783688041364 0.0007314701542782132 36864
1783688042251 -0.003350332954141777 38912
1783688043176 -0.0008305545634357259 40960
1783688044230 -0.001314004897722043 43008
1783688045125 -0.0010810199382831343 45056
1783688045931 0.00019745969257201068 47104
1783688046853 -0.0038165517580637243 49152
1783688047881 -0.0012399028928484768 51200
1783688048840 -0.0009722081340441946 53248
1783688049791 -0.0002760791285254527 55296
1783688050690 -0.0011077123162976932 57344
1783688051461 -0.003509049187414348 59392
1783688052409 0.0007262253238877747 61440
1783688053340 -0.00023380237689707428 63488
1783688054222 0.000279407569905743 65536
1783688055111 -0.0024914394671213813 67584
1783688056020 -0.0002637029501784127 69632
1783688056904 -0.0029050858101982158 71680
1783688057825 0.0002490905062586535 73728
1783688058705 -0.00021718161769967992 75776
1783688059648 -0.0015006535650172736 77824
1783688060614 -0.0014683513327327091 79872
1783688061587 0.00029888788048992865 81920
1783688062515 -0.0014688631599710789 83968
1783688063475 -3.855950490105897e-05 86016
1783688064329 -0.0035927784119849093 88064
1783688065221 -0.0008505367368343286 90112
1783688066049 -0.0012380158295854926 92160
1783688066931 -0.0013872053132217843 94208
1783688067814 -0.0006819039226684254 96256
1783688068634 -0.0036350122099975124 98304
1783688069467 -0.000597532245592447 100352
1783688070314 -0.0009305091043643188 102400
1783688071207 -0.0026296935939171817 104448
1783688072089 -0.0009980167633329984 106496
1783688072933 -0.001853610392572591 108544
1783688073775 -0.0006835501917521469 110592
1783688074609 -0.0011766335665015504 112640
1783688075480 -0.003239711884816643 114688
1783688076349 -0.0008028489864955191 116736
1783688077218 -0.0033451467534177937 118784
1783688078224 -0.0015336754695454147 120832
1783688079131 -0.0002781684925139416 122880
1783688080167 -0.005118533928907709 124928
1783688081316 -0.0001361199283564929 126976
1783688082400 -0.0034913942363345996 129024
1783688083234 -0.003546174197254004 131072
1783688084121 -0.001311405894739437 133120
1783688084964 -0.00407403541248641 135168
1783688085904 -5.7127486797980964e-05 137216
1783688086755 -0.0027045643764722627 139264
1783688087622 -6.961998587939888e-05 141312
1783688088539 -0.00010116889825440012 143360
1783688089364 0.0005295688824844547 145408
1783688090292 -1.4645615010522306e-05 147456
1783688091176 -0.0021151067448954564 149504
1783688092032 6.704073894070461e-05 151552
1783688092904 -0.0033744592292350717 153600
1783688093737 0.00011958803952438757 155648
1783688094640 -0.0014144097949611023 157696
1783688095582 0.0001476596007705666 159744
1783688096447 -0.0010210827567789238 161792
1783688097375 -0.0009776997176231816 163840
1783688098390 -0.0015165934964898042 165888
1783688099269 -0.001710362223093398 167936
1783688100126 -0.004000661534519168 169984
1783688100933 -0.00034399294236209244 172032
1783688101844 -0.00011050868488382548 174080
1783688102593 -0.000548181891645072 176128
1783688103368 -0.002545632734836545 178176
1783688104216 -0.000882396605447866 180224
1783688105002 -0.0015701502852607518 182272
1783688105831 -0.000258494805166265 184320
1783688106697 -0.0017147447470051702 186368
1783688107492 0.0008247623663919512 188416
1783688108371 -0.00010995362572430167 190464
1783688109204 -0.0003853966263704933 192512
1783688110125 -0.00040191564221458975 194560
1783688110919 -0.0032464990072185174 196608
1783688111680 -0.0008812882369966246 198656
1783688112534 -0.0004301052977098152 200704
1783688113382 -0.002562385652709054 202752
1783688114180 -0.0002142286357411649 204800
1783688115007 -0.00025813419779296964 206848
1783688115839 -0.00031036270229378715 208896
1783688116663 -6.845437019364908e-05 210944
1783688117423 -0.0009063295728992671 212992
1783688118338 -0.0003046989550057333 215040
1783688119175 -0.00040621367224957794 217088
1783688119902 -0.0002077011886285618 219136
1783688120714 -0.0015741175229777582 221184
1783688121529 0.0007045051243039779 223232
1783688122357 -0.00046433977695414796 225280
1783688123137 0.0010405759785498958 227328
1783688123825 1.918853013194166e-05 229376
1783688124566 0.00021110883972141892 231424
1783688125337 -0.00038600674815825187 233472
1783688126023 0.0012814793844881933 235520
1783688126700 -0.0013587158427981194 237568
1783688127578 -0.0023799019545549527 239616
1783688128349 0.0005677370281773619 241664
1783688129036 -0.00035250042856205255 243712
1783688129892 0.0005738816689699888 245760
1783688130764 -0.0008744657425268088 247808
1783688131591 -0.00010696014942368492 249856
1783688132377 0.0004889183037448674 251904
1783688133195 -3.84435334126465e-05 253952
1783688134063 -0.0031313710715039633 256000
1783688134927 -0.0014928992932254914 258048
1783688135795 -0.001236190035342588 260096
1783688136593 0.00019171078383806162 262144
1783688137338 -0.0007367072030319832 264192
1783688138108 0.0005191588279558346 266240
1783688138814 0.00041422900176257826 268288
1783688139564 -0.001731803138682153 270336
1783688140500 -0.0023268598815775476 272384
1783688141346 0.0002849261181836482 274432
1783688142229 1.0394638593425043e-05 276480
1783688143115 -0.0007445041483151726 278528
1783688143987 -0.0005733663310820702 280576
1783688144749 -0.0016706178612366784 282624
1783688145502 -0.0011899910423380788 284672
1783688146415 0.0002950800299004186 286720
1783688147287 0.0001327602603851119 288768
1783688148164 -0.000649737317871768 290816
1783688149036 0.0002653799674590118 292864
1783688149841 0.0003477542286418611 294912
1783688150805 -0.001511064143414842 296960
1783688151602 -0.0004870272987318458 299008
1783688152364 0.0002283658250235021 301056
1783688153252 -0.0005929735361860367 303104
1783688154075 0.00020856062110397033 305152
1783688154916 -0.003415639770537382 307200
1783688155777 0.00014443034524447285 309248
1783688156594 -0.0013283100197440945 311296
1783688157423 -0.00016254828733508475 313344
1783688158254 0.00023110183974495158 315392
1783688159099 -0.0019015937214135192 317440
1783688160000 0.0003962764130847063 319488
1783688160859 -0.0002848928270395845 321536
1783688161728 -0.00034927507294924 323584
1783688162573 -0.0029605948366224766 325632
1783688163390 -0.0001586788785061799 327680
1783688164191 -0.0004918285194435157 329728
1783688164910 -0.002772767616988858 331776
1783688165749 -0.00012006210090476088 333824
1783688166579 -0.0014922725458745845 335872
1783688167422 0.00029270389495650306 337920
1783688168261 -0.001795332307665376 339968
1783688169156 -0.0007819873608241323 342016
1783688169910 6.725933781126514e-05 344064
1783688170602 -0.00018108602307620458 346112
1783688171306 -0.0014795557181059849 348160
1783688172260 -0.0015899397876637522 350208
1783688173068 7.370759703917429e-06 352256
1783688173903 -5.08926241309382e-05 354304
1783688174734 -0.0016676162813382689 356352
1783688175599 -0.0005005290040571708 358400
1783688176307 0.00011385501420591027 360448
1783688177056 -0.0005650743587466422 362496
1783688177811 -0.001089418543415377 364544
1783688178521 -0.0006281417881837115 366592
1783688179246 0.00019793236424447969 368640
1783688180136 -0.001532246187707642 370688
1783688180995 -0.0010742348567873705 372736
1783688181921 -0.0002767989535641391 374784
1783688182764 -0.0010010355508711655 376832
1783688183671 -0.0012315963249420747 378880
1783688184463 -0.002332263084099395 380928
1783688185194 -3.099680179730058e-05 382976
1783688186102 -3.164677764289081e-07 385024
1783688186992 -0.0014306571974884719 387072
1783688187915 -0.00033353975959471427 389120
1783688188787 0.0004397628035803791 391168
1783688189603 5.386213160818443e-05 393216
1783688190265 -0.0011827252637885977 395264
1783688191082 4.7287398047046736e-05 397312
1783688191901 0.0002637350917211734 399360
1783688192625 9.332419722341001e-06 401408
1783688193336 -0.001309968272835249 403456
1783688194115 4.219629772705957e-05 405504
1783688194822 0.00026963908021571115 407552
1783688195531 -0.0006460061886173207 409600
1783688196315 -0.0008141085418174043 411648
1783688197139 1.5578178135911003e-05 413696
1783688197965 0.00016359396249754354 415744
1783688198716 -0.00034721800511761103 417792
1783688199524 -0.0006503586482722312 419840
1783688200412 0.00011257453661528416 421888
1783688201214 -0.00042153818867518567 423936
1783688202121 -0.000378848439140711 425984
1783688204386 -0.00022661712137050927 428032
1783688206574 -0.003271513227446121 430080
1783688207456 -8.927524686441757e-05 432128
1783688208316 -0.004405106279591564 434176
1783688209206 -0.0005360591530916281 436224
1783688210036 -0.0013898699180572294 438272
1783688210758 -0.0008006382995517924 440320
1783688211530 -0.0004708064552687574 442368
1783688212342 -0.0005906653459533118 444416
1783688213032 -0.003286301538537373 446464
1783688213862 -0.001645032265514601 448512
1783688214744 -0.0006015738836140372 450560
1783688215582 -0.0002647527726367116 452608
1783688216333 -0.0003928836995328311 454656
1783688217185 -0.00015400288793898653 456704
1783688217967 -0.0006010327670082916 458752
1783688218767 -4.023464134661481e-05 460800
1783688219619 8.775561582297087e-06 462848
1783688220402 -0.00011116363930341322 464896
1783688221269 -0.00022940008420846425 466944
1783688222062 0.00011232225733692758 468992
1783688222808 -0.0007502576663682703 471040
1783688223609 -0.001367828303045826 473088
1783688224406 -0.0001414436483173631 475136
1783688225237 -0.00016018148744478822 477184
1783688225919 -0.0011673174412862863 479232
1783688226671 -0.00018217881370219402 481280
1783688227473 -0.0013192825645091943 483328
1783688228160 -0.0001745186782500241 485376
1783688228872 8.831811283016577e-05 487424
1783688229641 6.039984873495996e-05 489472
1783688230467 -0.0009510479976597708 491520
1783688231249 -0.0008633986835775431 493568
1783688232074 -0.0015432079453603365 495616
1783688232778 2.8267462766962126e-05 497664
1783688233470 -0.00016460449478472583 499712
1783688234247 -0.0003479603419691557 501760
1783688235059 2.3976859665708616e-05 503808
1783688235852 -0.00013001270781387575 505856
1783688236631 -4.528583667706698e-05 507904
1783688237414 -0.0001568673560541356 509952
1783688238193 -0.001459997976780869 512000
1783688238959 0.00012402892025420442 514048
1783688239742 -0.000351457039869274 516096
1783688240484 7.186224320321344e-05 518144
1783688241177 2.6351735868956894e-05 520192
1783688241881 -0.000622010180450161 522240
1783688242633 -0.0009302812632085988 524288
1783688243353 -0.0002915490076702554 526336
1783688244078 -0.00011880065721925348 528384
1783688244875 -0.004669799262046581 530432
1783688245688 -3.3104122849181294e-05 532480
1783688246464 -0.0011702708834491204 534528
1783688247207 -0.0005820285041409079 536576
1783688247963 -0.00044898644046043046 538624
1783688248682 -0.00094944789816509 540672
1783688249380 -0.0006082010950194672 542720
1783688250142 -0.0020648744648497086 544768
1783688250823 -0.0015723695105407387 546816
1783688251549 -0.00024127560391207226 548864
1783688252288 0.00021697816919186153 550912
1783688253056 -0.0008818554342724383 552960
1783688253886 -0.00012676911137532443 555008
1783688254608 -0.0009179939625028055 557056
1783688255371 -0.00036103566890233196 559104
1783688256140 -0.00014906019350746647 561152
1783688256877 -0.00018268791245645843 563200
1783688257592 7.434848521370441e-05 565248
1783688258332 -0.00035178460530005395 567296
1783688259129 -0.00046672701500938274 569344
1783688259978 -0.00046858998393872753 571392
1783688260741 -0.0016605882265139371 573440
1783688261468 0.00010677547925297404 575488
1783688262219 0.00024405477233813144 577536
1783688263017 -0.0001674773229751736 579584
1783688263825 -0.0017875326411740389 581632
1783688264610 -0.001070872756827157 583680
1783688265402 -0.00019767252524616197 585728
1783688266184 -0.007169030319346348 587776
1783688266914 -0.002255700768728275 589824
1783688267789 7.885156992415432e-05 591872
1783688268576 -0.00036196088694850914 593920
1783688269395 -0.001385995161399478 595968
1783688270227 -0.0010141895945707802 598016
1783688271085 -0.002007827497436665 600064
1783688271840 4.2853916966123506e-05 602112
1783688272621 -0.0003413350605114829 604160
1783688273537 -0.0005924001852690708 606208
1783688274347 -0.000732949029043084 608256
1783688275180 0.00037260148019413464 610304
1783688275980 -0.00025540243586874567 612352
1783688276860 5.476226579048671e-05 614400
1783688277771 -0.0006851064244983718 616448
1783688278674 0.00023480623349314556 618496
1783688279537 7.605202699778602e-05 620544
1783688280316 -2.9647533665411174e-05 622592
1783688281162 -0.0005080606351839378 624640
1783688282072 -0.00047664307567174546 626688
1783688282984 -0.0049766010997700505 628736
1783688283872 -0.0015721911913715303 630784
1783688284822 -0.000859953353938181 632832
1783688285685 -0.000962557958700927 634880
1783688286468 -0.0006554908432008233 636928
1783688287370 -0.0006592189747607335 638976
1783688288182 1.0849747923202813e-05 641024
1783688288961 -0.001505314941823599 643072
1783688289839 -0.00016929554112721235 645120
1783688294405 -0.0004551365345832892 647168
1783688298071 -0.0010927291950793006 649216
1783688304203 -6.667362322332337e-05 651264
1783688310282 -0.002080588514218107 653312
1783688316358 -0.00111395436397288 655360
1783688322401 0.00017919485253514722 657408
1783688328446 -6.979249519645236e-05 659456
1783688334602 9.087664511753246e-05 661504
1783688340638 -0.00017441001182305627 663552
1783688346741 -0.0010323557435185649 665600
1783688352722 -0.00046609552737209015 667648
1783688358621 -0.0006975275427976158 669696
1783688364719 -0.0004663447616621852 671744
1783688370723 -0.0004536728265520651 673792
1783688376805 -3.620049756136723e-05 675840
1783688382924 -0.000365460742614232 677888
1783688388979 -0.00104713532164169 679936
1783688395098 -7.773138622724218e-05 681984
1783688401286 -6.073636905057356e-05 684032
1783688407216 -0.0010806294594658539 686080
1783688413258 -0.0004878584913967643 688128
1783688419167 -0.0019486447417875752 690176
1783688425059 -0.0001043122338160174 692224
1783688430995 -0.0011093103912571678 694272
1783688437158 -0.00026248363428749144 696320
1783688443153 -0.000888388189196121 698368
1783688449232 -0.0003344053875480313 700416
1783688455183 -0.0027517774506122805 702464
1783688461232 -2.5105919121415354e-06 704512
1783688467442 -0.0013042740429227706 706560
1783688473367 -0.0009903164900606498 708608
1783688479263 -0.0002594383622636087 710656
1783688485165 -0.00019016196529264562 712704
1783688491265 -0.00012767280350090005 714752
1783688497286 -0.00014930887118680403 716800
1783688503127 -0.0009711390739539638 718848
1783688509106 3.299716263427399e-05 720896
1783688515161 -0.00018091784295393154 722944
1783688521637 -0.0014629228280682582 724992
1783688527902 0.0002715152222663164 727040
1783688533872 -0.0006013117308611982 729088
1783688539837 -0.0005094367988931481 731136
1783688546037 -0.0003862266421492677 733184
1783688552101 -0.0002238103097624844 735232
1783688558183 -0.0010025653173215687 737280
1783688564154 1.4073659258428961e-05 739328
1783688570213 -5.9322104789316654e-05 741376
1783688576726 -0.00025027262745425105 743424
1783688582847 -0.00015917257042019628 745472
1783688588927 -0.003587552855606191 747520
1783688595304 -0.00015992060798453167 749568
1783688601585 -0.00022300740147329634 751616
1783688607610 -0.000906486686290009 753664
1783688613607 1.6635109204798937e-05 755712
1783688619818 -0.0009639808704378083 757760
1783688626052 -0.0012468737695598975 759808
1783688632469 -0.00010771149027277716 761856
1783688638577 -0.00026688925936468877 763904
1783688644678 -0.0005273311544442549 765952
1783688650896 -0.001259839249541983 768000
1783688656949 -0.0021207730660535162 770048
1783688662755 0.0001767221328918822 772096
1783688668901 -0.0005960831476841122 774144
1783688675057 -0.0003788199792325031 776192
1783688681028 -0.0007525089604314417 778240
1783688687003 7.431596350215841e-05 780288
1783688693283 4.758396971737966e-05 782336
1783688699595 -0.00031320169000537135 784384
1783688704321 -4.2541181755950674e-05 786432
1783688705248 -0.00014189398279995658 788480
1783688706103 -0.00014057533189770766 790528
1783688707111 -0.0009014946117531508 792576
1783688708215 -1.972670725081116e-05 794624
1783688710085 0.00010575395208434202 796672
1783688716821 -1.6436144505860284e-05 798720
1783688724394 -0.0002847038340405561 800768
1783688732400 8.42342114992789e-05 802816
1783688740086 -0.0003958467787015252 804864
1783688748201 -5.781159779871814e-05 806912
1783688755880 -0.0009729410339787137 808960
1783688763720 -3.720566019183025e-05 811008
1783688771578 0.0001181304469355382 813056
1783688779415 -7.635712790943217e-05 815104
1783688787507 -0.0003241498015995603 817152
1783688795049 -3.5043980460613966e-05 819200
1783688803177 -0.0005787277623312548 821248
1783688810926 -0.0005053765307820868 823296
1783688818740 -0.00025001950598380063 825344
1783688826323 0.00019559946667868644 827392
1783688833414 -0.0015026922028482659 829440
1783688841038 -0.0001966768213605974 831488
1783688848370 5.5449265346396714e-05 833536
1783688855637 -1.1106039892183617e-05 835584
1783688863241 2.028375820373185e-05 837632
1783688870400 -0.0004082152481714729 839680
1783688878147 -0.00020214425967424177 841728
1783688885580 -0.00047006386739667505 843776
1783688892661 -0.0002043114036496263 845824
1783688900403 -0.0001811826768971514 847872
1783688907526 -3.564514918252826e-05 849920
1783688915134 -0.0002191072762798285 851968
1783688922781 -0.0002443030498398002 854016
1783688929942 -0.0010143468934984412 856064
1783688937391 -0.00021368437046476174 858112
1783688944843 -0.00030112586136965547 860160
1783688952535 -0.0005545120548049454 862208
1783688960314 -6.339712854241952e-05 864256
1783688967727 -0.0010331836419936735 866304
1783688975639 -0.0009681484661996365 868352
1783688983283 -0.00020248130022082478 870400
1783688990840 -1.733340832288377e-05 872448
1783688998820 5.5415388487745076e-05 874496
1783689005889 -2.2824995539849624e-05 876544
1783689013339 -0.00044291114318184555 878592
1783689020738 -3.886268677888438e-05 880640
1783689027933 8.615737169748172e-05 882688
1783689035333 -0.00046076724902377464 884736
1783689042404 -3.3201442420249805e-05 886784
1783689049708 -1.1609565262915567e-05 888832
1783689057179 -9.684282667876687e-05 890880
1783689064473 -0.00046442170059890486 892928
1783689072112 -0.0002715818991418928 894976
1783689079598 6.822566137998365e-05 897024
1783689086676 -0.00011329107655910775 899072
1783689094392 -2.2738979168934748e-05 901120
1783689101727 -0.0002534792511141859 903168
1783689109215 -5.749699266743846e-05 905216
1783689116886 7.3269548011012375e-06 907264
1783689124296 -6.481187665485777e-05 909312
1783689131565 -1.6809397493489087e-05 911360
1783689139385 -0.0003866172914968047 913408
1783689146613 -1.0763309546746314e-05 915456
1783689154476 9.862887964118272e-06 917504
1783689162158 -0.00022961080685490742 919552
1783689170002 -2.752456202870235e-05 921600
1783689178027 -0.00028453846243792213 923648
1783689185658 -7.647361417184584e-05 925696
1783689193703 -6.813964137108997e-05 927744
1783689201316 -1.743553366395645e-05 929792
1783689209276 -0.00016385404887842014 931840
1783689217243 -7.152572652557865e-05 933888
1783689224843 -6.612629840674344e-05 935936
1783689232857 -3.530837420839816e-05 937984
1783689240518 -5.2886945923091844e-05 940032
1783689248409 -0.00014679988817078993 942080
1783689256511 -8.476216680719517e-05 944128
1783689264066 -6.212161315488629e-05 946176
1783689271992 -0.0004677817996707745 948224
1783689279731 -3.001011828018818e-05 950272
1783689287576 -4.270664794603363e-05 952320
1783689295587 -0.0001015519410429988 954368
1783689303107 -3.2750365789979696e-05 956416
1783689310679 -0.00013042793216300197 958464
1783689317870 -0.00010954849858535454 960512
1783689325338 -0.00019348842033650726 962560
1783689332922 1.4817611372563988e-05 964608
1783689340030 1.5735047782072797e-05 966656
1783689347569 -3.1469971872866154e-07 968704
1783689355117 -1.1664524208754301e-06 970752
1783689362306 4.16461807617452e-06 972800
1783689369898 5.297410098137334e-06 974848
1783689377143 -1.4429235307034105e-05 976896
1783689384722 -9.73472670011688e-05 978944
1783689392268 -3.4210888770758174e-05 980992
1783689399329 1.020358467940241e-06 983040
1783689406903 1.7972088244277984e-06 985088
1783689414209 -1.961408997885883e-06 987136
1783689421451 -1.070645339495968e-05 989184
1783689429285 -1.6602205505478196e-05 991232
1783689436684 -3.5377961467020214e-06 993280
1783689444352 -2.3190161300590262e-05 995328
1783689452120 -5.798683559987694e-07 997376
1783689459623 -1.5350451576523483e-05 999424
1783689461732 2.4576567941241795e-10 1000000
