1783688025885 21.564600884914398 2048
1783688026864 28.62891499698162 4096
1783688027753 33.31328700482845 6144
1783688028662 40.78906247019768 8192
1783688029597 42.465648770332336 10240
1783688030458 54.070460975170135 12288
1783688031364 53.96807262301445 14336
1783688032251 54.83945354819298 16384
1783688033225 56.79313504695892 18432
1783688034184 55.8530016541481 20480
1783688034987 52.97359496355057 22528
1783688035840 50.49110695719719 24576
1783688036750 52.2941175699234 26624
1783688037734 55.30019894242287 28672
1783688038620 53.04757213592529 30720
1783688039441 53.409591376781464 32768
1783688040372 54.64358642697334 34816
1783688041364 52.35767722129822 36864
1783688042251 51.866100162267685 38912
1783688043176 53.43706050515175 40960
1783688044230 53.55301696062088 43008
1783688045125 52.597129195928574 45056
1783688045931 52.66731694340706 47104
1783688046853 51.45293536782265 49152
1783688047881 52.01944115757942 51200
1783688048840 51.879472345113754 53248
1783688049791 50.7343772649765 55296
1783688050690 51.189903289079666 57344
1783688051461 48.27188482880592 59392
1783688052409 47.06565418839455 61440
1783688053340 46.79099100828171 63488
1783688054222 43.56749156117439 65536
1783688055111 45.86748227477074 67584
1783688056020 46.4368759393692 69632
1783688056904 46.22873342037201 71680
1783688057825 47.58880117535591 73728
1783688058705 47.05811667442322 75776
1783688059648 46.732510924339294 77824
1783688060614 46.408221900463104 79872
1783688061587 46.344718515872955 81920
1783688062515 46.28210014104843 83968
1783688063475 45.15235421061516 86016
1783688064329 44.93110463023186 88064
1783688065221 45.696180403232574 90112
1783688066049 45.57612010836601 92160
1783688066931 45.11515364050865 94208
1783688067814 45.06792575120926 96256
1783688068634 43.01669496297836 98304
1783688069467 44.14250999689102 100352
1783688070314 44.01192203164101 102400
1783688071207 42.881233274936676 104448
1783688072089 40.958324521780014 106496
1783688072933 42.09384176135063 108544
1783688073775 41.64595606923103 110592
1783688074609 41.169885993003845 112640
1783688075480 40.11339467763901 114688
1783688076349 40.90059581398964 116736
1783688077218 36.522853791713715 118784
1783688078224 39.21286654472351 120832
1783688079131 39.49647945165634 122880
1783688080167 38.64627406001091 124928
1783688081316 36.21710190176964 126976
1783688082400 36.64823341369629 129024
1783688083234 37.93421006202698 131072
1783688084121 33.204998165369034 133120
1783688084964 32.050136148929596 135168
1783688085904 33.03217141330242 137216
1783688086755 34.2476020604372 139264
1783688087622 35.00828978419304 141312
1783688088539 35.34375722706318 143360
1783688089364 36.79313412308693 145408
1783688090292 34.33004683256149 147456
1783688091176 36.69795802235603 149504
1783688092032 34.21280674636364 151552
1783688092904 34.178741335868835 153600
1783688093737 32.012346893548965 155648
1783688094640 31.363330826163292 157696
1783688095582 32.72768346965313 159744
1783688096447 32.82318398356438 161792
1783688097375 34.642144814133644 163840
1783688098390 34.531792014837265 165888
1783688099269 32.97035476565361 167936
1783688100126 31.17103247344494 169984
1783688100933 33.637588173151016 172032
1783688101844 33.844837695360184 174080
1783688102593 32.510894402861595 176128
1783688103368 33.4926815032959 178176
1783688104216 33.515741124749184 180224
1783688105002 33.22789603471756 182272
1783688105831 33.0518644452095 184320
1783688106697 32.651464372873306 186368
1783688107492 32.08818055689335 188416
1783688108371 32.49056427180767 190464
1783688109204 32.07211923599243 192512
1783688110125 32.36726853251457 194560
1783688110919 32.09191067516804 196608
1783688111680 30.114359885454178 198656
1783688112534 29.036489501595497 200704
1783688113382 29.56644707918167 202752
1783688114180 29.99051620066166 204800
1783688115007 30.537451520562172 206848
1783688115839 31.08748549222946 208896
1783688116663 28.520814403891563 210944
1783688117423 29.196380496025085 212992
1783688118338 29.785194620490074 215040
1783688119175 29.58737325668335 217088
1783688119902 30.41984060406685 219136
1783688120714 30.192951932549477 221184
1783688121529 30.040283247828484 223232
1783688122357 30.01686093211174 225280
1783688123137 28.71074666082859 227328
1783688123825 29.703845739364624 229376
1783688124566 29.27370235323906 231424
1783688125337 29.276742443442345 233472
1783688126023 28.74279546737671 235520
1783688126700 26.67432251572609 237568
1783688127578 28.771719992160797 239616
1783688128349 29.268860042095184 241664
1783688129036 29.198559805750847 243712
1783688129892 28.6796532869339 245760
1783688130764 28.64493265748024 247808
1783688131591 28.816049709916115 249856
1783688132377 27.661823228001595 251904
1783688133195 28.14723987877369 253952
1783688134063 25.39739890396595 256000
1783688134927 28.051128938794136 258048
1783688135795 27.905340522527695 260096
1783688136593 28.090743750333786 262144
1783688137338 27.719279319047928 264192
1783688138108 27.57033810019493 266240
1783688138814 27.473855420947075 268288
1783688139564 28.152526065707207 270336
1783688140500 26.725476011633873 272384
1783688141346 27.625119596719742 274432
1783688142229 26.58611138164997 276480
1783688143115 26.499689161777496 278528
1783688143987 24.577403753995895 280576
1783688144749 21.73434156179428 282624
1783688145502 21.704502940177917 284672
1783688146415 24.890909269452095 286720
1783688147287 23.431920275092125 288768
1783688148164 24.262763485312462 290816
1783688149036 26.306714713573456 292864
1783688149841 25.848795890808105 294912
1783688150805 25.642962142825127 296960
1783688151602 26.756152287125587 299008
1783688152364 25.719444200396538 301056
1783688153252 25.51040282845497 303104
1783688154075 25.58661963045597 305152
1783688154916 23.29426234960556 307200
1783688155777 26.01768498122692 309248
1783688156594 24.98875753581524 311296
1783688157423 24.53611508011818 313344
1783688158254 25.59375523030758 315392
1783688159099 25.539635062217712 317440
1783688160000 23.047343879938126 319488
1783688160859 25.137531474232674 321536
1783688161728 18.82207451760769 323584
1783688162573 22.4455334097147 325632
1783688163390 25.068442925810814 327680
1783688164191 24.33947490155697 329728
1783688164910 22.115610018372536 331776
1783688165749 24.30586215853691 333824
1783688166579 25.11613169312477 335872
1783688167422 23.82658790051937 337920
1783688168261 23.580873131752014 339968
1783688169156 24.05069713294506 342016
1783688169910 22.606331661343575 344064
1783688170602 21.380261555314064 346112
1783688171306 23.145551830530167 348160
1783688172260 23.107333794236183 350208
1783688173068 23.646304324269295 352256
1783688173903 23.568827390670776 354304
1783688174734 23.519944816827774 356352
1783688175599 23.518755733966827 358400
1783688176307 24.89728482067585 360448
1783688177056 23.34935936331749 362496
1783688177811 23.28650587052107 364544
1783688178521 23.240654319524765 366592
1783688179246 23.207134053111076 368640
1783688180136 24.87681608647108 370688
1783688180995 23.09589111804962 372736
1783688181921 23.050493121147156 374784
1783688182764 22.998544119298458 376832
1783688183671 22.956560604274273 378880
1783688184463 24.450579226017 380928
1783688185194 22.86825504899025 382976
1783688186102 22.831448897719383 385024
1783688186992 24.67824150621891 387072
1783688187915 22.746326453983784 389120
1783688188787 22.650181584060192 391168
1783688189603 22.669702030718327 393216
1783688190265 22.551481008529663 395264
1783688191082 22.590958558022976 397312
1783688191901 22.541696794331074 399360
1783688192625 22.49093969911337 401408
1783688193336 22.395042426884174 403456
1783688194115 22.445070430636406 405504
1783688194822 24.5034147053957 407552
1783688195531 22.353541664779186 409600
1783688196315 22.314005307853222 411648
1783688197139 22.210392110049725 413696
1783688197965 22.243829891085625 415744
1783688198716 22.247502721846104 417792
1783688199524 22.22398951649666 419840
1783688200412 22.04988018423319 421888
1783688201214 22.137571960687637 423936
1783688202121 22.104832336306572 425984
1783688204386 22.120277531445026 428032
1783688206574 25.90252386033535 430080
1783688207456 22.01390351355076 432128
1783688208316 21.634837307035923 434176
1783688209206 19.93593841791153 436224
1783688210036 22.22644204646349 438272
1783688210758 15.307950846850872 440320
1783688211530 15.322288528084755 442368
1783688212342 17.821938432753086 444416
1783688213032 21.771199755370617 446464
1783688213862 22.289526008069515 448512
1783688214744 21.86747232824564 450560
1783688215582 21.861693643033504 452608
1783688216333 24.52248787879944 454656
1783688217185 21.824013352394104 456704
1783688217967 21.818464510142803 458752
1783688218767 21.83810856938362 460800
1783688219619 21.80867028236389 462848
1783688220402 21.80174719542265 464896
1783688221269 21.812152549624443 466944
1783688222062 21.81236381083727 468992
1783688222808 21.804570764303207 471040
1783688223609 21.801554538309574 473088
1783688224406 21.861122511327267 475136
1783688225237 23.80627640336752 477184
1783688225919 21.80586651712656 479232
1783688226671 21.787116423249245 481280
1783688227473 21.810949221253395 483328
1783688228160 21.80772826820612 485376
1783688228872 21.82337998598814 487424
1783688229641 21.830161675810814 489472
1783688230467 24.877852894365788 491520
1783688231249 22.194114334881306 493568
1783688232074 22.007761023938656 495616
1783688232778 21.8619384765625 497664
1783688233470 21.868704684078693 499712
1783688234247 21.888351678848267 501760
1783688235059 21.894043914973736 503808
1783688235852 21.915039651095867 505856
1783688236631 21.923034504055977 507904
1783688237414 21.942053072154522 509952
1783688238193 25.15953241288662 512000
1783688238959 21.395356968045235 514048
1783688239742 22.046032465994358 516096
1783688240484 22.000714033842087 518144
1783688241177 22.038621589541435 520192
1783688241881 22.050830975174904 522240
1783688242633 22.095989517867565 524288
1783688243353 25.657842978835106 526336
1783688244078 22.118524689227343 528384
1783688244875 25.640308126807213 530432
1783688245688 25.89063511416316 532480
1783688246464 22.204605404287577 534528
1783688247207 26.0040042437613 536576
1783688247963 22.263751097023487 538624
1783688248682 22.26119400933385 540672
1783688249380 22.328134030103683 542720
1783688250142 29.67452349513769 544768
1783688250823 21.39045985043049 546816
1783688251549 22.43924793973565 548864
1783688252288 22.456264179199934 550912
1783688253056 22.461294941604137 552960
1783688253886 22.51041455939412 555008
1783688254608 22.591344334185123 557056
1783688255371 22.65540850907564 559104
1783688256140 26.70783231779933 561152
1783688256877 22.721851479262114 563200
1783688257592 22.75300882011652 565248
1783688258332 22.761484298855066 567296
1783688259129 22.88393572345376 569344
1783688259978 22.863371293991804 571392
1783688260741 27.08685238286853 573440
1783688261468 22.946439314633608 575488
1783688262219 23.588469188660383 577536
1783688263017 27.368612576276064 579584
1783688263825 23.064686480909586 581632
1783688264610 23.187082163989544 583680
1783688265402 23.20758993551135 585728
1783688266184 27.178571421653032 587776
1783688266914 23.183028683066368 589824
1783688267789 23.374460596591234 591872
1783688268576 23.478575337678194 593920
1783688269395 27.06913109868765 595968
1783688270227 23.564969547092915 598016
1783688271085 23.63172947615385 600064
1783688271840 23.695697367191315 602112
1783688272621 23.729018069803715 604160
1783688273537 23.819024201482534 606208
1783688274347 23.887529212981462 608256
1783688275180 28.783725004643202 610304
1783688275980 24.01078064739704 612352
1783688276860 24.06973984092474 614400
1783688277771 24.14544467255473 616448
1783688278674 29.093718323856592 618496
1783688279537 24.277334108948708 620544
1783688280316 29.429175417870283 622592
1783688281162 24.40164132975042 624640
1783688282072 24.488484175875783 626688
1783688282984 29.50589407980442 628736
1783688283872 29.81167029775679 630784
1783688284822 24.703881286084652 632832
1783688285685 24.751913284882903 634880
1783688286468 24.84388909302652 636928
1783688287370 24.941495759412646 638976
1783688288182 25.055991543456912 641024
1783688288961 28.461840761825442 643072
1783688289839 25.165530214086175 645120
1783688294405 25.251369569450617 647168
1783688298071 25.318734645843506 649216
1783688304203 25.417749052867293 651264
1783688310282 25.339613419026136 653312
1783688316358 31.146849785000086 655360
1783688322401 25.612191641703248 657408
1783688328446 25.661649944260716 659456
1783688334602 25.77017517387867 661504
1783688340638 31.67137248814106 663552
1783688346741 25.991730894893408 665600
1783688352722 25.983903693035245 667648
1783688358621 26.077213807031512 669696
1783688364719 25.885710144415498 671744
1783688370723 24.666944958269596 673792
1783688376805 31.036647712811828 675840
1783688382924 21.38026839122176 677888
1783688388979 25.976093815639615 679936
1783688395098 26.18435962498188 681984
1783688401286 25.779993729665875 684032
1783688407216 25.44937895424664 686080
1783688413258 21.595045693218708 688128
1783688419167 24.605485206469893 690176
1783688425059 22.074382323771715 692224
1783688430995 22.834350761026144 694272
1783688437158 9.942655734717846 696320
1783688443153 11.864216662943363 698368
1783688449232 21.31920808367431 700416
1783688455183 15.067700373008847 702464
1783688461232 18.63181084021926 704512
1783688467442 21.373972134664655 706560
1783688473367 23.06959475390613 708608
1783688479263 27.020216435194016 710656
1783688485165 28.109270653687418 712704
1783688491265 28.308156602084637 714752
1783688497286 35.07969410717487 716800
1783688503127 28.188171012327075 718848
1783688509106 28.420887334272265 720896
1783688515161 28.53258944954723 722944
1783688521637 28.64754121378064 724992
1783688527902 28.561625573784113 727040
1783688533872 28.086662023328245 729088
1783688539837 32.668209962546825 731136
1783688546037 26.21577176451683 733184
1783688552101 10.817130533978343 735232
1783688558183 15.625171405263245 737280
1783688564154 24.821806146763265 739328
1783688570213 22.78794303815812 741376
1783688576726 19.78639560379088 743424
1783688582847 32.744760781526566 745472
1783688588927 11.332086039707065 747520
1783688595304 16.573219008743763 749568
1783688601585 26.631341653876007 751616
1783688607610 25.00540954899043 753664
1783688613607 29.335445024073124 755712
1783688619818 35.85419311746955 757760
1783688626052 28.49367796909064 759808
1783688632469 30.089021720923483 761856
1783688638577 35.445667057298124 763904
1783688644678 30.048610854893923 765952
1783688650896 29.450668026693165 768000
1783688656949 30.02338977716863 770048
1783688662755 30.11106565129012 772096
1783688668901 35.40278289373964 774144
1783688675057 29.833915359340608 776192
1783688681028 29.604332191869617 778240
1783688687003 29.53574139252305 780288
1783688693283 28.753076808527112 782336
1783688699595 28.783279146067798 784384
1783688704321 35.725417216308415 786432
1783688705248 27.242403586395085 788480
1783688706103 22.057191357947886 790528
1783688707111 28.944108549505472 792576
1783688708215 28.557224778458476 794624
1783688710085 28.689099754206836 796672
1783688716821 29.67826831713319 798720
1783688724394 36.77887578308582 800768
1783688732400 29.736084209755063 802816
1783688740086 28.42115586064756 804864
1783688748201 28.338772347196937 806912
1783688755880 28.696737117134035 808960
1783688763720 27.609374723397195 811008
1783688771578 29.597938243299723 813056
1783688779415 30.3504004990682 815104
1783688787507 29.783099117688835 817152
1783688795049 29.520480128005147 819200
1783688803177 30.34722956828773 821248
1783688810926 34.48123805038631 823296
1783688818740 30.27462769113481 825344
1783688826323 29.96044608950615 827392
1783688833414 29.962923610582948 829440
1783688841038 30.124836146831512 831488
1783688848370 30.127945984713733 833536
1783688855637 36.96536646224558 835584
1783688863241 29.604577760212123 837632
1783688870400 29.498611443676054 839680
1783688878147 29.942350020632148 841728
1783688885580 29.32744139339775 843776
1783688892661 29.92444647848606 845824
1783688900403 29.83795882575214 847872
1783688907526 29.727076570503414 849920
1783688915134 29.719450396485627 851968
1783688922781 29.92097571771592 854016
1783688929942 36.673234071582556 856064
1783688937391 29.643238309770823 858112
1783688944843 29.871641389094293 860160
1783688952535 36.82514922786504 862208
1783688960314 29.6365262651816 864256
1783688967727 29.71772050485015 866304
1783688975639 29.64247401896864 868352
1783688983283 29.54715799447149 870400
1783688990840 29.62247145641595 872448
1783688998820 29.606813471764326 874496
1783689005889 35.567457646131516 876544
1783689013339 29.47387914545834 878592
1783689020738 29.4066009381786 880640
1783689027933 29.38317987602204 882688
1783689035333 29.476086762733757 884736
1783689042404 29.223797284998 886784
1783689049708 29.310444868169725 888832
1783689057179 29.272091913968325 890880
1783689064473 36.24761690944433 892928
1783689072112 29.333385408855975 894976
1783689079598 29.038584639318287 897024
1783689086676 29.291437100619078 899072
1783689094392 29.313348028808832 901120
1783689101727 29.22564617637545 903168
1783689109215 29.452918297611177 905216
1783689116886 29.286414958536625 907264
1783689124296 36.33194341696799 909312
1783689131565 28.765792234800756 911360
1783689139385 29.205029221251607 913408
1783689146613 29.17873621918261 915456
1783689154476 29.359095508232713 917504
1783689162158 29.19980319030583 919552
1783689170002 29.313322483561933 921600
1783689178027 29.32229283079505 923648
1783689185658 29.277192120440304 925696
1783689193703 29.277598121203482 927744
1783689201316 29.157597043551505 929792
1783689209276 35.09085044730455 931840
1783689217243 29.0509469229728 933888
1783689224843 29.18037946522236 935936
1783689232857 29.177758215926588 937984
1783689240518 29.260324247181416 940032
1783689248409 35.16549184266478 942080
1783689256511 29.19723152089864 944128
1783689264066 29.110913367941976 946176
1783689271992 33.42389774881303 948224
1783689279731 28.820538743399084 950272
1783689287576 29.003774671815336 952320
1783689295587 29.240825556218624 954368
1783689303107 28.89118457119912 956416
1783689310679 36.07232415303588 958464
1783689317870 29.186123160645366 960512
1783689325338 28.75893683731556 962560
1783689332922 28.856185430660844 964608
1783689340030 28.94187223352492 966656
1783689347569 29.16020094230771 968704
1783689355117 28.902619612403214 970752
1783689362306 33.17648646235466 972800
1783689369898 29.117531984113157 974848
1783689377143 28.836512567475438 976896
1783689384722 28.919848335906863 978944
1783689392268 29.26103171147406 980992
1783689399329 29.04518778808415 983040
1783689406903 29.207642483524978 985088
1783689414209 35.41781749855727 987136
1783689421451 28.890342905186117 989184
1783689429285 29.012897910550237 991232
1783689436684 29.128317454829812 993280
1783689444352 28.91834071651101 995328
1783689452120 29.045298115350306 997376
1783689459623 42.82057003863156 999424
1783689461732 26.052767276763916 1000000
