1783688025885 43.177177876234055 2048
1783688026864 57.29127487540245 4096
1783688027753 66.66511422395706 6144
1783688028662 81.61414283514023 8192
1783688029597 84.96816700696945 10240
1783688030458 108.16403621435165 12288
1783688031364 107.96535903215408 14336
1783688032251 109.70691919326782 16384
1783688033225 113.60467219352722 18432
1783688034184 111.72307175397873 20480
1783688034987 105.96383702754974 22528
1783688035840 101.00596797466278 24576
1783688036750 104.61047548055649 26624
1783688037734 110.6138745546341 28672
1783688038620 106.11294895410538 30720
1783688039441 106.8404592871666 32768
1783688040372 109.30438101291656 34816
1783688041364 104.72560727596283 36864
1783688042251 103.75022149085999 38912
1783688043176 106.8874397277832 40960
1783688044230 107.12026143074036 43008
1783688045125 105.20768392086029 45056
1783688045931 105.34571611881256 47104
1783688046853 102.92465525865555 49152
1783688047881 104.05245769023895 51200
1783688048840 103.77197849750519 53248
1783688049791 101.48059558868408 55296
1783688050690 102.39303249120712 57344
1783688051461 96.56214755773544 59392
1783688052409 94.1411120891571 61440
1783688053340 93.59380894899368 63488
1783688054222 87.14592951536179 65536
1783688055111 91.75112009048462 67584
1783688056020 92.88559454679489 69632
1783688056904 92.47421646118164 71680
1783688057825 95.18801003694534 73728
1783688058705 94.12756311893463 75776
1783688059648 93.4790563583374 77824
1783688060614 92.83065068721771 79872
1783688061587 92.69999885559082 81920
1783688062515 92.5780069231987 83968
1783688063475 90.31560611724854 86016
1783688064329 89.88012653589249 88064
1783688065221 91.40499150753021 90112
1783688066049 91.16547948122025 92160
1783688066931 90.24344408512115 94208
1783688067814 90.1478545665741 96256
1783688068634 86.05108189582825 98304
1783688069467 88.2967517375946 100352
1783688070314 88.0363781452179 102400
1783688071207 85.77825278043747 104448
1783688072089 81.9291700720787 106496
1783688072933 84.2021096944809 108544
1783688073775 83.30407100915909 110592
1783688074609 82.35272008180618 112640
1783688075480 80.24400252103806 114688
1783688076349 81.81346434354782 116736
1783688077218 73.06307202577591 118784
1783688078224 78.43954002857208 120832
1783688079131 79.00447058677673 122880
1783688080167 77.31363207101822 124928
1783688081316 72.44542580842972 126976
1783688082400 73.31458556652069 129024
1783688083234 75.8863520026207 131072
1783688084121 66.42361116409302 133120
1783688084964 64.11936977505684 135168
1783688085904 66.07557639479637 137216
1783688086755 68.51185929775238 139264
1783688087622 70.02797317504883 141312
1783688088539 70.69900357723236 143360
1783688089364 73.59650146961212 145408
1783688090292 68.67133322358131 147456
1783688091176 73.41128814220428 149504
1783688092032 68.43681213259697 151552
1783688092904 68.37518841028214 153600
1783688093737 64.03562867641449 155648
1783688094640 62.74081638455391 157696
1783688095582 65.46647176146507 159744
1783688096447 65.65953755378723 161792
1783688097375 69.29697453975677 163840
1783688098390 69.07754027843475 165888
1783688099269 65.9549860060215 167936
1783688100126 62.36095094680786 169984
1783688100933 67.28671836853027 172032
1783688101844 67.7005940079689 174080
1783688102593 65.03404957056046 176128
1783688103368 67.00165155529976 178176
1783688104216 67.0445262491703 180224
1783688105002 66.46993753314018 182272
1783688105831 66.11520051956177 184320
1783688106697 65.31733092665672 186368
1783688107492 64.1858931183815 188416
1783688108371 64.99235546588898 190464
1783688109204 64.15613704919815 192512
1783688110125 64.74636593461037 194560
1783688110919 64.20146971940994 196608
1783688111680 60.24176278710365 198656
1783688112534 58.08510780334473 200704
1783688113382 59.1493698656559 202752
1783688114180 59.992674082517624 204800
1783688115007 61.08641302585602 206848
1783688115839 62.18678259849548 208896
1783688116663 57.05324885249138 210944
1783688117423 58.40587317943573 212992
1783688118338 59.58250203728676 215040
1783688119175 59.18689739704132 217088
1783688119902 60.85162070393562 219136
1783688120714 60.40039590001106 221184
1783688121529 60.090893387794495 223232
1783688122357 60.046121180057526 225280
1783688123137 57.43107849359512 227328
1783688123825 59.419068425893784 229376
1783688124566 58.55839240550995 231424
1783688125337 58.56570088863373 233472
1783688126023 57.49445295333862 235520
1783688126700 53.362579107284546 237568
1783688127578 57.559609174728394 239616
1783688128349 58.547712564468384 241664
1783688129036 58.40902301669121 243712
1783688129892 57.36915823817253 245760
1783688130764 57.302700102329254 247808
1783688131591 57.64337682723999 249856
1783688132377 55.333577156066895 251904
1783688133195 56.30571639537811 253952
1783688134063 50.81211003661156 256000
1783688134927 56.11630827188492 258048
1783688135795 55.824323654174805 260096
1783688136593 56.19223150610924 262144
1783688137338 55.451513051986694 264192
1783688138108 55.15130150318146 266240
1783688138814 54.95844903588295 268288
1783688139564 56.32011014223099 270336
1783688140500 53.46726402640343 272384
1783688141346 55.26138097047806 274432
1783688142229 53.18397533893585 276480
1783688143115 53.01244726777077 278528
1783688143987 49.16773435473442 280576
1783688144749 43.48362362384796 282624
1783688145502 43.4228039085865 284672
1783688146415 49.79264980554581 286720
1783688147287 46.87504890561104 288768
1783688148164 48.538455963134766 290816
1783688149036 52.624757528305054 292864
1783688149841 51.708561688661575 294912
1783688150805 51.30070221424103 296960
1783688151602 53.5247158408165 299008
1783688152364 51.44991225004196 301056
1783688153252 51.033686876297 303104
1783688154075 51.184290021657944 305152
1783688154916 46.6067915558815 307200
1783688155777 52.04643535614014 309248
1783688156594 49.991480737924576 311296
1783688157423 49.083880960941315 313344
1783688158254 51.19817355275154 315392
1783688159099 51.09425821900368 317440
1783688160000 46.10526758432388 319488
1783688160859 50.28690031170845 321536
1783688161728 37.656449407339096 323584
1783688162573 44.9085673391819 325632
1783688163390 50.14848080277443 327680
1783688164191 48.69144123792648 329728
1783688164910 44.24846801161766 331776
1783688165749 48.623607754707336 333824
1783688166579 50.24636426568031 335872
1783688167422 47.66391375660896 337920
1783688168261 47.176777958869934 339968
1783688169156 48.11415761709213 342016
1783688169910 45.22419819235802 344064
1783688170602 42.77238443493843 346112
1783688171306 46.30542674660683 348160
1783688172260 46.229188203811646 350208
1783688173068 47.30393014848232 352256
1783688173903 47.14904788136482 354304
1783688174734 47.05451911687851 356352
1783688175599 47.04995855689049 358400
1783688176307 49.80592814087868 360448
1783688177056 46.71157965064049 362496
1783688177811 46.586859688162804 364544
1783688178521 46.4940160959959 366592
1783688179246 46.42498229444027 368640
1783688180136 49.76783883571625 370688
1783688180995 46.204954877495766 372736
1783688181921 46.11246392130852 374784
1783688182764 46.010348334908485 376832
1783688183671 45.9272114187479 378880
1783688184463 48.91688786447048 380928
1783688185194 45.74794985353947 382976
1783688186102 45.67417697608471 385024
1783688186992 49.37061704695225 387072
1783688187915 45.50464256107807 389120
1783688188787 45.31089183688164 391168
1783688189603 45.35045726597309 393216
1783688190265 45.11635622382164 395264
1783688191082 45.193043291568756 397312
1783688191901 45.09396302700043 399360
1783688192625 44.99305981397629 401408
1783688193336 44.80388802289963 403456
1783688194115 44.90139126777649 405504
1783688194822 49.01757772266865 407552
1783688195531 44.719421088695526 409600
1783688196315 44.64079891145229 411648
1783688197139 44.43187263607979 413696
1783688197965 44.49848285317421 415744
1783688198716 44.50659151375294 417792
1783688199524 44.4600567817688 419840
1783688200412 44.11009366810322 421888
1783688201214 44.28679798543453 423936
1783688202121 44.22106668353081 425984
1783688204386 44.25168836116791 428032
1783688206574 51.822279796004295 430080
1783688207456 44.0388218164444 432128
1783688208316 43.28930762410164 434176
1783688209206 39.88401751220226 436224
1783688210036 44.46668367087841 438272
1783688210758 30.628485769033432 440320
1783688211530 30.65676535665989 442368
1783688212342 35.65622432529926 444416
1783688213032 43.56012299656868 446464
1783688213862 44.59368361532688 448512
1783688214744 43.747547164559364 450560
1783688215582 43.735051050782204 452608
1783688216333 49.05703403055668 454656
1783688217185 43.659633845090866 456704
1783688217967 43.64919553697109 458752
1783688218767 43.68747280538082 460800
1783688219619 43.62861716747284 462848
1783688220402 43.615106999874115 464896
1783688221269 43.63586491346359 466944
1783688222062 43.6357234865427 468992
1783688222808 43.62189394235611 471040
1783688223609 43.61705161631107 473088
1783688224406 43.733695924282074 475136
1783688225237 47.62431751191616 477184
1783688225919 43.62556901574135 479232
1783688226671 43.586009204387665 481280
1783688227473 43.635938078165054 483328
1783688228160 43.62704761326313 485376
1783688228872 43.657777801156044 487424
1783688229641 43.67143288254738 489472
1783688230467 49.76872643828392 491520
1783688231249 44.40143655240536 493568
1783688232074 44.029932752251625 495616
1783688232778 43.73514769971371 497664
1783688233470 43.74897338449955 499712
1783688234247 43.78883911669254 501760
1783688235059 43.79942977428436 503808
1783688235852 43.84193290770054 505856
1783688236631 43.85769905149937 507904
1783688237414 43.89618471264839 509952
1783688238193 50.333383321762085 512000
1783688238959 42.80193239450455 514048
1783688239742 44.10432631522417 516096
1783688240484 44.01280264556408 518144
1783688241177 44.088593289256096 520192
1783688241881 44.11448434740305 522240
1783688242633 44.20535917580128 524288
1783688243353 51.32806118577719 526336
1783688244078 44.249126851558685 528384
1783688244875 51.30134196579456 530432
1783688245688 51.7930609062314 532480
1783688246464 44.42326960712671 534528
1783688247207 52.02079929411411 536576
1783688247963 44.54014354199171 538624
1783688248682 44.53581293672323 540672
1783688249380 44.66916674375534 542720
1783688250142 59.3646525144577 544768
1783688250823 42.79534995555878 546816
1783688251549 44.8904152661562 548864
1783688252288 44.92354079335928 550912
1783688253056 44.935780361294746 552960
1783688253886 45.032732114195824 555008
1783688254608 45.195890717208385 557056
1783688255371 45.322905384004116 559104
1783688256140 53.42746341973543 561152
1783688256877 45.455712512135506 563200
1783688257592 45.51742344349623 565248
1783688258332 45.53525995463133 567296
1783688259129 45.78026186674833 569344
1783688259978 45.7395059838891 571392
1783688260741 54.18834421783686 573440
1783688261468 45.90414348989725 575488
1783688262219 47.187962613999844 577536
1783688263017 54.749002046883106 579584
1783688263825 46.144551537930965 581632
1783688264610 46.38802772760391 583680
1783688265402 46.42743968218565 585728
1783688266184 54.38294702023268 587776
1783688266914 46.382027223706245 589824
1783688267789 46.76028636097908 591872
1783688268576 46.969554364681244 593920
1783688269395 54.15244326740503 595968
1783688270227 47.14323952794075 598016
1783688271085 47.278653390705585 600064
1783688271840 47.40282279253006 602112
1783688272621 47.47016595304012 604160
1783688273537 47.65075855702162 606208
1783688274347 47.78817669302225 608256
1783688275180 57.57820116728544 610304
1783688275980 48.03369930386543 612352
1783688276860 48.151021867990494 614400
1783688277771 48.303778037428856 616448
1783688278674 58.198507606983185 618496
1783688279537 48.56627578288317 620544
1783688280316 58.8701257109642 622592
1783688281162 48.81604677066207 624640
1783688282072 48.98953653126955 626688
1783688282984 59.03320839256048 628736
1783688283872 59.63820319250226 630784
1783688284822 49.42060263454914 632832
1783688285685 49.51726719737053 634880
1783688286468 49.70047401636839 636928
1783688287370 49.89578316360712 638976
1783688288182 50.12340960279107 641024
1783688288961 56.938026398420334 643072
1783688289839 50.34287020936608 645120
1783688294405 50.515128921717405 647168
1783688298071 50.651073940098286 649216
1783688304203 50.847133349627256 651264
1783688310282 50.69483671709895 653312
1783688316358 62.307242684066296 655360
1783688322401 51.235634967684746 657408
1783688328446 51.33483533933759 659456
1783688334602 51.551733028143644 661504
1783688340638 63.35465336591005 663552
1783688346741 51.997190199792385 665600
1783688352722 51.98005362600088 667648
1783688358621 52.16700245440006 669696
1783688364719 51.78387464955449 671744
1783688370723 49.3462095297873 673792
1783688376805 62.08481753244996 675840
1783688382924 42.77272614836693 677888
1783688388979 51.96572990715504 679936
1783688395098 52.38015093281865 681984
1783688401286 51.571669805794954 684032
1783688407216 50.91248705983162 686080
1783688413258 43.20264705270529 688128
1783688419167 49.226225070655346 690176
1783688425059 44.16030929982662 692224
1783688430995 45.68238915503025 694272
1783688437158 19.89742461591959 696320
1783688443153 23.741644952446222 698368
1783688449232 42.650355849415064 700416
1783688455183 30.152268163859844 702464
1783688461232 37.275299809873104 704512
1783688467442 42.7621033154428 706560
1783688473367 46.152667593210936 708608
1783688479263 54.05231093801558 710656
1783688485165 56.230139657855034 712704
1783688491265 56.62831399217248 714752
1783688497286 70.17114773765206 716800
1783688503127 56.38953813165426 718848
1783688509106 56.85305845364928 720896
1783688515161 57.077057871967554 722944
1783688521637 57.30939860269427 724992
1783688527902 57.13410409167409 727040
1783688533872 56.18608426488936 729088
1783688539837 65.34890071302652 731136
1783688546037 52.44363262690604 733184
1783688552101 21.646399293094873 735232
1783688558183 31.26369975320995 737280
1783688564154 49.65492846630514 739328
1783688570213 45.587544206529856 741376
1783688576726 39.584892926737666 743424
1783688582847 65.50133202597499 745472
1783688588927 22.68283935636282 747520
1783688595304 33.158210068941116 749568
1783688601585 53.27466846816242 751616
1783688607610 50.02401211485267 753664
1783688613607 58.68250231258571 755712
1783688619818 71.72169975563884 757760
1783688626052 57.00095959380269 759808
1783688632469 60.18994022347033 761856
1783688638577 70.90340696461499 763904
1783688644678 60.109733667224646 765952
1783688650896 58.91546505689621 768000
1783688656949 60.06233627535403 770048
1783688662755 60.23333892598748 772096
1783688668901 70.81841139867902 774144
1783688675057 59.680145766586065 776192
1783688681028 59.22159729525447 778240
1783688687003 59.082740999758244 780288
1783688693283 57.51773016899824 782336
1783688699595 57.57863043434918 784384
1783688704321 71.46236540749669 786432
1783688705248 54.49640851654112 788480
1783688706103 44.12632508017123 790528
1783688707111 57.90149360150099 792576
1783688708215 57.12603455781937 794624
1783688710085 57.38944776915014 796672
1783688716821 59.36812859028578 798720
1783688724394 73.56979866325855 800768
1783688732400 59.48334401100874 802816
1783688740086 56.854525584727526 804864
1783688748201 56.6892749927938 806912
1783688755880 57.40684627555311 808960
1783688763720 55.23041715286672 811008
1783688771578 59.20718156173825 813056
1783688779415 60.712455390021205 815104
1783688787507 59.57834560610354 817152
1783688795049 59.05261033214629 819200
1783688803177 60.707314662635326 821248
1783688810926 68.97512732818723 823296
1783688818740 60.56128832884133 825344
1783688826323 59.93218755163252 827392
1783688833414 59.94012760929763 829440
1783688841038 60.26176019757986 831488
1783688848370 60.26751761138439 833536
1783688855637 73.9421711191535 835584
1783688863241 59.220541747286916 837632
1783688870400 59.009491531178355 839680
1783688878147 59.89661341160536 841728
1783688885580 58.66727584414184 843776
1783688892661 59.86091219075024 845824
1783688900403 59.687940910458565 847872
1783688907526 59.46594353578985 849920
1783688915134 59.450883112847805 851968
1783688922781 59.85407990962267 854016
1783688929942 73.36001105606556 856064
1783688937391 59.298179000616074 858112
1783688944843 59.75545638613403 860160
1783688952535 73.66278998740017 862208
1783688960314 59.28464496135712 864256
1783688967727 59.44860976561904 866304
1783688975639 59.298181779682636 868352
1783688983283 59.10604815930128 870400
1783688990840 59.25631080754101 872448
1783688998820 59.22491656988859 874496
1783689005889 71.14649415761232 876544
1783689013339 58.95989661291242 878592
1783689020738 58.82459908723831 880640
1783689027933 58.77760913223028 882688
1783689035333 58.96462935395539 884736
1783689042404 58.459174955263734 886784
1783689049708 58.632280023768544 888832
1783689057179 58.555817026644945 890880
1783689064473 72.50730835646391 892928
1783689072112 58.67876542918384 894976
1783689079598 58.08857858367264 897024
1783689086676 58.594503700733185 899072
1783689094392 58.638137362897396 901120
1783689101727 58.46337725408375 903168
1783689109215 58.91740161366761 905216
1783689116886 58.58403046801686 907264
1783689124296 72.67540749721229 909312
1783689131565 57.54299649596214 911360
1783689139385 58.422383304685354 913408
1783689146613 58.369090620428324 915456
1783689154476 58.72966524399817 917504
1783689162158 58.41160796768963 919552
1783689170002 58.638208113610744 921600
1783689178027 58.656771674752235 923648
1783689185658 58.566083021461964 925696
1783689193703 58.56701405905187 927744
1783689201316 58.326741920784116 929792
1783689209276 70.19350355118513 931840
1783689217243 58.11352797783911 933888
1783689224843 58.37231937237084 935936
1783689232857 58.3671495243907 937984
1783689240518 58.5324694160372 940032
1783689248409 70.34270186536014 942080
1783689256511 58.40612546913326 944128
1783689264066 58.233660597354174 946176
1783689271992 66.86030222848058 948224
1783689279731 57.6529309283942 950272
1783689287576 58.01904479600489 952320
1783689295587 58.49335403740406 954368
1783689303107 57.79377790726721 956416
1783689310679 72.1564219892025 958464
1783689317870 58.38424704968929 960512
1783689325338 57.529837334528565 962560
1783689332922 57.724201364442706 964608
1783689340030 57.89521041512489 966656
1783689347569 58.33210054412484 968704
1783689355117 57.81692388281226 970752
1783689362306 66.3646278064698 972800
1783689369898 58.24662599898875 974848
1783689377143 57.68482419103384 976896
1783689384722 57.85159674286842 978944
1783689392268 58.53374591656029 980992
1783689399329 58.10192484036088 983040
1783689406903 58.426845978945494 985088
1783689414209 70.84723426774144 987136
1783689421451 57.792343717068434 989184
1783689429285 58.037375221028924 991232
1783689436684 58.26811774075031 993280
1783689444352 57.84830854460597 995328
1783689452120 58.10230574198067 997376
1783689459623 85.65258826501667 999424
1783689461732 52.11688035064273 1000000
