1783657758644 91.0 2048
1783657759361 165.0 4096
1783657760138 234.0 6144
1783657760942 288.0 8192
1783657761810 330.0 10240
1783657762601 356.0 12288
1783657763375 374.0 14336
1783657764185 390.0 16384
1783657765107 398.0 18432
1783657765904 407.0 20480
1783657766705 420.0 22528
1783657767543 430.0 24576
1783657768446 441.0 26624
1783657769253 448.0 28672
1783657769974 455.0 30720
1783657770752 461.0 32768
1783657771550 467.0 34816
1783657772280 474.0 36864
1783657773083 479.0 38912
1783657773887 485.0 40960
1783657774643 493.0 43008
1783657775403 498.0 45056
1783657776188 505.0 47104
1783657777062 510.0 49152
1783657777862 515.0 51200
1783657778775 522.0 53248
1783657779602 528.0 55296
1783657780366 534.0 57344
1783657781131 539.0 59392
1783657781908 544.0 61440
1783657783347 549.0 63488
1783657784136 553.0 65536
1783657784890 558.0 67584
1783657785693 564.0 69632
1783657786463 569.0 71680
1783657787153 574.0 73728
1783657787917 579.0 75776
1783657788734 583.0 77824
1783657789493 588.0 79872
1783657790290 592.0 81920
1783657791528 597.0 83968
1783657792242 602.0 86016
1783657793051 606.0 88064
1783657793859 610.0 90112
1783657794660 615.0 92160
1783657795460 620.0 94208
1783657796160 625.0 96256
1783657796935 630.0 98304
1783657797703 634.0 100352
1783657798525 638.0 102400
1783657799337 642.0 104448
1783657800229 647.0 106496
1783657800990 651.0 108544
1783657801662 656.0 110592
1783657802434 660.0 112640
1783657803241 664.0 114688
1783657803957 668.0 116736
1783657804727 672.0 118784
1783657805453 678.0 120832
1783657806220 683.0 122880
1783657807153 687.0 124928
1783657808040 692.0 126976
1783657808794 696.0 129024
1783657809579 701.0 131072
1783657810393 705.0 133120
1783657811199 709.0 135168
1783657811928 713.0 137216
1783657812642 717.0 139264
1783657813420 721.0 141312
1783657814186 725.0 143360
1783657814995 729.0 145408
1783657815748 733.0 147456
1783657816531 738.0 149504
1783657817386 742.0 151552
1783657818175 746.0 153600
1783657818971 750.0 155648
1783657819886 754.0 157696
1783657820700 758.0 159744
1783657821430 762.0 161792
1783657822182 766.0 163840
1783657822990 770.0 165888
1783657823765 774.0 167936
1783657824540 779.0 169984
1783657825419 783.0 172032
1783657826218 788.0 174080
1783657826938 792.0 176128
1783657827655 796.0 178176
1783657828456 800.0 180224
1783657829140 804.0 182272
1783657829895 810.0 184320
1783657830699 814.0 186368
1783657831365 818.0 188416
1783657832081 823.0 190464
1783657832842 827.0 192512
1783657833658 831.0 194560
1783657834445 835.0 196608
1783657835272 839.0 198656
1783657835974 843.0 200704
1783657836775 847.0 202752
1783657837615 851.0 204800
1783657838365 855.0 206848
1783657839078 859.0 208896
1783657839920 863.0 210944
1783657840621 868.0 212992
1783657841343 872.0 215040
1783657842142 876.0 217088
1783657842970 880.0 219136
1783657843815 884.0 221184
1783657844645 888.0 223232
1783657845349 892.0 225280
1783657846155 896.0 227328
1783657846969 900.0 229376
1783657847732 904.0 231424
1783657848547 909.0 233472
1783657849393 913.0 235520
1783657850213 917.0 237568
1783657851016 921.0 239616
1783657851894 925.0 241664
1783657852700 929.0 243712
1783657853397 934.0 245760
1783657854213 938.0 247808
1783657855073 942.0 249856
1783657855845 946.0 251904
1783657856641 950.0 253952
1783657857492 954.0 256000
1783657858220 958.0 258048
1783657859011 962.0 260096
1783657859831 966.0 262144
1783657860568 971.0 264192
1783657861324 975.0 266240
1783657862130 979.0 268288
1783657862858 983.0 270336
1783657863630 987.0 272384
1783657864489 991.0 274432
1783657865253 995.0 276480
1783657866064 999.0 278528
1783657866849 1003.0 280576
1783657867621 1007.0 282624
1783657868334 1012.0 284672
1783657869154 1016.0 286720
1783657869831 1020.0 288768
1783657870532 1024.0 290816
1783657871250 1028.0 292864
1783657872018 1032.0 294912
1783657872814 1036.0 296960
1783657873490 1040.0 299008
1783657874224 1044.0 301056
1783657874989 1048.0 303104
1783657875725 1052.0 305152
1783657876468 1057.0 307200
1783657877273 1061.0 309248
1783657878059 1065.0 311296
1783657878927 1069.0 313344
1783657879729 1073.0 315392
1783657880422 1077.0 317440
1783657881101 1081.0 319488
1783657881914 1086.0 321536
1783657882723 1090.0 323584
1783657883573 1094.0 325632
1783657884374 1098.0 327680
1783657885084 1102.0 329728
1783657885814 1106.0 331776
1783657886637 1111.0 333824
1783657887307 1115.0 335872
1783657887992 1119.0 337920
1783657888865 1123.0 339968
1783657889584 1127.0 342016
1783657890277 1131.0 344064
1783657891033 1135.0 346112
1783657891846 1140.0 348160
1783657892647 1144.0 350208
1783657893340 1148.0 352256
1783657894102 1152.0 354304
1783657894873 1156.0 356352
1783657895604 1161.0 358400
1783657896365 1165.0 360448
1783657897192 1169.0 362496
1783657897998 1173.0 364544
1783657898812 1177.0 366592
1783657899654 1181.0 368640
1783657900452 1185.0 370688
1783657901234 1189.0 372736
1783657902042 1193.0 374784
1783657902933 1197.0 376832
1783657903780 1202.0 378880
1783657904457 1206.0 380928
1783657905231 1210.0 382976
1783657906051 1214.0 385024
1783657906761 1219.0 387072
1783657907528 1223.0 389120
1783657908322 1227.0 391168
1783657908994 1231.0 393216
1783657910192 1235.0 395264
1783657911051 1239.0 397312
1783657911899 1244.0 399360
1783657912605 1248.0 401408
1783657913328 1252.0 403456
1783657914113 1256.0 405504
1783657914830 1260.0 407552
1783657915532 1264.0 409600
1783657916328 1268.0 411648
1783657917081 1272.0 413696
1783657917977 1276.0 415744
1783657918818 1280.0 417792
1783657919602 1285.0 419840
1783657920444 1289.0 421888
1783657921247 1293.0 423936
1783657922060 1297.0 425984
1783657922775 1301.0 428032
1783657923460 1305.0 430080
1783657924185 1309.0 432128
1783657924904 1313.0 434176
1783657925727 1318.0 436224
1783657926434 1322.0 438272
1783657927149 1326.0 440320
1783657927964 1330.0 442368
1783657928653 1334.0 444416
1783657929449 1338.0 446464
1783657930245 1342.0 448512
1783657930912 1346.0 450560
1783657931664 1350.0 452608
1783657932431 1354.0 454656
1783657933210 1358.0 456704
1783657934027 1363.0 458752
1783657934846 1367.0 460800
1783657935543 1371.0 462848
1783657936288 1375.0 464896
1783657937099 1379.0 466944
1783657937853 1383.0 468992
1783657938540 1388.0 471040
1783657939370 1392.0 473088
1783657940149 1396.0 475136
1783657940972 1400.0 477184
1783657941738 1404.0 479232
1783657942470 1408.0 481280
1783657943174 1412.0 483328
1783657943975 1416.0 485376
1783657944727 1420.0 487424
1783657945604 1424.0 489472
1783657946408 1429.0 491520
1783657947097 1433.0 493568
1783657947823 1437.0 495616
1783657948618 1441.0 497664
1783657949295 1445.0 499712
1783657949992 1449.0 501760
1783657950736 1453.0 503808
1783657951437 1457.0 505856
1783657952237 1461.0 507904
1783657952953 1465.0 509952
1783657953650 1470.0 512000
1783657954391 1474.0 514048
1783657955123 1478.0 516096
1783657955891 1482.0 518144
1783657956543 1486.0 520192
1783657957258 1490.0 522240
1783657957976 1494.0 524288
1783657958690 1498.0 526336
1783657959497 1502.0 528384
1783657960177 1506.0 530432
1783657960877 1510.0 532480
1783657961657 1515.0 534528
1783657962372 1519.0 536576
1783657963174 1523.0 538624
1783657963958 1527.0 540672
1783657964636 1531.0 542720
1783657965314 1535.0 544768
1783657966034 1539.0 546816
1783657966766 1543.0 548864
1783657967532 1547.0 550912
1783657968289 1551.0 552960
1783657968994 1556.0 555008
1783657969806 1560.0 557056
1783657970584 1564.0 559104
1783657971310 1568.0 561152
1783657972098 1572.0 563200
1783657972792 1576.0 565248
1783657973544 1580.0 567296
1783657974342 1584.0 569344
1783657975053 1588.0 571392
1783657975725 1593.0 573440
1783657976491 1597.0 575488
1783657977199 1602.0 577536
1783657977990 1606.0 579584
1783657978723 1610.0 581632
1783657979420 1614.0 583680
1783657980161 1618.0 585728
1783657980976 1622.0 587776
1783657981840 1626.0 589824
1783657982609 1630.0 591872
1783657983282 1634.0 593920
1783657983986 1638.0 595968
1783657984776 1642.0 598016
1783657985560 1647.0 600064
1783657986390 1651.0 602112
1783657987127 1655.0 604160
1783657987840 1659.0 606208
1783657988558 1663.0 608256
1783657989251 1667.0 610304
1783657990046 1671.0 612352
1783657990723 1675.0 614400
1783657991482 1679.0 616448
1783657992263 1684.0 618496
1783657993100 1688.0 620544
1783657993879 1692.0 622592
1783657994575 1696.0 624640
1783657995286 1701.0 626688
1783657995966 1705.0 628736
1783657996659 1709.0 630784
1783657997467 1713.0 632832
1783657998136 1717.0 634880
1783657998894 1721.0 636928
1783657999632 1725.0 638976
1783658000325 1729.0 641024
1783658001090 1733.0 643072
1783658001799 1738.0 645120
1783658002486 1742.0 647168
1783658003291 1746.0 649216
1783658003948 1750.0 651264
1783658004605 1754.0 653312
1783658005418 1758.0 655360
1783658006205 1762.0 657408
1783658006900 1766.0 659456
1783658007680 1771.0 661504
1783658008469 1775.0 663552
1783658009214 1779.0 665600
1783658009978 1783.0 667648
1783658010704 1787.0 669696
1783658011426 1791.0 671744
1783658012139 1795.0 673792
1783658012892 1799.0 675840
1783658013669 1803.0 677888
1783658014338 1808.0 679936
1783658015006 1812.0 681984
1783658015777 1816.0 684032
1783658016558 1821.0 686080
1783658017424 1825.0 688128
1783658018218 1829.0 690176
1783658019030 1833.0 692224
1783658019817 1837.0 694272
1783658020606 1842.0 696320
1783658021301 1846.0 698368
1783658022111 1850.0 700416
1783658022855 1854.0 702464
1783658023576 1858.0 704512
1783658024329 1862.0 706560
1783658025001 1866.0 708608
1783658025819 1870.0 710656
1783658026544 1874.0 712704
1783658027398 1878.0 714752
1783658028195 1883.0 716800
1783658028994 1887.0 718848
1783658029766 1891.0 720896
1783658030535 1895.0 722944
1783658031278 1899.0 724992
1783658032088 1903.0 727040
1783658032884 1907.0 729088
1783658033669 1911.0 731136
1783658034349 1915.0 733184
1783658035092 1919.0 735232
1783658035897 1923.0 737280
1783658036719 1928.0 739328
1783658037471 1932.0 741376
1783658038250 1936.0 743424
1783658039055 1940.0 745472
1783658039800 1944.0 747520
1783658040512 1948.0 749568
1783658041284 1952.0 751616
1783658042027 1956.0 753664
1783658042682 1960.0 755712
1783658043473 1964.0 757760
1783658044136 1969.0 759808
1783658044863 1973.0 761856
1783658045639 1977.0 763904
1783658046458 1981.0 765952
1783658047212 1985.0 768000
1783658048026 1989.0 770048
1783658048775 1993.0 772096
1783658049683 1997.0 774144
1783658050461 2001.0 776192
1783658051298 2005.0 778240
1783658052130 2010.0 780288
1783658052929 2014.0 782336
1783658053772 2018.0 784384
1783658054542 2022.0 786432
1783658055292 2026.0 788480
1783658056009 2030.0 790528
1783658056821 2034.0 792576
1783658057624 2038.0 794624
1783658058326 2042.0 796672
1783658059005 2046.0 798720
1783658059739 2050.0 800768
1783658060675 2055.0 802816
1783658061439 2059.0 804864
1783658062246 2063.0 806912
1783658063002 2067.0 808960
1783658063753 2071.0 811008
1783658064510 2075.0 813056
1783658065278 2079.0 815104
1783658066045 2083.0 817152
1783658066821 2087.0 819200
1783658067559 2091.0 821248
1783658068304 2096.0 823296
1783658069072 2100.0 825344
1783658069833 2104.0 827392
1783658070712 2108.0 829440
1783658071469 2113.0 831488
1783658072149 2117.0 833536
1783658072830 2121.0 835584
1783658073608 2125.0 837632
1783658074297 2129.0 839680
1783658075088 2133.0 841728
1783658075882 2137.0 843776
1783658076711 2141.0 845824
1783658077461 2145.0 847872
1783658078136 2149.0 849920
1783658078883 2154.0 851968
1783658079660 2158.0 854016
1783658080434 2162.0 856064
1783658081192 2166.0 858112
1783658082024 2170.0 860160
1783658082804 2174.0 862208
1783658083583 2178.0 864256
1783658084244 2182.0 866304
1783658085100 2186.0 868352
1783658085881 2190.0 870400
1783658086555 2195.0 872448
1783658087302 2199.0 874496
1783658088151 2203.0 876544
1783658088961 2207.0 878592
1783658089765 2211.0 880640
1783658090531 2215.0 882688
1783658091252 2219.0 884736
1783658092072 2223.0 886784
1783658092810 2227.0 888832
1783658093589 2231.0 890880
1783658094283 2235.0 892928
1783658094968 2240.0 894976
1783658095686 2244.0 897024
1783658096369 2248.0 899072
1783658097131 2252.0 901120
1783658097925 2256.0 903168
1783658098620 2260.0 905216
1783658099399 2264.0 907264
1783658100177 2268.0 909312
1783658100966 2272.0 911360
1783658101778 2277.0 913408
1783658102559 2281.0 915456
1783658103401 2286.0 917504
1783658104261 2290.0 919552
1783658105038 2294.0 921600
1783658105854 2298.0 923648
1783658106633 2302.0 925696
1783658107357 2306.0 927744
1783658108195 2310.0 929792
1783658109156 2315.0 931840
1783658109953 2319.0 933888
1783658110823 2323.0 935936
1783658111634 2327.0 937984
1783658112552 2331.0 940032
1783658113342 2335.0 942080
1783658114189 2339.0 944128
1783658115005 2343.0 946176
1783658115832 2347.0 948224
1783658116696 2351.0 950272
1783658117640 2355.0 952320
1783658118432 2360.0 954368
1783658119152 2364.0 956416
1783658120018 2368.0 958464
1783658120721 2372.0 960512
1783658121663 2376.0 962560
1783658122508 2380.0 964608
1783658123336 2384.0 966656
1783658124121 2388.0 968704
1783658124839 2392.0 970752
1783658125702 2397.0 972800
1783658126534 2401.0 974848
1783658127301 2405.0 976896
1783658128179 2409.0 978944
1783658128970 2413.0 980992
1783658129740 2417.0 983040
1783658130596 2421.0 985088
1783658131366 2427.0 987136
1783658132182 2431.0 989184
1783658133045 2435.0 991232
1783658133888 2439.0 993280
1783658134810 2445.0 995328
1783658135650 2449.0 997376
1783658136540 2453.0 999424
1783658136890 2454.0 1000000
