1783657758644 20.85 2048
1783657759361 24.7 4096
1783657760138 27.5 6144
1783657760942 33.3 8192
1783657761810 51.85 10240
1783657762601 77.95 12288
1783657763375 103.0 14336
1783657764185 113.9 16384
1783657765107 175.9 18432
1783657765904 217.1 20480
1783657766705 193.2 22528
1783657767543 181.85 24576
1783657768446 192.65 26624
1783657769253 236.75 28672
1783657769974 253.8 30720
1783657770752 311.95 32768
1783657771550 321.2 34816
1783657772280 316.9 36864
1783657773083 335.45 38912
1783657773887 347.1 40960
1783657774643 330.7 43008
1783657775403 323.1 45056
1783657776188 292.8 47104
1783657777062 330.1 49152
1783657777862 378.6 51200
1783657778775 350.8 53248
1783657779602 360.4 55296
1783657780366 335.8 57344
1783657781131 344.5 59392
1783657781908 357.5 61440
1783657783347 400.15 63488
1783657784136 432.55 65536
1783657784890 434.05 67584
1783657785693 411.3 69632
1783657786463 396.7 71680
1783657787153 384.25 73728
1783657787917 394.3 75776
1783657788734 435.35 77824
1783657789493 431.95 79872
1783657790290 430.45 81920
1783657791528 440.6 83968
1783657792242 427.5 86016
1783657793051 448.4 88064
1783657793859 462.5 90112
1783657794660 436.1 92160
1783657795460 472.35 94208
1783657796160 447.5 96256
1783657796935 424.6 98304
1783657797703 451.0 100352
1783657798525 451.0 102400
1783657799337 463.0 104448
1783657800229 453.65 106496
1783657800990 465.8 108544
1783657801662 465.8 110592
1783657802434 465.8 112640
1783657803241 472.35 114688
1783657803957 492.45 116736
1783657804727 492.45 118784
1783657805453 459.1 120832
1783657806220 419.5 122880
1783657807153 427.05 124928
1783657808040 417.1 126976
1783657808794 427.3 129024
1783657809579 481.1 131072
1783657810393 476.9 133120
1783657811199 476.9 135168
1783657811928 486.85 137216
1783657812642 486.85 139264
1783657813420 495.8 141312
1783657814186 500.0 143360
1783657814995 500.0 145408
1783657815748 500.0 147456
1783657816531 500.0 149504
1783657817386 498.25 151552
1783657818175 498.25 153600
1783657818971 498.25 155648
1783657819886 498.25 157696
1783657820700 498.25 159744
1783657821430 500.0 161792
1783657822182 500.0 163840
1783657822990 500.0 165888
1783657823765 500.0 167936
1783657824540 488.8 169984
1783657825419 488.8 172032
1783657826218 471.5 174080
1783657826938 471.5 176128
1783657827655 471.5 178176
1783657828456 482.7 180224
1783657829140 482.7 182272
1783657829895 461.0 184320
1783657830699 454.1 186368
1783657831365 454.1 188416
1783657832081 454.1 190464
1783657832842 472.15 192512
1783657833658 493.1 194560
1783657834445 500.0 196608
1783657835272 500.0 198656
1783657835974 500.0 200704
1783657836775 500.0 202752
1783657837615 500.0 204800
1783657838365 500.0 206848
1783657839078 500.0 208896
1783657839920 500.0 210944
1783657840621 500.0 212992
1783657841343 500.0 215040
1783657842142 500.0 217088
1783657842970 500.0 219136
1783657843815 500.0 221184
1783657844645 500.0 223232
1783657845349 500.0 225280
1783657846155 500.0 227328
1783657846969 500.0 229376
1783657847732 500.0 231424
1783657848547 500.0 233472
1783657849393 500.0 235520
1783657850213 500.0 237568
1783657851016 500.0 239616
1783657851894 500.0 241664
1783657852700 500.0 243712
1783657853397 484.65 245760
1783657854213 484.65 247808
1783657855073 484.65 249856
1783657855845 484.65 251904
1783657856641 484.65 253952
1783657857492 500.0 256000
1783657858220 500.0 258048
1783657859011 500.0 260096
1783657859831 500.0 262144
1783657860568 500.0 264192
1783657861324 500.0 266240
1783657862130 500.0 268288
1783657862858 500.0 270336
1783657863630 500.0 272384
1783657864489 500.0 274432
1783657865253 500.0 276480
1783657866064 500.0 278528
1783657866849 500.0 280576
1783657867621 500.0 282624
1783657868334 500.0 284672
1783657869154 500.0 286720
1783657869831 500.0 288768
1783657870532 500.0 290816
1783657871250 500.0 292864
1783657872018 500.0 294912
1783657872814 500.0 296960
1783657873490 500.0 299008
1783657874224 500.0 301056
1783657874989 500.0 303104
1783657875725 500.0 305152
1783657876468 492.5 307200
1783657877273 492.5 309248
1783657878059 492.5 311296
1783657878927 492.5 313344
1783657879729 492.5 315392
1783657880422 500.0 317440
1783657881101 500.0 319488
1783657881914 500.0 321536
1783657882723 500.0 323584
1783657883573 500.0 325632
1783657884374 500.0 327680
1783657885084 500.0 329728
1783657885814 500.0 331776
1783657886637 481.7 333824
1783657887307 481.7 335872
1783657887992 481.7 337920
1783657888865 481.7 339968
1783657889584 481.7 342016
1783657890277 500.0 344064
1783657891033 500.0 346112
1783657891846 487.7 348160
1783657892647 487.7 350208
1783657893340 487.7 352256
1783657894102 487.7 354304
1783657894873 487.7 356352
1783657895604 500.0 358400
1783657896365 500.0 360448
1783657897192 500.0 362496
1783657897998 500.0 364544
1783657898812 500.0 366592
1783657899654 500.0 368640
1783657900452 500.0 370688
1783657901234 500.0 372736
1783657902042 500.0 374784
1783657902933 498.15 376832
1783657903780 498.15 378880
1783657904457 498.15 380928
1783657905231 498.15 382976
1783657906051 496.15 385024
1783657906761 484.8 387072
1783657907528 484.8 389120
1783657908322 476.5 391168
1783657908994 478.5 393216
1783657910192 478.5 395264
1783657911051 489.95 397312
1783657911899 489.95 399360
1783657912605 498.25 401408
1783657913328 498.25 403456
1783657914113 500.0 405504
1783657914830 500.0 407552
1783657915532 498.95 409600
1783657916328 498.95 411648
1783657917081 498.95 413696
1783657917977 498.95 415744
1783657918818 498.95 417792
1783657919602 494.55 419840
1783657920444 494.55 421888
1783657921247 494.55 423936
1783657922060 494.55 425984
1783657922775 494.55 428032
1783657923460 500.0 430080
1783657924185 500.0 432128
1783657924904 500.0 434176
1783657925727 500.0 436224
1783657926434 500.0 438272
1783657927149 500.0 440320
1783657927964 500.0 442368
1783657928653 500.0 444416
1783657929449 500.0 446464
1783657930245 500.0 448512
1783657930912 500.0 450560
1783657931664 500.0 452608
1783657932431 500.0 454656
1783657933210 500.0 456704
1783657934027 500.0 458752
1783657934846 500.0 460800
1783657935543 488.85 462848
1783657936288 488.85 464896
1783657937099 488.85 466944
1783657937853 488.85 468992
1783657938540 488.85 471040
1783657939370 500.0 473088
1783657940149 500.0 475136
1783657940972 500.0 477184
1783657941738 500.0 479232
1783657942470 500.0 481280
1783657943174 500.0 483328
1783657943975 500.0 485376
1783657944727 500.0 487424
1783657945604 500.0 489472
1783657946408 500.0 491520
1783657947097 500.0 493568
1783657947823 500.0 495616
1783657948618 500.0 497664
1783657949295 500.0 499712
1783657949992 500.0 501760
1783657950736 500.0 503808
1783657951437 500.0 505856
1783657952237 500.0 507904
1783657952953 500.0 509952
1783657953650 500.0 512000
1783657954391 500.0 514048
1783657955123 500.0 516096
1783657955891 500.0 518144
1783657956543 500.0 520192
1783657957258 500.0 522240
1783657957976 500.0 524288
1783657958690 500.0 526336
1783657959497 500.0 528384
1783657960177 500.0 530432
1783657960877 500.0 532480
1783657961657 500.0 534528
1783657962372 500.0 536576
1783657963174 500.0 538624
1783657963958 500.0 540672
1783657964636 500.0 542720
1783657965314 500.0 544768
1783657966034 500.0 546816
1783657966766 500.0 548864
1783657967532 500.0 550912
1783657968289 500.0 552960
1783657968994 500.0 555008
1783657969806 500.0 557056
1783657970584 500.0 559104
1783657971310 500.0 561152
1783657972098 500.0 563200
1783657972792 500.0 565248
1783657973544 500.0 567296
1783657974342 500.0 569344
1783657975053 500.0 571392
1783657975725 484.15 573440
1783657976491 475.85 575488
1783657977199 475.85 577536
1783657977990 475.85 579584
1783657978723 475.85 581632
1783657979420 491.7 583680
1783657980161 500.0 585728
1783657980976 500.0 587776
1783657981840 500.0 589824
1783657982609 500.0 591872
1783657983282 500.0 593920
1783657983986 500.0 595968
1783657984776 500.0 598016
1783657985560 500.0 600064
1783657986390 500.0 602112
1783657987127 500.0 604160
1783657987840 500.0 606208
1783657988558 500.0 608256
1783657989251 500.0 610304
1783657990046 500.0 612352
1783657990723 500.0 614400
1783657991482 500.0 616448
1783657992263 482.85 618496
1783657993100 482.85 620544
1783657993879 482.85 622592
1783657994575 482.85 624640
1783657995286 482.85 626688
1783657995966 500.0 628736
1783657996659 500.0 630784
1783657997467 500.0 632832
1783657998136 494.95 634880
1783657998894 494.95 636928
1783657999632 494.95 638976
1783658000325 494.95 641024
1783658001090 494.95 643072
1783658001799 500.0 645120
1783658002486 500.0 647168
1783658003291 500.0 649216
1783658003948 496.05 651264
1783658004605 496.05 653312
1783658005418 496.05 655360
1783658006205 496.05 657408
1783658006900 496.05 659456
1783658007680 500.0 661504
1783658008469 500.0 663552
1783658009214 500.0 665600
1783658009978 500.0 667648
1783658010704 500.0 669696
1783658011426 500.0 671744
1783658012139 494.75 673792
1783658012892 494.75 675840
1783658013669 494.75 677888
1783658014338 494.75 679936
1783658015006 486.6 681984
1783658015777 491.85 684032
1783658016558 469.95 686080
1783658017424 469.95 688128
1783658018218 469.95 690176
1783658019030 478.1 692224
1783658019817 478.1 694272
1783658020606 500.0 696320
1783658021301 500.0 698368
1783658022111 500.0 700416
1783658022855 500.0 702464
1783658023576 500.0 704512
1783658024329 500.0 706560
1783658025001 500.0 708608
1783658025819 500.0 710656
1783658026544 500.0 712704
1783658027398 500.0 714752
1783658028195 500.0 716800
1783658028994 500.0 718848
1783658029766 500.0 720896
1783658030535 500.0 722944
1783658031278 500.0 724992
1783658032088 500.0 727040
1783658032884 500.0 729088
1783658033669 500.0 731136
1783658034349 500.0 733184
1783658035092 500.0 735232
1783658035897 500.0 737280
1783658036719 500.0 739328
1783658037471 500.0 741376
1783658038250 500.0 743424
1783658039055 500.0 745472
1783658039800 500.0 747520
1783658040512 500.0 749568
1783658041284 500.0 751616
1783658042027 500.0 753664
1783658042682 500.0 755712
1783658043473 500.0 757760
1783658044136 500.0 759808
1783658044863 500.0 761856
1783658045639 500.0 763904
1783658046458 500.0 765952
1783658047212 500.0 768000
1783658048026 500.0 770048
1783658048775 500.0 772096
1783658049683 500.0 774144
1783658050461 500.0 776192
1783658051298 500.0 778240
1783658052130 500.0 780288
1783658052929 500.0 782336
1783658053772 500.0 784384
1783658054542 500.0 786432
1783658055292 500.0 788480
1783658056009 500.0 790528
1783658056821 500.0 792576
1783658057624 500.0 794624
1783658058326 500.0 796672
1783658059005 500.0 798720
1783658059739 500.0 800768
1783658060675 500.0 802816
1783658061439 500.0 804864
1783658062246 500.0 806912
1783658063002 500.0 808960
1783658063753 500.0 811008
1783658064510 500.0 813056
1783658065278 500.0 815104
1783658066045 500.0 817152
1783658066821 500.0 819200
1783658067559 500.0 821248
1783658068304 482.7 823296
1783658069072 482.7 825344
1783658069833 482.7 827392
1783658070712 482.7 829440
1783658071469 482.7 831488
1783658072149 500.0 833536
1783658072830 500.0 835584
1783658073608 500.0 837632
1783658074297 500.0 839680
1783658075088 500.0 841728
1783658075882 500.0 843776
1783658076711 500.0 845824
1783658077461 500.0 847872
1783658078136 500.0 849920
1783658078883 500.0 851968
1783658079660 500.0 854016
1783658080434 500.0 856064
1783658081192 500.0 858112
1783658082024 500.0 860160
1783658082804 500.0 862208
1783658083583 500.0 864256
1783658084244 500.0 866304
1783658085100 500.0 868352
1783658085881 500.0 870400
1783658086555 500.0 872448
1783658087302 500.0 874496
1783658088151 500.0 876544
1783658088961 500.0 878592
1783658089765 500.0 880640
1783658090531 500.0 882688
1783658091252 500.0 884736
1783658092072 500.0 886784
1783658092810 500.0 888832
1783658093589 500.0 890880
1783658094283 500.0 892928
1783658094968 500.0 894976
1783658095686 500.0 897024
1783658096369 500.0 899072
1783658097131 500.0 901120
1783658097925 500.0 903168
1783658098620 500.0 905216
1783658099399 500.0 907264
1783658100177 500.0 909312
1783658100966 500.0 911360
1783658101778 477.8 913408
1783658102559 477.8 915456
1783658103401 477.8 917504
1783658104261 477.8 919552
1783658105038 478.85 921600
1783658105854 491.45 923648
1783658106633 491.45 925696
1783658107357 491.45 927744
1783658108195 491.45 929792
1783658109156 491.45 931840
1783658109953 500.0 933888
1783658110823 500.0 935936
1783658111634 500.0 937984
1783658112552 500.0 940032
1783658113342 500.0 942080
1783658114189 500.0 944128
1783658115005 500.0 946176
1783658115832 500.0 948224
1783658116696 500.0 950272
1783658117640 500.0 952320
1783658118432 500.0 954368
1783658119152 500.0 956416
1783658120018 500.0 958464
1783658120721 500.0 960512
1783658121663 500.0 962560
1783658122508 500.0 964608
1783658123336 500.0 966656
1783658124121 500.0 968704
1783658124839 500.0 970752
1783658125702 489.15 972800
1783658126534 489.15 974848
1783658127301 489.15 976896
1783658128179 489.15 978944
1783658128970 489.15 980992
1783658129740 500.0 983040
1783658130596 500.0 985088
1783658131366 459.9 987136
1783658132182 459.9 989184
1783658133045 459.9 991232
1783658133888 459.9 993280
1783658134810 472.9 995328
1783658135650 472.9 997376
1783658136540 472.9 999424
1783658136890 472.9 1000000
