1783658858012 0.6795818842947483 2048
1783658858686 0.6614805730059743 4096
1783658859482 0.6464727385900915 6144
1783658860231 0.6270041977986693 8192
1783658861010 0.6102332947775722 10240
1783658861846 0.5997515493072569 12288
1783658862603 0.5987850627861917 14336
1783658863281 0.5803841347806156 16384
1783658863919 0.6049928590655327 18432
1783658864602 0.5959226791746914 20480
1783658865271 0.5746473022736609 22528
1783658866094 0.5934165930375457 24576
1783658866756 0.5780606330372393 26624
1783658867364 0.5927408784627914 28672
1783658868053 0.591033355332911 30720
1783658868748 0.5841534733772278 32768
1783658869507 0.5957579696550965 34816
1783658870172 0.5862767305225134 36864
1783658870874 0.5880559221841395 38912
1783658871599 0.591191659681499 40960
1783658872428 0.5652985963970423 43008
1783658873248 0.573929485399276 45056
1783658874116 0.5638306015171111 47104
1783658874920 0.5929026985540986 49152
1783658875671 0.586983545217663 51200
1783658876367 0.599176540505141 53248
1783658877129 0.5752772497944534 55296
1783658877971 0.5928058470599353 57344
1783658878701 0.5929560558870435 59392
1783658879383 0.5957628022879362 61440
1783658880230 0.5964382425881922 63488
1783658881043 0.5868089068681002 65536
1783658881887 0.5824764803983271 67584
1783658882770 0.5811169911175966 69632
1783658883472 0.589902448002249 71680
1783658884240 0.5935455299913883 73728
1783658885053 0.5742243453860283 75776
1783658885862 0.5887114722281694 77824
1783658886675 0.5965628256089985 79872
1783658887519 0.5921699078753591 81920
1783658888281 0.583532199729234 83968
1783658888969 0.5822493713349104 86016
1783658889756 0.5732013378292322 88064
1783658890578 0.5868749883957207 90112
1783658891411 0.5686111482791603 92160
1783658892200 0.5712279006838799 94208
1783658893034 0.5795069020241499 96256
1783658893928 0.5799000924453139 98304
1783658894755 0.5783908404409885 100352
1783658895547 0.5727851395495236 102400
1783658896376 0.5789453205652535 104448
1783658897135 0.583959654904902 106496
1783658897955 0.5937783075496554 108544
1783658898801 0.5772109390236437 110592
1783658899568 0.5829514488577843 112640
1783658900250 0.5895866467617452 114688
1783658901049 0.5695086307823658 116736
1783658901898 0.5725393751636147 118784
1783658902770 0.5799189889803529 120832
1783658903570 0.576236822642386 122880
1783658904359 0.5579335419461131 124928
1783658905178 0.5746116084046662 126976
1783658905992 0.5810301681049168 129024
1783658906785 0.5656677633523941 131072
1783658907589 0.5634216777980328 133120
1783658908355 0.5632485668174922 135168
1783658909118 0.5453003013972193 137216
1783658909945 0.5551135381683707 139264
1783658910805 0.5352893976960331 141312
1783658911617 0.5523481168784201 143360
1783658912443 0.5432016551494598 145408
1783658913232 0.5528527558781207 147456
1783658913875 0.5358476305846125 149504
1783658914573 0.5577421733178198 151552
1783658915361 0.5729435561224818 153600
1783658916179 0.5503619145601988 155648
1783658917061 0.5729899914003909 157696
1783658917829 0.5484343348070979 159744
1783658918572 0.5606598150916398 161792
1783658919256 0.5588526665233076 163840
1783658920041 0.5650432505644858 165888
1783658920820 0.5543540567159653 167936
1783658921525 0.5329337774310261 169984
1783658922363 0.5690949996933341 172032
1783658923189 0.5527170598506927 174080
1783658924041 0.5397597886621952 176128
1783658924805 0.5495460694655776 178176
1783658925550 0.5435326371807605 180224
1783658926258 0.5348080885596573 182272
1783658927053 0.5533897969871759 184320
1783658927786 0.5514686242677271 186368
1783658928581 0.5520935214590281 188416
1783658929348 0.5548398913815618 190464
1783658930122 0.5521021815948188 192512
1783658930973 0.5597562771290541 194560
1783658931813 0.5456690329592675 196608
1783658932582 0.5404842384159565 198656
1783658933450 0.5307077351026237 200704
1783658934226 0.5230586058460176 202752
1783658934988 0.5159886269830167 204800
1783658935711 0.5262610961217433 206848
1783658936498 0.5090752693358809 208896
1783658937127 0.5028987645637244 210944
1783658937898 0.4943437783513218 212992
1783658938765 0.49321914883330464 215040
1783658939633 0.5003265945706517 217088
1783658940396 0.49357123114168644 219136
1783658941205 0.4878397274296731 221184
1783658941932 0.47971050860360265 223232
1783658942742 0.47592472517862916 225280
1783658943544 0.4638818458188325 227328
1783658944286 0.4631188523489982 229376
1783658945025 0.4564662342891097 231424
1783658945844 0.4604521468281746 233472
1783658946565 0.4649784762877971 235520
1783658947337 0.4609647551551461 237568
1783658948079 0.45564646646380424 239616
1783658948798 0.4738373230211437 241664
1783658949642 0.46619679662398994 243712
1783658950354 0.4798285497818142 245760
1783658951044 0.48346887389197946 247808
1783658951804 0.49517645384185016 249856
1783658952512 0.4989585045259446 251904
1783658953176 0.5074707823805511 253952
1783658954046 0.4946773941628635 256000
1783658954833 0.5008963278960437 258048
1783658955595 0.4930069427937269 260096
1783658956405 0.4759801751933992 262144
1783658957231 0.478545474819839 264192
1783658958095 0.48477150429971516 266240
1783658958888 0.491805738536641 268288
1783658959540 0.5019777836278081 270336
1783658960304 0.506025310838595 272384
1783658961147 0.5125929329078645 274432
1783658961971 0.5322772392537445 276480
1783658962773 0.5226299434434623 278528
1783658963615 0.5389030054211617 280576
1783658964416 0.5474646780639887 282624
1783658965198 0.53067267825827 284672
1783658965977 0.5558421155437827 286720
1783658966714 0.5435181804932654 288768
1783658967456 0.5548595157451928 290816
1783658968303 0.5459358056541532 292864
1783658969120 0.5574684482999146 294912
1783658969912 0.5504595581442118 296960
1783658970690 0.5420435997657478 299008
1783658971527 0.5622694273479283 301056
1783658972340 0.5490542128682137 303104
1783658973183 0.539204932982102 305152
1783658974006 0.5268924813717604 307200
1783658974762 0.5241669518873096 309248
1783658975562 0.542312502861023 311296
1783658976413 0.5409375613089651 313344
1783658977205 0.5284400808159262 315392
1783658978020 0.523087868001312 317440
1783658978770 0.5175821539014578 319488
1783658979560 0.5305110441986471 321536
1783658980392 0.5226873364299536 323584
1783658981184 0.5121808082330972 325632
1783658981922 0.507005893625319 327680
1783658982655 0.4925586124882102 329728
1783658983381 0.49260939843952656 331776
1783658984094 0.48685319628566504 333824
1783658984943 0.5133804010692984 335872
1783658985802 0.5169370700605214 337920
1783658986652 0.5184901508037001 339968
1783658987433 0.49288572114892304 342016
1783658988223 0.49295400781556964 344064
1783658988993 0.47059279028326273 346112
1783658989815 0.46402221848256886 348160
1783658990575 0.46895547676831484 350208
1783658991282 0.4534129484090954 352256
1783658992059 0.44644757150672376 354304
1783658992882 0.45458264788612723 356352
1783658993725 0.4443788689095527 358400
1783658994518 0.444048608886078 360448
1783658995274 0.4403108872938901 362496
1783658995969 0.4342034321743995 364544
1783658996609 0.4391918305773288 366592
1783658997344 0.42776867700740695 368640
1783658998049 0.423541635973379 370688
1783658998798 0.4232286522164941 372736
1783658999569 0.43165000551380217 374784
1783659000427 0.43307140725664794 376832
1783659001200 0.44669778645038605 378880
1783659001973 0.456478301435709 380928
1783659002725 0.4546846270095557 382976
1783659003572 0.4476502756588161 385024
1783659004421 0.4659481896087527 387072
1783659005341 0.45093933027237654 389120
1783659006232 0.4491016927640885 391168
1783659007076 0.4629471783991903 393216
1783659007904 0.4608192367013544 395264
1783659008723 0.4618498373311013 397312
1783659009534 0.4745619064196944 399360
1783659010339 0.4702705265954137 401408
1783659011141 0.4610072565265 403456
1783659011927 0.4601477677933872 405504
1783659012690 0.46160522336140275 407552
1783659013543 0.4577706952113658 409600
1783659014423 0.47224358981475234 411648
1783659015260 0.4680932015180588 413696
1783659015978 0.4641989616211504 415744
1783659016767 0.46010921197012067 417792
1783659017482 0.45775081124156713 419840
1783659018281 0.44439903320744634 421888
1783659019045 0.4477522764354944 423936
1783659019772 0.45721407467499375 425984
1783659020525 0.4539794421289116 428032
1783659021367 0.45393901667557657 430080
1783659022108 0.4492921391502023 432128
1783659022889 0.45180879696272314 434176
1783659023590 0.43253620993345976 436224
1783659024413 0.4461615467444062 438272
1783659025237 0.43790967972017825 440320
1783659025978 0.44655749201774597 442368
1783659026824 0.45181647944264114 444416
1783659027685 0.4546121808234602 446464
1783659028428 0.4678714405745268 448512
1783659029180 0.4887906205840409 450560
1783659029943 0.475912491325289 452608
1783659030776 0.4836437145713717 454656
1783659031553 0.49300503078848124 456704
1783659032399 0.48398419143632054 458752
1783659033133 0.49075464345514774 460800
1783659033992 0.5089213638566434 462848
1783659034704 0.5237237412948161 464896
1783659035396 0.5152295434381813 466944
1783659036091 0.5187832405790687 468992
1783659036765 0.5334669502917677 471040
1783659037574 0.5171741764061153 473088
1783659038355 0.5312755566556007 475136
1783659039069 0.527958974475041 477184
1783659039850 0.5029276942368597 479232
1783659040667 0.4939664218109101 481280
1783659041458 0.5119956163689494 483328
1783659042188 0.5100800390355289 485376
1783659042961 0.505862548481673 487424
1783659043726 0.508091626688838 489472
1783659044437 0.49140135454945266 491520
1783659045226 0.49430341296829283 493568
1783659045966 0.49972253502346575 495616
1783659046694 0.5031492817215621 497664
1783659047496 0.5188340733293444 499712
1783659048326 0.5098310827743262 501760
1783659049049 0.5086408546194434 503808
1783659049851 0.5355694100726396 505856
1783659050576 0.5420167371630669 507904
1783659051385 0.5399825926870108 509952
1783659052194 0.5352219336200505 512000
1783659053039 0.517516921274364 514048
1783659053856 0.525002297013998 516096
1783659054566 0.5426052829716355 518144
1783659055308 0.5471940012648702 520192
1783659056097 0.5520398425869644 522240
1783659056908 0.5604440313763916 524288
1783659057640 0.5430603774730116 526336
1783659058509 0.5378860463388264 528384
1783659059400 0.5476135280914605 530432
1783659060247 0.5488016540184617 532480
1783659061037 0.5486227129586041 534528
1783659061882 0.542227657046169 536576
1783659062611 0.5118477023206651 538624
1783659063446 0.5360295597929507 540672
1783659064303 0.5288930428214371 542720
1783659065069 0.5283723745960742 544768
1783659065843 0.5286847723182291 546816
1783659066566 0.5259223587345332 548864
1783659067335 0.5343040372245014 550912
1783659068171 0.5204620505683124 552960
1783659068917 0.5201239006128162 555008
1783659069636 0.5245570931583643 557056
1783659070483 0.5323166016023606 559104
1783659071298 0.5186524940654635 561152
1783659072092 0.5349571909755468 563200
1783659072888 0.5347965273540467 565248
1783659073675 0.5322538106702268 567296
1783659074497 0.534494687570259 569344
1783659075287 0.5368349547497928 571392
1783659076118 0.5265027480199933 573440
1783659076900 0.5297753072809428 575488
1783659077774 0.5184189334977418 577536
1783659078639 0.5116773971822113 579584
1783659079450 0.5223934466484934 581632
1783659080274 0.5252404601778835 583680
1783659081122 0.5079036138486117 585728
1783659081864 0.5357036013156176 587776
1783659082680 0.5246259348932654 589824
1783659083487 0.5297833601944149 591872
1783659084221 0.5235064416192472 593920
1783659084976 0.5329037075862288 595968
1783659085817 0.523883166257292 598016
1783659086566 0.5370864737778902 600064
1783659087372 0.5122485535684973 602112
1783659088195 0.5144513482227921 604160
1783659088966 0.5160928186960518 606208
1783659089774 0.49146824493072927 608256
1783659090597 0.4985031916294247 610304
1783659091443 0.4964590650051832 612352
1783659092299 0.49671780900098383 614400
1783659093192 0.46945993416011333 616448
1783659094029 0.5075492174364626 618496
1783659094833 0.5030497089028358 620544
1783659095693 0.495125032030046 622592
1783659096550 0.49172696261666715 624640
1783659097389 0.4726816499605775 626688
1783659098155 0.48252378264442086 628736
1783659098985 0.46702940622344613 630784
1783659099826 0.4625777290202677 632832
1783659100617 0.45510968193411827 634880
1783659101487 0.4487547872122377 636928
1783659102328 0.4436296885833144 638976
1783659103150 0.45969338645227253 641024
1783659103935 0.44317805604077876 643072
1783659104748 0.4584353098180145 645120
1783659105564 0.44335572980344296 647168
1783659106337 0.4394858053419739 649216
1783659107173 0.42312999558635056 651264
1783659107982 0.4271763872820884 653312
1783659108743 0.41915797744877636 655360
1783659109543 0.43188559636473656 657408
1783659110352 0.4315061429515481 659456
1783659111196 0.4348432207480073 661504
1783659112148 0.44458887190558016 663552
1783659112994 0.4373162759002298 665600
1783659113841 0.4455125273671001 667648
1783659114570 0.44218118372373283 669696
1783659115358 0.43156290310434997 671744
1783659116216 0.4265625097323209 673792
1783659117099 0.42016116925515234 675840
1783659117836 0.43248946499079466 677888
1783659118622 0.4283953523263335 679936
1783659119451 0.4118326411116868 681984
1783659120321 0.404800568241626 684032
1783659121144 0.4175709392875433 686080
1783659121972 0.4291253131814301 688128
1783659122753 0.4365678713656962 690176
1783659123594 0.4170740903355181 692224
1783659124442 0.4189589759334922 694272
1783659125272 0.43793132808059454 696320
1783659126107 0.43394376430660486 698368
1783659126965 0.42373172217048705 700416
1783659127824 0.4446070322301239 702464
1783659128659 0.44696719758212566 704512
1783659129457 0.4389634430408478 706560
1783659130313 0.44630291452631354 708608
1783659131025 0.44919336028397083 710656
1783659131891 0.4692520268727094 712704
1783659132721 0.49624227499589324 714752
1783659133537 0.49138151854276657 716800
1783659134385 0.5108817133586854 718848
1783659135190 0.4982452967669815 720896
1783659135970 0.4976277637761086 722944
1783659136813 0.4676867271773517 724992
1783659137674 0.4894204617012292 727040
1783659138557 0.49570802808739245 729088
1783659139410 0.4889599224552512 731136
1783659140242 0.4879932552576065 733184
1783659141080 0.4871970908716321 735232
1783659141963 0.488135781371966 737280
1783659142808 0.4796984342392534 739328
1783659143583 0.48463372769765556 741376
1783659144417 0.4985558553598821 743424
1783659145185 0.491635172162205 745472
1783659146012 0.48002082970924675 747520
1783659146800 0.48538715415634215 749568
1783659147681 0.48635635059326887 751616
1783659148488 0.4983067677821964 753664
1783659149334 0.5148485645186156 755712
1783659150156 0.4843599528539926 757760
1783659151021 0.49928065412677824 759808
1783659151884 0.5114711893256754 761856
1783659152730 0.49320962303318083 763904
1783659153517 0.5073407129384577 765952
1783659154329 0.5066063874401152 768000
1783659155164 0.510553594911471 770048
1783659156022 0.5090472607407719 772096
1783659156834 0.5260414758231491 774144
1783659157672 0.5027901472058147 776192
1783659158521 0.5059875494334847 778240
1783659159355 0.5018896770197898 780288
1783659160233 0.4910934113431722 782336
1783659161056 0.49459517910145223 784384
1783659161864 0.5027500656433403 786432
1783659162697 0.4860156693030149 788480
1783659163522 0.4776193010620773 790528
1783659164307 0.4647180479951203 792576
1783659165143 0.46031339606270194 794624
1783659165860 0.46585106453858316 796672
1783659166764 0.46962423087097704 798720
1783659167585 0.46231577987782657 800768
1783659168437 0.4665495117660612 802816
1783659169237 0.4654146854300052 804864
1783659170003 0.46163214230909944 806912
1783659170798 0.4713292298838496 808960
1783659171625 0.4681433546356857 811008
1783659172503 0.46866442542523146 813056
1783659173230 0.4842245685867965 815104
1783659174023 0.4840766442939639 817152
1783659174891 0.4777776354458183 819200
1783659175781 0.44295803154818714 821248
1783659176635 0.4419196278322488 823296
1783659177430 0.43729126220569015 825344
1783659178255 0.4264301329385489 827392
1783659179082 0.4401329637039453 829440
1783659179915 0.4392478910740465 831488
1783659180714 0.4426037489902228 833536
1783659181578 0.4533455187920481 835584
1783659182411 0.4337483139242977 837632
1783659183159 0.4184087566100061 839680
1783659183978 0.40561739541590214 841728
1783659184843 0.4077134570106864 843776
1783659185666 0.388612121110782 845824
1783659186425 0.37819526297971606 847872
1783659187247 0.3743205005303025 849920
1783659188158 0.39078107639215887 851968
1783659188979 0.3789833029732108 854016
1783659189842 0.3789861642289907 856064
1783659190718 0.3869942529127002 858112
1783659191480 0.4100656621158123 860160
1783659192322 0.4282211707904935 862208
1783659193153 0.4106810768134892 864256
1783659193980 0.42377971624955535 866304
1783659194847 0.4209026910830289 868352
1783659195560 0.40679604024626315 870400
1783659196305 0.40429068729281425 872448
1783659197101 0.417221044190228 874496
1783659197929 0.415987285785377 876544
1783659198745 0.39818342751823366 878592
1783659199472 0.38490857230499387 880640
1783659200190 0.3932068138383329 882688
1783659200852 0.40094717498868704 884736
1783659201602 0.41363409138284624 886784
1783659202335 0.4362532328814268 888832
1783659203151 0.43825436872430146 890880
1783659203862 0.44594853301532567 892928
1783659204516 0.45067048259079456 894976
1783659205173 0.46392873767763376 897024
1783659205924 0.4565568598918617 899072
1783659206708 0.47382416506297886 901120
1783659207427 0.4741191186476499 903168
1783659208306 0.49633500981144607 905216
1783659209092 0.49123181751929224 907264
1783659209846 0.49717607884667814 909312
1783659210708 0.48954856884665787 911360
1783659211485 0.48178648785687983 913408
1783659212261 0.47604942810721695 915456
1783659213031 0.469376721419394 917504
1783659213784 0.4664084922987968 919552
1783659214531 0.4708494583610445 921600
1783659215386 0.4805677277036011 923648
1783659216112 0.4660661234520376 925696
1783659216886 0.4638189298566431 927744
1783659217643 0.4460649308748543 929792
1783659218447 0.41990248719230294 931840
1783659219275 0.44072239962406456 933888
1783659220100 0.4435369074344635 935936
1783659220842 0.4389737406745553 937984
1783659221673 0.433950882172212 940032
1783659222479 0.4311091660056263 942080
1783659223225 0.4015471979510039 944128
1783659224008 0.4059437757823616 946176
1783659224790 0.40213030274026096 948224
1783659225575 0.3973672012798488 950272
1783659226264 0.41391269653104246 952320
1783659227072 0.41459261369891465 954368
1783659227919 0.42028567800298333 956416
1783659228737 0.4119357701856643 958464
1783659229493 0.4359077394474298 960512
1783659230237 0.44711727323010564 962560
1783659231013 0.4500569615047425 964608
1783659231810 0.43676077062264085 966656
1783659232520 0.44350553257390857 968704
1783659233323 0.46635760157369077 970752
1783659234068 0.4732851814478636 972800
1783659234866 0.46214236062951386 974848
1783659235679 0.4773411452770233 976896
1783659236415 0.47710083960555494 978944
1783659237230 0.4878590563312173 980992
1783659238051 0.5094134835526347 983040
1783659238894 0.502180009149015 985088
1783659239694 0.5085697763133794 987136
1783659240424 0.5098816938698292 989184
1783659241236 0.5135173397138715 991232
1783659242062 0.4894191808998585 993280
1783659242822 0.5004340754821897 995328
1783659243619 0.49746935022994876 997376
1783659244338 0.4742790174204856 999424
1783659244515 0.4936971896224552 1000000
