1783658858012 0.0016212861773965415 2048
1783658858686 0.009777598301297985 4096
1783658859482 0.003972300783061655 6144
1783658860231 0.005775941659521777 8192
1783658861010 0.0030418762089539086 10240
1783658861846 0.0031380358996102586 12288
1783658862603 0.0017506739386590198 14336
1783658863281 0.005026876420743065 16384
1783658863919 0.0052515658862830605 18432
1783658864602 0.0018517719618103001 20480
1783658865271 0.002891752988944063 22528
1783658866094 0.0018715018377406523 24576
1783658866756 0.00555612542302697 26624
1783658867364 0.00286383059938089 28672
1783658868053 0.0013812062752549537 30720
1783658868748 0.0046362913635675795 32768
1783658869507 0.0029478564101736993 34816
1783658870172 0.004062126507051289 36864
1783658870874 0.0036375971758388914 38912
1783658871599 0.006124033454398159 40960
1783658872428 0.008205891885154415 43008
1783658873248 0.0059273378592479276 45056
1783658874116 0.007690401123909396 47104
1783658874920 0.005445160340968869 49152
1783658875671 0.0034145434219681192 51200
1783658876367 0.002763139105809387 53248
1783658877129 0.004466311536816647 55296
1783658877971 0.003356485303811496 57344
1783658878701 0.002894875615311321 59392
1783658879383 0.005141065403222456 61440
1783658880230 0.005205523522818112 63488
1783658881043 0.005789876449853182 65536
1783658881887 0.0047173662460409105 67584
1783658882770 0.002942362018075073 69632
1783658883472 0.001801771479222225 71680
1783658884240 0.0045016800868324935 73728
1783658885053 0.002281225741171511 75776
1783658885862 0.0008454707494820468 77824
1783658886675 0.00016010358740459196 79872
1783658887519 0.0023288926095119677 81920
1783658888281 0.00044801156036555767 83968
1783658888969 0.0004162878685747273 86016
1783658889756 0.0021497688503586687 88064
1783658890578 0.0024022634352149907 90112
1783658891411 0.0020347704194136895 92160
1783658892200 -3.590404594433494e-05 94208
1783658893034 0.0005062240452389233 96256
1783658893928 0.0038646167849947233 98304
1783658894755 0.008441206373390742 100352
1783658895547 0.005129719465912785 102400
1783658896376 0.005656804110913072 104448
1783658897135 0.00025128603010671213 106496
1783658897955 0.0005114576233609114 108544
1783658898801 0.0027435281772341114 110592
1783658899568 0.0006065076595405117 112640
1783658900250 -0.0016939935558184516 114688
1783658901049 0.0015229541386361234 116736
1783658901898 -0.00024618352472316474 118784
1783658902770 0.0023922990876599215 120832
1783658903570 0.0018871221800509375 122880
1783658904359 0.0021504606411326677 124928
1783658905178 0.002110871904733358 126976
1783658905992 0.0020954107749275863 129024
1783658906785 0.003660329028207343 131072
1783658907589 0.006207338905369397 133120
1783658908355 0.0020808070948987734 135168
1783658909118 0.005526150285732001 137216
1783658909945 0.0009556106888339855 139264
1783658910805 0.002733088120294269 141312
1783658911617 0.0052142927270324435 143360
1783658912443 0.00540816254215315 145408
1783658913232 0.0011396085646993015 147456
1783658913875 0.0019194171291019302 149504
1783658914573 0.0013079751697659958 151552
1783658915361 0.004631280698959017 153600
1783658916179 0.0025324153430119622 155648
1783658917061 0.0022649667371297255 157696
1783658917829 0.0047019134581205435 159744
1783658918572 0.002371249232965056 161792
1783658919256 0.0017117442512244452 163840
1783658920041 0.000875731715495931 165888
1783658920820 0.004692831527790986 167936
1783658921525 0.0046382764376176056 169984
1783658922363 0.0029397396647254936 172032
1783658923189 0.0027102224994450808 174080
1783658924041 0.0026109168138646055 176128
1783658924805 0.004112726783205289 178176
1783658925550 0.001552890840684995 180224
1783658926258 0.002635697219375288 182272
1783658927053 -8.210461965063587e-05 184320
1783658927786 0.0012623282709682826 186368
1783658928581 0.000338522393576568 188416
1783658929348 3.8955811760388315e-05 190464
1783658930122 0.0046681531748618 192512
1783658930973 -0.00019949618945247494 194560
1783658931813 0.0016306436045852024 196608
1783658932582 0.0013705525452678557 198656
1783658933450 0.0039020070507831406 200704
1783658934226 0.0013105632606311701 202752
1783658934988 0.003141868943203008 204800
1783658935711 0.003784153268497903 206848
1783658936498 0.0025924494038918056 208896
1783658937127 0.00038326604772009887 210944
1783658937898 0.0008617968305770773 212992
1783658938765 0.0023041341846692376 215040
1783658939633 0.00043135251326020807 217088
1783658940396 0.004657081724872114 219136
1783658941205 0.0008695387878105976 221184
1783658941932 0.0033374991835444234 223232
1783658942742 0.0015766997530590743 225280
1783658943544 0.00013400151146925054 227328
1783658944286 0.0005726933086407371 229376
1783658945025 0.0019360224396223202 231424
1783658945844 0.0042298693806515075 233472
1783658946565 0.0023543043826066423 235520
1783658947337 0.004548339089524234 237568
1783658948079 0.004408875964145409 239616
1783658948798 0.0017128247600339819 241664
1783658949642 0.00127335195793421 243712
1783658950354 0.004126605126657523 245760
1783658951044 0.0016544697573408484 247808
1783658951804 0.0011538162252691109 249856
1783658952512 0.003316632744827075 251904
1783658953176 0.002369533191085793 253952
1783658954046 0.0014108675750321709 256000
1783658954833 0.004955287422490073 258048
1783658955595 -5.387156852521002e-05 260096
1783658956405 0.003540662655723281 262144
1783658957231 0.00029640907087014057 264192
1783658958095 0.001337917765340535 266240
1783658958888 0.0014767823995498475 268288
1783658959540 0.0016841006909089629 270336
1783658960304 0.005231665967585286 272384
1783658961147 0.0020400113899086136 274432
1783658961971 0.005259919653326506 276480
1783658962773 0.005730163768021157 278528
1783658963615 0.0012327638032729737 280576
1783658964416 0.0045553951313195284 282624
1783658965198 0.003135494585876586 284672
1783658965977 0.00025480197655269876 286720
1783658966714 0.006635165173065616 288768
1783658967456 0.00329156839143252 290816
1783658968303 0.006939647490071366 292864
1783658969120 0.0013894154653826263 294912
1783658969912 0.0007754620201012585 296960
1783658970690 0.002326428369997302 299008
1783658971527 -0.00020318018141551875 301056
1783658972340 0.00322798715569661 303104
1783658973183 0.0027149377347086556 305152
1783658974006 0.0023751111257297453 307200
1783658974762 0.001972374815522926 309248
1783658975562 0.006100506001530448 311296
1783658976413 0.000800823763711378 313344
1783658977205 0.0014055356659810059 315392
1783658978020 0.0004362668805697467 317440
1783658978770 0.0016525649079994764 319488
1783658979560 0.0022800054139224812 321536
1783658980392 0.00034503451388445683 323584
1783658981184 0.006502209118480096 325632
1783658981922 0.0018655565072549507 327680
1783658982655 0.006318609663139796 329728
1783658983381 0.004163028945185943 331776
1783658984094 0.0016217173179029487 333824
1783658984943 0.001934060528583359 335872
1783658985802 0.0014908676930645015 337920
1783658986652 0.001411895384080708 339968
1783658987433 0.0006980573089094833 342016
1783658988223 0.0020334476212156005 344064
1783658988993 0.00380682206741767 346112
1783658989815 0.0018552511028246954 348160
1783658990575 0.003890584321197821 350208
1783658991282 0.00014870847735437565 352256
1783658992059 0.0008299058172269724 354304
1783658992882 0.0009577732089383062 356352
1783658993725 0.001081306367268553 358400
1783658994518 0.0008954174918471836 360448
1783658995274 0.0010667328351701144 362496
1783658995969 0.0014850456755084451 364544
1783658996609 0.0015717555579612963 366592
1783658997344 0.004074699216289446 368640
1783658998049 0.0010461621750437189 370688
1783658998798 0.0029574575273727532 372736
1783658999569 0.003130037701339461 374784
1783659000427 0.0034015271230600774 376832
1783659001200 0.0036686013772850856 378880
1783659001973 0.0035787138986052014 380928
1783659002725 0.00470076846977463 382976
1783659003572 0.002541240166465286 385024
1783659004421 0.002808837001794018 387072
1783659005341 0.007402214330795687 389120
1783659006232 0.00020718123414553702 391168
1783659007076 0.0004413235583342612 393216
1783659007904 0.0017659005970926955 395264
1783659008723 -0.00022201000683708116 397312
1783659009534 0.0007052632317936514 399360
1783659010339 0.0014745687840331811 401408
1783659011141 0.0009559724021528382 403456
1783659011927 0.004346707344666356 405504
1783659012690 0.003309700743557187 407552
1783659013543 -0.00015305085253203288 409600
1783659014423 0.0011796571998274885 411648
1783659015260 0.00011030932728317566 413696
1783659015978 -0.0007804627348377835 415744
1783659016767 0.0023939696220622864 417792
1783659017482 0.00030924770908313803 419840
1783659018281 8.137779514072463e-05 421888
1783659019045 0.0005143952221260406 423936
1783659019772 0.0009837135694397148 425984
1783659020525 0.00024368116646655835 428032
1783659021367 0.0004333203614805825 430080
1783659022108 0.004736818435048917 432128
1783659022889 0.0012444652675185353 434176
1783659023590 0.002381171583692776 436224
1783659024413 0.005699960569472751 438272
1783659025237 0.000999996489554178 440320
1783659025978 0.0020716505823656917 442368
1783659026824 0.0009428505618416239 444416
1783659027685 0.0019220392459828872 446464
1783659028428 -0.0006430797402572352 448512
1783659029180 0.0016416925318480935 450560
1783659029943 0.0030867162204231136 452608
1783659030776 0.0016253467947535682 454656
1783659031553 0.00025514999288134277 456704
1783659032399 0.002855200091289589 458752
1783659033133 0.0041527058856445365 460800
1783659033992 0.0010645350739650894 462848
1783659034704 0.0028184864568174817 464896
1783659035396 -0.00042581630623317324 466944
1783659036091 0.00047570141759933904 468992
1783659036765 0.0032230240394710563 471040
1783659037574 0.0014336109488795046 473088
1783659038355 0.004365125718322815 475136
1783659039069 0.00015391528722830117 477184
1783659039850 0.0026189263189735357 479232
1783659040667 0.0039988694479689 481280
1783659041458 0.0053096256851858925 483328
1783659042188 0.002432515255350154 485376
1783659042961 0.0015550365096714813 487424
1783659043726 0.0034500976362323854 489472
1783659044437 0.004001979235908948 491520
1783659045226 0.00725091619824525 493568
1783659045966 0.00012880163922091015 495616
1783659046694 0.003337960584758548 497664
1783659047496 0.002944761854450917 499712
1783659048326 0.002139886939403368 501760
1783659049049 0.001968027419934515 503808
1783659049851 0.007096579785866197 505856
1783659050576 0.0013304503008839674 507904
1783659051385 0.005580078021012014 509952
1783659052194 0.0035107300791423768 512000
1783659053039 0.001629121725272853 514048
1783659053856 0.004734361446026014 516096
1783659054566 0.002167372549592983 518144
1783659055308 0.004619881568942219 520192
1783659056097 0.001169156177638797 522240
1783659056908 0.004931304800265934 524288
1783659057640 0.00797973946100683 526336
1783659058509 0.006849648339994019 528384
1783659059400 -0.00044533815162139945 530432
1783659060247 7.160241875681095e-05 532480
1783659061037 0.0015690534528403077 534528
1783659061882 0.0029052407917333767 536576
1783659062611 0.002132266694388818 538624
1783659063446 0.005092144314403413 540672
1783659064303 0.0026054959816974588 542720
1783659065069 0.002780219521810068 544768
1783659065843 0.0005910945365030784 546816
1783659066566 0.0038880980100657325 548864
1783659067335 0.0058212829353578854 550912
1783659068171 0.003729944313818123 552960
1783659068917 0.0016003786477085669 555008
1783659069636 0.0024374208551307674 557056
1783659070483 0.0007073262640915345 559104
1783659071298 0.004821241112949792 561152
1783659072092 0.0062103149575705174 563200
1783659072888 0.004948762718413491 565248
1783659073675 0.002304229958099313 567296
1783659074497 0.0049584438384044915 569344
1783659075287 0.00921039595050388 571392
1783659076118 0.009084580098715378 573440
1783659076900 -0.0002870434873329941 575488
1783659077774 0.006420151694328524 577536
1783659078639 0.0022009042331774253 579584
1783659079450 0.0014747486275155097 581632
1783659080274 0.010197267871262738 583680
1783659081122 0.0007326521626964677 585728
1783659081864 0.003260018038417911 587776
1783659082680 0.002614532317238627 589824
1783659083487 0.004214135442452971 591872
1783659084221 0.005370409882743843 593920
1783659084976 0.0011804441346612293 595968
1783659085817 0.0032162689785764087 598016
1783659086566 0.007305051003640983 600064
1783659087372 0.001171809301013127 602112
1783659088195 0.001445419533411041 604160
1783659088966 0.0035131672375428025 606208
1783659089774 0.0006649294518865645 608256
1783659090597 0.003295540045655798 610304
1783659091443 0.004345442717749393 612352
1783659092299 0.00524759353720583 614400
1783659093192 0.002347519108298002 616448
1783659094029 0.0030418978130910546 618496
1783659094833 0.0039467404640163295 620544
1783659095693 0.0034370145403954666 622592
1783659096550 0.0013851317162334453 624640
1783659097389 0.004104626492335228 626688
1783659098155 0.004166709593846463 628736
1783659098985 -0.00018710883523453958 630784
1783659099826 0.0025021974033734296 632832
1783659100617 0.0021075411605124827 634880
1783659101487 0.0021243506635073572 636928
1783659102328 0.0009575776530255098 638976
1783659103150 0.0016317460977006704 641024
1783659103935 0.004712518893938977 643072
1783659104748 0.002072860897897044 645120
1783659105564 0.0030254033772507682 647168
1783659106337 0.0007798476290190592 649216
1783659107173 0.0017462079231336247 651264
1783659107982 0.00457409626324079 653312
1783659108743 0.0007641767151653767 655360
1783659109543 -0.00019662877457449213 657408
1783659110352 0.002819307650497649 659456
1783659111196 0.0015561965483357199 661504
1783659112148 0.0016751363909861539 663552
1783659112994 0.006844060295406962 665600
1783659113841 0.0003363175164849963 667648
1783659114570 0.00034394163958495483 669696
1783659115358 0.00018284720863448456 671744
1783659116216 -0.0004792698091478087 673792
1783659117099 0.0027405389955674764 675840
1783659117836 0.0006272200043895282 677888
1783659118622 0.0013182426300772931 679936
1783659119451 0.0018307573154743295 681984
1783659120321 0.0013068886219116393 684032
1783659121144 -0.00041690357829793356 686080
1783659121972 0.0016467004643345717 688128
1783659122753 0.0016011029947549105 690176
1783659123594 0.002285349513840629 692224
1783659124442 0.003333184908115072 694272
1783659125272 0.001321958810876822 696320
1783659126107 0.002911759147536941 698368
1783659126965 0.0002903895074268803 700416
1783659127824 0.002508668269001646 702464
1783659128659 -0.0006580867702723481 704512
1783659129457 0.00010606742216623388 706560
1783659130313 0.0006082272193452809 708608
1783659131025 0.0007547909772256389 710656
1783659131891 0.004512371437158436 712704
1783659132721 0.0036207570919941645 714752
1783659133537 0.0009665395664342213 716800
1783659134385 0.0022447236260632053 718848
1783659135190 0.0013783757967757992 720896
1783659135970 0.0008165009530785028 722944
1783659136813 0.004251830265275203 724992
1783659137674 0.00013583994950749911 727040
1783659138557 0.007602992554893717 729088
1783659139410 0.006300254983216291 731136
1783659140242 0.005283869733830215 733184
1783659141080 0.0036649908979597967 735232
1783659141963 0.004098988774785539 737280
1783659142808 0.0012316613974689972 739328
1783659143583 0.005735081333114067 741376
1783659144417 0.0024521755694877356 743424
1783659145185 0.001631031722354237 745472
1783659146012 -0.0006976133117859717 747520
1783659146800 0.0013415951798378956 749568
1783659147681 0.0007031298882793635 751616
1783659148488 0.001736866390274372 753664
1783659149334 0.0008979571430245414 755712
1783659150156 0.00405526352187735 757760
1783659151021 0.0017022247448039707 759808
1783659151884 -0.00022856097712065093 761856
1783659152730 0.004563893839076627 763904
1783659153517 0.001284784604649758 765952
1783659154329 0.004544309067568975 768000
1783659155164 0.00039657541856286116 770048
1783659156022 0.0010582656832411885 772096
1783659156834 0.0010104792781930882 774144
1783659157672 0.006096378550864756 776192
1783659158521 0.005030309894209495 778240
1783659159355 0.0033344210060022306 780288
1783659160233 0.007223940570838749 782336
1783659161056 0.0009902230704028625 784384
1783659161864 0.0005262815648165997 786432
1783659162697 0.0019388113141758367 788480
1783659163522 0.004671071579650743 790528
1783659164307 0.0044534771295730025 792576
1783659165143 0.005684888692485401 794624
1783659165860 0.0040085813343466725 796672
1783659166764 0.007049463423754787 798720
1783659167585 0.006562487051269272 800768
1783659168437 0.0055521881658933125 802816
1783659169237 0.0014928382988728117 804864
1783659170003 0.006539574991620611 806912
1783659170798 0.002909476632339647 808960
1783659171625 0.004700508634414291 811008
1783659172503 0.0006264882322284393 813056
1783659173230 0.006097341050917748 815104
1783659174023 0.005801418257760815 817152
1783659174891 0.0025612356948840898 819200
1783659175781 0.004771764004544821 821248
1783659176635 0.0029333522834349424 823296
1783659177430 0.003239386063796701 825344
1783659178255 0.0008767382460064255 827392
1783659179082 0.0024258741577796172 829440
1783659179915 0.004839827091927873 831488
1783659180714 0.005621369728032732 833536
1783659181578 0.004148335403442616 835584
1783659182411 0.0030332341339089908 837632
1783659183159 0.0015530733653577045 839680
1783659183978 0.00036245089358999394 841728
1783659184843 0.001357358105451567 843776
1783659185666 0.0019322476400702726 845824
1783659186425 0.0017543023022881243 847872
1783659187247 0.0029425333050312474 849920
1783659188158 0.006570141762495041 851968
1783659188979 0.00233810053759953 854016
1783659189842 0.003308357991045341 856064
1783659190718 0.0022532435905304737 858112
1783659191480 0.0010468603977642488 860160
1783659192322 0.001463198470446514 862208
1783659193153 0.00217560017699725 864256
1783659193980 0.0006709982808388304 866304
1783659194847 0.0016713010008970741 868352
1783659195560 0.007841898812330328 870400
1783659196305 0.003458286289969692 872448
1783659197101 0.0015539440100837965 874496
1783659197929 0.0023221091396408156 876544
1783659198745 0.002360959129873663 878592
1783659199472 0.0010376635364082176 880640
1783659200190 -5.4922624258324504e-05 882688
1783659200852 0.006670865601336118 884736
1783659201602 0.005660263719619252 886784
1783659202335 0.001950097932422068 888832
1783659203151 1.996200080611743e-05 890880
1783659203862 0.0065855952925630845 892928
1783659204516 0.001752678075717995 894976
1783659205173 0.0014117417704255786 897024
1783659205924 0.00269700330318301 899072
1783659206708 0.0015208465010800865 901120
1783659207427 0.006461214634327916 903168
1783659208306 0.004177418217295781 905216
1783659209092 0.003440183834754862 907264
1783659209846 0.00693085490638623 909312
1783659210708 0.0029605321942653973 911360
1783659211485 0.006292965583270416 913408
1783659212261 0.0034560793501441367 915456
1783659213031 0.004080423092091223 917504
1783659213784 0.002875276823033346 919552
1783659214531 0.0012803581848856993 921600
1783659215386 0.0022837557989987545 923648
1783659216112 0.002025886922638165 925696
1783659216886 0.0005834233124915045 927744
1783659217643 0.004509503411100013 929792
1783659218447 0.003079873768001562 931840
1783659219275 0.0016043110445025377 933888
1783659220100 0.0012630198398255743 935936
1783659220842 0.0004502792107814457 937984
1783659221673 0.006702729922835715 940032
1783659222479 0.002174336030293489 942080
1783659223225 0.003287443902081577 944128
1783659224008 0.0017901719111250713 946176
1783659224790 0.002905732751969481 948224
1783659225575 0.0019496675886330195 950272
1783659226264 0.004609549527231138 952320
1783659227072 0.0008180297700164374 954368
1783659227919 0.001871290587587282 956416
1783659228737 0.0026112195555469953 958464
1783659229493 0.00922270262890379 960512
1783659230237 0.003073296193178976 962560
1783659231013 0.005171350250748219 964608
1783659231810 0.007500686402636347 966656
1783659232520 0.005561915859289002 968704
1783659233323 0.0024128140830725897 970752
1783659234068 0.0011476267682155594 972800
1783659234866 0.002593483921373263 974848
1783659235679 0.0018784365311148576 976896
1783659236415 -0.0004108456378162373 978944
1783659237230 0.0023434051108779386 980992
1783659238051 0.0034247399926243816 983040
1783659238894 0.004398080844111973 985088
1783659239694 0.0017024984590534586 987136
1783659240424 0.0031611696431355085 989184
1783659241236 0.0027814680433948524 991232
1783659242062 0.004520294314716011 993280
1783659242822 0.004963175604643766 995328
1783659243619 0.00586823670528247 997376
1783659244338 0.002229487112344941 999424
1783659244515 0.004887800702514748 1000000
