1783658858012 0.1 2048
1783658858686 0.1 4096
1783658859482 0.05 6144
1783658860231 0.05 8192
1783658861010 0.025 10240
1783658861846 0.0125 12288
1783658862603 0.00625 14336
1783658863281 0.00625 16384
1783658863919 0.00625 18432
1783658864602 0.003125 20480
1783658865271 0.0015625 22528
1783658866094 0.00078125 24576
1783658866756 0.00078125 26624
1783658867364 0.000390625 28672
1783658868053 0.0001953125 30720
1783658868748 9.765625e-05 32768
1783658869507 4.8828125e-05 34816
1783658870172 2.44140625e-05 36864
1783658870874 1.220703125e-05 38912
1783658871599 1.220703125e-05 40960
1783658872428 1.220703125e-05 43008
1783658873248 1.220703125e-05 45056
1783658874116 1.220703125e-05 47104
1783658874920 1.220703125e-05 49152
1783658875671 6.103515625e-06 51200
1783658876367 3.0517578125e-06 53248
1783658877129 1.52587890625e-06 55296
1783658877971 7.62939453125e-07 57344
1783658878701 3.814697265625e-07 59392
1783658879383 3.814697265625e-07 61440
1783658880230 3.814697265625e-07 63488
1783658881043 3.814697265625e-07 65536
1783658881887 1.9073486328125e-07 67584
1783658882770 9.5367431640625e-08 69632
1783658883472 4.76837158203125e-08 71680
1783658884240 2.384185791015625e-08 73728
1783658885053 1.1920928955078126e-08 75776
1783658885862 5.960464477539063e-09 77824
1783658886675 2.9802322387695314e-09 79872
1783658887519 1.4901161193847657e-09 81920
1783658888281 7.450580596923829e-10 83968
1783658888969 3.7252902984619143e-10 86016
1783658889756 1.8626451492309571e-10 88064
1783658890578 9.313225746154786e-11 90112
1783658891411 4.656612873077393e-11 92160
1783658892200 2.3283064365386964e-11 94208
1783658893034 1.1641532182693482e-11 96256
1783658893928 5.820766091346741e-12 98304
1783658894755 5.820766091346741e-12 100352
1783658895547 5.820766091346741e-12 102400
1783658896376 5.820766091346741e-12 104448
1783658897135 2.9103830456733705e-12 106496
1783658897955 1.4551915228366853e-12 108544
1783658898801 7.275957614183426e-13 110592
1783658899568 3.637978807091713e-13 112640
1783658900250 1.8189894035458566e-13 114688
1783658901049 9.094947017729283e-14 116736
1783658901898 4.5474735088646414e-14 118784
1783658902770 2.2737367544323207e-14 120832
1783658903570 1.1368683772161604e-14 122880
1783658904359 5.684341886080802e-15 124928
1783658905178 2.842170943040401e-15 126976
1783658905992 1.4210854715202005e-15 129024
1783658906785 7.105427357601002e-16 131072
1783658907589 7.105427357601002e-16 133120
1783658908355 3.552713678800501e-16 135168
1783658909118 3.552713678800501e-16 137216
1783658909945 1.7763568394002506e-16 139264
1783658910805 8.881784197001253e-17 141312
1783658911617 8.881784197001253e-17 143360
1783658912443 8.881784197001253e-17 145408
1783658913232 4.4408920985006264e-17 147456
1783658913875 2.2204460492503132e-17 149504
1783658914573 1.1102230246251566e-17 151552
1783658915361 5.551115123125783e-18 153600
1783658916179 2.7755575615628915e-18 155648
1783658917061 1.3877787807814458e-18 157696
1783658917829 6.938893903907229e-19 159744
1783658918572 3.4694469519536144e-19 161792
1783658919256 1.7347234759768072e-19 163840
1783658920041 8.673617379884036e-20 165888
1783658920820 4.336808689942018e-20 167936
1783658921525 2.168404344971009e-20 169984
1783658922363 1.0842021724855045e-20 172032
1783658923189 5.4210108624275225e-21 174080
1783658924041 2.7105054312137612e-21 176128
1783658924805 1.3552527156068806e-21 178176
1783658925550 6.776263578034403e-22 180224
1783658926258 3.3881317890172015e-22 182272
1783658927053 1.6940658945086008e-22 184320
1783658927786 8.470329472543004e-23 186368
1783658928581 4.235164736271502e-23 188416
1783658929348 2.117582368135751e-23 190464
1783658930122 1.0587911840678755e-23 192512
1783658930973 5.2939559203393774e-24 194560
1783658931813 2.6469779601696887e-24 196608
1783658932582 1.3234889800848444e-24 198656
1783658933450 6.617444900424222e-25 200704
1783658934226 3.308722450212111e-25 202752
1783658934988 1.6543612251060554e-25 204800
1783658935711 8.271806125530277e-26 206848
1783658936498 4.1359030627651386e-26 208896
1783658937127 2.0679515313825693e-26 210944
1783658937898 1.0339757656912847e-26 212992
1783658938765 5.169878828456423e-27 215040
1783658939633 2.5849394142282116e-27 217088
1783658940396 1.2924697071141058e-27 219136
1783658941205 6.462348535570529e-28 221184
1783658941932 3.2311742677852645e-28 223232
1783658942742 1.6155871338926323e-28 225280
1783658943544 8.077935669463161e-29 227328
1783658944286 4.0389678347315807e-29 229376
1783658945025 2.0194839173657903e-29 231424
1783658945844 1.0097419586828952e-29 233472
1783658946565 5.048709793414476e-30 235520
1783658947337 2.524354896707238e-30 237568
1783658948079 1.262177448353619e-30 239616
1783658948798 6.310887241768095e-31 241664
1783658949642 3.1554436208840474e-31 243712
1783658950354 1.5777218104420237e-31 245760
1783658951044 7.888609052210118e-32 247808
1783658951804 3.944304526105059e-32 249856
1783658952512 1.9721522630525296e-32 251904
1783658953176 9.860761315262648e-33 253952
1783658954046 4.930380657631324e-33 256000
1783658954833 2.465190328815662e-33 258048
1783658955595 1.232595164407831e-33 260096
1783658956405 6.162975822039155e-34 262144
1783658957231 3.0814879110195775e-34 264192
1783658958095 1.5407439555097888e-34 266240
1783658958888 7.703719777548944e-35 268288
1783658959540 3.851859888774472e-35 270336
1783658960304 3.851859888774472e-35 272384
1783658961147 1.925929944387236e-35 274432
1783658961971 1.925929944387236e-35 276480
1783658962773 1.925929944387236e-35 278528
1783658963615 9.62964972193618e-36 280576
1783658964416 4.81482486096809e-36 282624
1783658965198 2.407412430484045e-36 284672
1783658965977 1.2037062152420225e-36 286720
1783658966714 1.2037062152420225e-36 288768
1783658967456 6.018531076210112e-37 290816
1783658968303 6.018531076210112e-37 292864
1783658969120 3.009265538105056e-37 294912
1783658969912 1.504632769052528e-37 296960
1783658970690 7.52316384526264e-38 299008
1783658971527 3.76158192263132e-38 301056
1783658972340 1.88079096131566e-38 303104
1783658973183 9.4039548065783e-39 305152
1783658974006 4.70197740328915e-39 307200
1783658974762 2.350988701644575e-39 309248
1783658975562 2.350988701644575e-39 311296
1783658976413 1.1754943508222876e-39 313344
1783658977205 5.877471754111438e-40 315392
1783658978020 2.938735877055719e-40 317440
1783658978770 1.4693679385278595e-40 319488
1783658979560 7.346839692639297e-41 321536
1783658980392 3.6734198463196487e-41 323584
1783658981184 3.6734198463196487e-41 325632
1783658981922 1.8367099231598243e-41 327680
1783658982655 1.8367099231598243e-41 329728
1783658983381 9.183549615799122e-42 331776
1783658984094 4.591774807899561e-42 333824
1783658984943 2.2958874039497804e-42 335872
1783658985802 1.1479437019748902e-42 337920
1783658986652 5.739718509874451e-43 339968
1783658987433 2.8698592549372255e-43 342016
1783658988223 1.4349296274686128e-43 344064
1783658988993 7.174648137343064e-44 346112
1783658989815 3.587324068671532e-44 348160
1783658990575 1.793662034335766e-44 350208
1783658991282 8.96831017167883e-45 352256
1783658992059 4.484155085839415e-45 354304
1783658992882 2.2420775429197074e-45 356352
1783658993725 1.1210387714598537e-45 358400
1783658994518 5.6051938572992686e-46 360448
1783658995274 2.8025969286496343e-46 362496
1783658995969 1.4012984643248171e-46 364544
1783658996609 7.006492321624086e-47 366592
1783658997344 3.503246160812043e-47 368640
1783658998049 1.7516230804060214e-47 370688
1783658998798 8.758115402030107e-48 372736
1783658999569 4.3790577010150536e-48 374784
1783659000427 2.1895288505075268e-48 376832
1783659001200 1.0947644252537634e-48 378880
1783659001973 5.473822126268817e-49 380928
1783659002725 2.7369110631344085e-49 382976
1783659003572 1.3684555315672042e-49 385024
1783659004421 6.842277657836021e-50 387072
1783659005341 6.842277657836021e-50 389120
1783659006232 3.4211388289180106e-50 391168
1783659007076 1.7105694144590053e-50 393216
1783659007904 8.552847072295027e-51 395264
1783659008723 4.276423536147513e-51 397312
1783659009534 2.1382117680737566e-51 399360
1783659010339 1.0691058840368783e-51 401408
1783659011141 5.3455294201843916e-52 403456
1783659011927 2.6727647100921958e-52 405504
1783659012690 1.3363823550460979e-52 407552
1783659013543 6.6819117752304895e-53 409600
1783659014423 3.3409558876152447e-53 411648
1783659015260 1.6704779438076224e-53 413696
1783659015978 8.352389719038112e-54 415744
1783659016767 4.176194859519056e-54 417792
1783659017482 2.088097429759528e-54 419840
1783659018281 1.044048714879764e-54 421888
1783659019045 5.22024357439882e-55 423936
1783659019772 2.61012178719941e-55 425984
1783659020525 1.305060893599705e-55 428032
1783659021367 6.525304467998525e-56 430080
1783659022108 3.2626522339992624e-56 432128
1783659022889 1.6313261169996312e-56 434176
1783659023590 8.156630584998156e-57 436224
1783659024413 8.156630584998156e-57 438272
1783659025237 4.078315292499078e-57 440320
1783659025978 2.039157646249539e-57 442368
1783659026824 1.0195788231247695e-57 444416
1783659027685 5.0978941156238476e-58 446464
1783659028428 2.5489470578119238e-58 448512
1783659029180 1.2744735289059619e-58 450560
1783659029943 6.3723676445298095e-59 452608
1783659030776 3.1861838222649047e-59 454656
1783659031553 1.5930919111324524e-59 456704
1783659032399 7.965459555662262e-60 458752
1783659033133 3.982729777831131e-60 460800
1783659033992 1.9913648889155655e-60 462848
1783659034704 9.956824444577827e-61 464896
1783659035396 4.9784122222889136e-61 466944
1783659036091 2.4892061111444568e-61 468992
1783659036765 1.2446030555722284e-61 471040
1783659037574 6.223015277861142e-62 473088
1783659038355 3.111507638930571e-62 475136
1783659039069 1.5557538194652855e-62 477184
1783659039850 7.778769097326428e-63 479232
1783659040667 3.889384548663214e-63 481280
1783659041458 3.889384548663214e-63 483328
1783659042188 1.944692274331607e-63 485376
1783659042961 9.723461371658034e-64 487424
1783659043726 4.861730685829017e-64 489472
1783659044437 2.4308653429145086e-64 491520
1783659045226 2.4308653429145086e-64 493568
1783659045966 1.2154326714572543e-64 495616
1783659046694 6.0771633572862715e-65 497664
1783659047496 3.0385816786431358e-65 499712
1783659048326 1.5192908393215679e-65 501760
1783659049049 7.596454196607839e-66 503808
1783659049851 7.596454196607839e-66 505856
1783659050576 3.7982270983039197e-66 507904
1783659051385 3.7982270983039197e-66 509952
1783659052194 1.8991135491519599e-66 512000
1783659053039 9.495567745759799e-67 514048
1783659053856 4.7477838728798996e-67 516096
1783659054566 2.3738919364399498e-67 518144
1783659055308 1.1869459682199749e-67 520192
1783659056097 5.9347298410998745e-68 522240
1783659056908 2.9673649205499373e-68 524288
1783659057640 2.9673649205499373e-68 526336
1783659058509 2.9673649205499373e-68 528384
1783659059400 1.4836824602749686e-68 530432
1783659060247 7.418412301374843e-69 532480
1783659061037 3.7092061506874216e-69 534528
1783659061882 1.8546030753437108e-69 536576
1783659062611 9.273015376718554e-70 538624
1783659063446 9.273015376718554e-70 540672
1783659064303 4.636507688359277e-70 542720
1783659065069 2.3182538441796385e-70 544768
1783659065843 1.1591269220898192e-70 546816
1783659066566 5.795634610449096e-71 548864
1783659067335 5.795634610449096e-71 550912
1783659068171 2.897817305224548e-71 552960
1783659068917 1.448908652612274e-71 555008
1783659069636 7.24454326306137e-72 557056
1783659070483 3.622271631530685e-72 559104
1783659071298 1.8111358157653426e-72 561152
1783659072092 1.8111358157653426e-72 563200
1783659072888 9.055679078826713e-73 565248
1783659073675 4.5278395394133564e-73 567296
1783659074497 2.2639197697066782e-73 569344
1783659075287 2.2639197697066782e-73 571392
1783659076118 2.2639197697066782e-73 573440
1783659076900 1.1319598848533391e-73 575488
1783659077774 1.1319598848533391e-73 577536
1783659078639 5.6597994242666955e-74 579584
1783659079450 2.8298997121333478e-74 581632
1783659080274 2.8298997121333478e-74 583680
1783659081122 1.4149498560666739e-74 585728
1783659081864 7.074749280333369e-75 587776
1783659082680 3.5373746401666847e-75 589824
1783659083487 1.7686873200833424e-75 591872
1783659084221 1.7686873200833424e-75 593920
1783659084976 8.843436600416712e-76 595968
1783659085817 4.421718300208356e-76 598016
1783659086566 4.421718300208356e-76 600064
1783659087372 2.210859150104178e-76 602112
1783659088195 1.105429575052089e-76 604160
1783659088966 5.527147875260445e-77 606208
1783659089774 2.7635739376302224e-77 608256
1783659090597 1.3817869688151112e-77 610304
1783659091443 6.908934844075556e-78 612352
1783659092299 6.908934844075556e-78 614400
1783659093192 3.454467422037778e-78 616448
1783659094029 1.727233711018889e-78 618496
1783659094833 8.636168555094445e-79 620544
1783659095693 4.3180842775472226e-79 622592
1783659096550 2.1590421387736113e-79 624640
1783659097389 1.0795210693868056e-79 626688
1783659098155 5.397605346934028e-80 628736
1783659098985 2.698802673467014e-80 630784
1783659099826 1.349401336733507e-80 632832
1783659100617 6.747006683667535e-81 634880
1783659101487 3.3735033418337676e-81 636928
1783659102328 1.6867516709168838e-81 638976
1783659103150 8.433758354584419e-82 641024
1783659103935 4.2168791772922095e-82 643072
1783659104748 2.1084395886461048e-82 645120
1783659105564 1.0542197943230524e-82 647168
1783659106337 5.271098971615262e-83 649216
1783659107173 2.635549485807631e-83 651264
1783659107982 1.3177747429038155e-83 653312
1783659108743 6.588873714519077e-84 655360
1783659109543 3.2944368572595387e-84 657408
1783659110352 1.6472184286297693e-84 659456
1783659111196 8.236092143148847e-85 661504
1783659112148 4.1180460715744234e-85 663552
1783659112994 4.1180460715744234e-85 665600
1783659113841 2.0590230357872117e-85 667648
1783659114570 1.0295115178936058e-85 669696
1783659115358 5.147557589468029e-86 671744
1783659116216 2.5737787947340146e-86 673792
1783659117099 1.2868893973670073e-86 675840
1783659117836 6.4344469868350365e-87 677888
1783659118622 3.2172234934175183e-87 679936
1783659119451 1.6086117467087591e-87 681984
1783659120321 8.043058733543796e-88 684032
1783659121144 4.021529366771898e-88 686080
1783659121972 2.010764683385949e-88 688128
1783659122753 1.0053823416929745e-88 690176
1783659123594 5.026911708464872e-89 692224
1783659124442 2.513455854232436e-89 694272
1783659125272 1.256727927116218e-89 696320
1783659126107 6.28363963558109e-90 698368
1783659126965 3.141819817790545e-90 700416
1783659127824 1.5709099088952726e-90 702464
1783659128659 7.854549544476363e-91 704512
1783659129457 3.9272747722381815e-91 706560
1783659130313 1.9636373861190907e-91 708608
1783659131025 9.818186930595454e-92 710656
1783659131891 4.909093465297727e-92 712704
1783659132721 2.4545467326488634e-92 714752
1783659133537 1.2272733663244317e-92 716800
1783659134385 6.1363668316221585e-93 718848
1783659135190 3.0681834158110793e-93 720896
1783659135970 1.5340917079055396e-93 722944
1783659136813 7.670458539527698e-94 724992
1783659137674 3.835229269763849e-94 727040
1783659138557 3.835229269763849e-94 729088
1783659139410 3.835229269763849e-94 731136
1783659140242 3.835229269763849e-94 733184
1783659141080 1.9176146348819245e-94 735232
1783659141963 9.588073174409623e-95 737280
1783659142808 4.7940365872048114e-95 739328
1783659143583 4.7940365872048114e-95 741376
1783659144417 2.3970182936024057e-95 743424
1783659145185 1.1985091468012028e-95 745472
1783659146012 5.992545734006014e-96 747520
1783659146800 2.996272867003007e-96 749568
1783659147681 1.4981364335015035e-96 751616
1783659148488 7.490682167507518e-97 753664
1783659149334 3.745341083753759e-97 755712
1783659150156 1.8726705418768794e-97 757760
1783659151021 9.363352709384397e-98 759808
1783659151884 4.6816763546921986e-98 761856
1783659152730 2.3408381773460993e-98 763904
1783659153517 1.1704190886730496e-98 765952
1783659154329 5.852095443365248e-99 768000
1783659155164 2.926047721682624e-99 770048
1783659156022 1.463023860841312e-99 772096
1783659156834 7.31511930420656e-100 774144
1783659157672 7.31511930420656e-100 776192
1783659158521 7.31511930420656e-100 778240
1783659159355 3.65755965210328e-100 780288
1783659160233 3.65755965210328e-100 782336
1783659161056 1.82877982605164e-100 784384
1783659161864 9.1438991302582e-101 786432
1783659162697 4.5719495651291e-101 788480
1783659163522 2.28597478256455e-101 790528
1783659164307 1.142987391282275e-101 792576
1783659165143 1.142987391282275e-101 794624
1783659165860 5.714936956411375e-102 796672
1783659166764 5.714936956411375e-102 798720
1783659167585 5.714936956411375e-102 800768
1783659168437 5.714936956411375e-102 802816
1783659169237 2.8574684782056876e-102 804864
1783659170003 2.8574684782056876e-102 806912
1783659170798 1.4287342391028438e-102 808960
1783659171625 7.143671195514219e-103 811008
1783659172503 3.5718355977571095e-103 813056
1783659173230 3.5718355977571095e-103 815104
1783659174023 3.5718355977571095e-103 817152
1783659174891 1.7859177988785548e-103 819200
1783659175781 8.929588994392774e-104 821248
1783659176635 4.464794497196387e-104 823296
1783659177430 2.2323972485981934e-104 825344
1783659178255 1.1161986242990967e-104 827392
1783659179082 5.580993121495484e-105 829440
1783659179915 2.790496560747742e-105 831488
1783659180714 2.790496560747742e-105 833536
1783659181578 1.395248280373871e-105 835584
1783659182411 6.976241401869355e-106 837632
1783659183159 3.4881207009346773e-106 839680
1783659183978 1.7440603504673386e-106 841728
1783659184843 8.720301752336693e-107 843776
1783659185666 4.3601508761683466e-107 845824
1783659186425 2.1800754380841733e-107 847872
1783659187247 1.0900377190420866e-107 849920
1783659188158 1.0900377190420866e-107 851968
1783659188979 5.450188595210433e-108 854016
1783659189842 2.7250942976052166e-108 856064
1783659190718 1.3625471488026083e-108 858112
1783659191480 6.812735744013042e-109 860160
1783659192322 3.406367872006521e-109 862208
1783659193153 1.7031839360032604e-109 864256
1783659193980 8.515919680016302e-110 866304
1783659194847 4.257959840008151e-110 868352
1783659195560 4.257959840008151e-110 870400
1783659196305 2.1289799200040755e-110 872448
1783659197101 1.0644899600020377e-110 874496
1783659197929 5.322449800010189e-111 876544
1783659198745 2.6612249000050943e-111 878592
1783659199472 1.3306124500025472e-111 880640
1783659200190 6.653062250012736e-112 882688
1783659200852 6.653062250012736e-112 884736
1783659201602 6.653062250012736e-112 886784
1783659202335 3.326531125006368e-112 888832
1783659203151 1.663265562503184e-112 890880
1783659203862 1.663265562503184e-112 892928
1783659204516 8.31632781251592e-113 894976
1783659205173 4.15816390625796e-113 897024
1783659205924 2.07908195312898e-113 899072
1783659206708 1.03954097656449e-113 901120
1783659207427 1.03954097656449e-113 903168
1783659208306 5.19770488282245e-114 905216
1783659209092 2.598852441411225e-114 907264
1783659209846 2.598852441411225e-114 909312
1783659210708 1.2994262207056125e-114 911360
1783659211485 1.2994262207056125e-114 913408
1783659212261 6.497131103528062e-115 915456
1783659213031 3.248565551764031e-115 917504
1783659213784 1.6242827758820156e-115 919552
1783659214531 8.121413879410078e-116 921600
1783659215386 4.060706939705039e-116 923648
1783659216112 2.0303534698525195e-116 925696
1783659216886 1.0151767349262597e-116 927744
1783659217643 5.075883674631299e-117 929792
1783659218447 2.5379418373156494e-117 931840
1783659219275 1.2689709186578247e-117 933888
1783659220100 6.344854593289123e-118 935936
1783659220842 3.1724272966445617e-118 937984
1783659221673 3.1724272966445617e-118 940032
1783659222479 1.5862136483222809e-118 942080
1783659223225 7.931068241611404e-119 944128
1783659224008 3.965534120805702e-119 946176
1783659224790 1.982767060402851e-119 948224
1783659225575 9.913835302014255e-120 950272
1783659226264 4.956917651007128e-120 952320
1783659227072 2.478458825503564e-120 954368
1783659227919 1.239229412751782e-120 956416
1783659228737 6.19614706375891e-121 958464
1783659229493 6.19614706375891e-121 960512
1783659230237 3.098073531879455e-121 962560
1783659231013 3.098073531879455e-121 964608
1783659231810 3.098073531879455e-121 966656
1783659232520 3.098073531879455e-121 968704
1783659233323 1.5490367659397274e-121 970752
1783659234068 7.745183829698637e-122 972800
1783659234866 3.8725919148493185e-122 974848
1783659235679 1.9362959574246592e-122 976896
1783659236415 9.681479787123296e-123 978944
1783659237230 4.840739893561648e-123 980992
1783659238051 2.420369946780824e-123 983040
1783659238894 1.210184973390412e-123 985088
1783659239694 6.05092486695206e-124 987136
1783659240424 3.02546243347603e-124 989184
1783659241236 1.512731216738015e-124 991232
1783659242062 7.563656083690075e-125 993280
1783659242822 3.7818280418450376e-125 995328
1783659243619 3.7818280418450376e-125 997376
1783659244338 1.8909140209225188e-125 999424
1783659244515 9.454570104612594e-126 1000000
