1783658858012 23.25 2048
1783658858686 27.95 4096
1783658859482 41.2 6144
1783658860231 48.95 8192
1783658861010 76.35 10240
1783658861846 128.65 12288
1783658862603 152.25 14336
1783658863281 152.65 16384
1783658863919 177.2 18432
1783658864602 229.05 20480
1783658865271 184.65 22528
1783658866094 196.4 24576
1783658866756 225.15 26624
1783658867364 270.4 28672
1783658868053 309.55 30720
1783658868748 352.85 32768
1783658869507 369.2 34816
1783658870172 343.75 36864
1783658870874 316.65 38912
1783658871599 305.55 40960
1783658872428 213.7 43008
1783658873248 184.7 45056
1783658874116 212.45 47104
1783658874920 243.9 49152
1783658875671 304.75 51200
1783658876367 304.2 53248
1783658877129 257.7 55296
1783658877971 271.85 57344
1783658878701 258.05 59392
1783658879383 254.1 61440
1783658880230 242.4 63488
1783658881043 237.25 65536
1783658881887 242.7 67584
1783658882770 270.75 69632
1783658883472 295.05 71680
1783658884240 263.75 73728
1783658885053 287.05 75776
1783658885862 326.15 77824
1783658886675 373.8 79872
1783658887519 426.45 81920
1783658888281 423.45 83968
1783658888969 444.45 86016
1783658889756 441.2 88064
1783658890578 437.5 90112
1783658891411 444.25 92160
1783658892200 470.15 94208
1783658893034 465.8 96256
1783658893928 475.95 98304
1783658894755 479.65 100352
1783658895547 476.3 102400
1783658896376 470.0 104448
1783658897135 475.1 106496
1783658897955 476.7 108544
1783658898801 476.7 110592
1783658899568 465.3 112640
1783658900250 467.7 114688
1783658901049 465.35 116736
1783658901898 465.35 118784
1783658902770 469.65 120832
1783658903570 488.3 122880
1783658904359 475.45 124928
1783658905178 477.25 126976
1783658905992 477.25 129024
1783658906785 485.0 131072
1783658907589 485.0 133120
1783658908355 500.0 135168
1783658909118 500.0 137216
1783658909945 500.0 139264
1783658910805 497.25 141312
1783658911617 497.25 143360
1783658912443 497.25 145408
1783658913232 497.25 147456
1783658913875 497.25 149504
1783658914573 500.0 151552
1783658915361 500.0 153600
1783658916179 500.0 155648
1783658917061 500.0 157696
1783658917829 500.0 159744
1783658918572 500.0 161792
1783658919256 500.0 163840
1783658920041 500.0 165888
1783658920820 500.0 167936
1783658921525 492.6 169984
1783658922363 492.6 172032
1783658923189 492.6 174080
1783658924041 492.6 176128
1783658924805 492.6 178176
1783658925550 500.0 180224
1783658926258 500.0 182272
1783658927053 500.0 184320
1783658927786 500.0 186368
1783658928581 500.0 188416
1783658929348 500.0 190464
1783658930122 500.0 192512
1783658930973 500.0 194560
1783658931813 500.0 196608
1783658932582 500.0 198656
1783658933450 500.0 200704
1783658934226 500.0 202752
1783658934988 500.0 204800
1783658935711 500.0 206848
1783658936498 500.0 208896
1783658937127 500.0 210944
1783658937898 500.0 212992
1783658938765 500.0 215040
1783658939633 500.0 217088
1783658940396 500.0 219136
1783658941205 500.0 221184
1783658941932 500.0 223232
1783658942742 500.0 225280
1783658943544 500.0 227328
1783658944286 500.0 229376
1783658945025 499.45 231424
1783658945844 499.45 233472
1783658946565 499.45 235520
1783658947337 499.45 237568
1783658948079 499.45 239616
1783658948798 500.0 241664
1783658949642 500.0 243712
1783658950354 480.8 245760
1783658951044 464.8 247808
1783658951804 464.8 249856
1783658952512 464.8 251904
1783658953176 452.95 253952
1783658954046 467.2 256000
1783658954833 478.25 258048
1783658955595 476.5 260096
1783658956405 486.45 262144
1783658957231 494.95 264192
1783658958095 492.0 266240
1783658958888 492.0 268288
1783658959540 493.75 270336
1783658960304 495.65 272384
1783658961147 497.05 274432
1783658961971 500.0 276480
1783658962773 500.0 278528
1783658963615 500.0 280576
1783658964416 500.0 282624
1783658965198 441.2 284672
1783658965977 441.2 286720
1783658966714 438.75 288768
1783658967456 438.75 290816
1783658968303 477.2 292864
1783658969120 497.55 294912
1783658969912 497.55 296960
1783658970690 500.0 299008
1783658971527 500.0 301056
1783658972340 500.0 303104
1783658973183 500.0 305152
1783658974006 500.0 307200
1783658974762 500.0 309248
1783658975562 500.0 311296
1783658976413 500.0 313344
1783658977205 500.0 315392
1783658978020 500.0 317440
1783658978770 500.0 319488
1783658979560 500.0 321536
1783658980392 500.0 323584
1783658981184 500.0 325632
1783658981922 500.0 327680
1783658982655 500.0 329728
1783658983381 500.0 331776
1783658984094 500.0 333824
1783658984943 500.0 335872
1783658985802 500.0 337920
1783658986652 500.0 339968
1783658987433 500.0 342016
1783658988223 500.0 344064
1783658988993 500.0 346112
1783658989815 500.0 348160
1783658990575 500.0 350208
1783658991282 500.0 352256
1783658992059 500.0 354304
1783658992882 500.0 356352
1783658993725 500.0 358400
1783658994518 500.0 360448
1783658995274 500.0 362496
1783658995969 500.0 364544
1783658996609 500.0 366592
1783658997344 500.0 368640
1783658998049 500.0 370688
1783658998798 500.0 372736
1783658999569 500.0 374784
1783659000427 500.0 376832
1783659001200 500.0 378880
1783659001973 500.0 380928
1783659002725 500.0 382976
1783659003572 500.0 385024
1783659004421 500.0 387072
1783659005341 500.0 389120
1783659006232 500.0 391168
1783659007076 500.0 393216
1783659007904 500.0 395264
1783659008723 500.0 397312
1783659009534 500.0 399360
1783659010339 500.0 401408
1783659011141 500.0 403456
1783659011927 500.0 405504
1783659012690 500.0 407552
1783659013543 500.0 409600
1783659014423 500.0 411648
1783659015260 500.0 413696
1783659015978 500.0 415744
1783659016767 500.0 417792
1783659017482 500.0 419840
1783659018281 500.0 421888
1783659019045 500.0 423936
1783659019772 500.0 425984
1783659020525 500.0 428032
1783659021367 500.0 430080
1783659022108 500.0 432128
1783659022889 500.0 434176
1783659023590 500.0 436224
1783659024413 500.0 438272
1783659025237 500.0 440320
1783659025978 500.0 442368
1783659026824 500.0 444416
1783659027685 500.0 446464
1783659028428 500.0 448512
1783659029180 500.0 450560
1783659029943 500.0 452608
1783659030776 500.0 454656
1783659031553 500.0 456704
1783659032399 500.0 458752
1783659033133 500.0 460800
1783659033992 500.0 462848
1783659034704 500.0 464896
1783659035396 500.0 466944
1783659036091 500.0 468992
1783659036765 500.0 471040
1783659037574 500.0 473088
1783659038355 500.0 475136
1783659039069 500.0 477184
1783659039850 500.0 479232
1783659040667 500.0 481280
1783659041458 500.0 483328
1783659042188 500.0 485376
1783659042961 500.0 487424
1783659043726 500.0 489472
1783659044437 500.0 491520
1783659045226 500.0 493568
1783659045966 500.0 495616
1783659046694 500.0 497664
1783659047496 500.0 499712
1783659048326 500.0 501760
1783659049049 500.0 503808
1783659049851 500.0 505856
1783659050576 500.0 507904
1783659051385 500.0 509952
1783659052194 500.0 512000
1783659053039 500.0 514048
1783659053856 500.0 516096
1783659054566 500.0 518144
1783659055308 500.0 520192
1783659056097 500.0 522240
1783659056908 500.0 524288
1783659057640 500.0 526336
1783659058509 500.0 528384
1783659059400 500.0 530432
1783659060247 500.0 532480
1783659061037 500.0 534528
1783659061882 500.0 536576
1783659062611 500.0 538624
1783659063446 500.0 540672
1783659064303 500.0 542720
1783659065069 493.5 544768
1783659065843 493.5 546816
1783659066566 493.5 548864
1783659067335 493.5 550912
1783659068171 493.5 552960
1783659068917 500.0 555008
1783659069636 500.0 557056
1783659070483 500.0 559104
1783659071298 500.0 561152
1783659072092 500.0 563200
1783659072888 500.0 565248
1783659073675 500.0 567296
1783659074497 500.0 569344
1783659075287 500.0 571392
1783659076118 500.0 573440
1783659076900 500.0 575488
1783659077774 500.0 577536
1783659078639 500.0 579584
1783659079450 500.0 581632
1783659080274 500.0 583680
1783659081122 500.0 585728
1783659081864 500.0 587776
1783659082680 500.0 589824
1783659083487 500.0 591872
1783659084221 500.0 593920
1783659084976 500.0 595968
1783659085817 500.0 598016
1783659086566 500.0 600064
1783659087372 500.0 602112
1783659088195 500.0 604160
1783659088966 500.0 606208
1783659089774 500.0 608256
1783659090597 500.0 610304
1783659091443 500.0 612352
1783659092299 500.0 614400
1783659093192 500.0 616448
1783659094029 500.0 618496
1783659094833 500.0 620544
1783659095693 500.0 622592
1783659096550 500.0 624640
1783659097389 500.0 626688
1783659098155 500.0 628736
1783659098985 500.0 630784
1783659099826 500.0 632832
1783659100617 500.0 634880
1783659101487 500.0 636928
1783659102328 500.0 638976
1783659103150 500.0 641024
1783659103935 500.0 643072
1783659104748 500.0 645120
1783659105564 500.0 647168
1783659106337 500.0 649216
1783659107173 500.0 651264
1783659107982 500.0 653312
1783659108743 500.0 655360
1783659109543 500.0 657408
1783659110352 500.0 659456
1783659111196 500.0 661504
1783659112148 500.0 663552
1783659112994 500.0 665600
1783659113841 500.0 667648
1783659114570 500.0 669696
1783659115358 500.0 671744
1783659116216 500.0 673792
1783659117099 500.0 675840
1783659117836 500.0 677888
1783659118622 500.0 679936
1783659119451 500.0 681984
1783659120321 500.0 684032
1783659121144 500.0 686080
1783659121972 500.0 688128
1783659122753 500.0 690176
1783659123594 500.0 692224
1783659124442 500.0 694272
1783659125272 500.0 696320
1783659126107 500.0 698368
1783659126965 500.0 700416
1783659127824 500.0 702464
1783659128659 500.0 704512
1783659129457 500.0 706560
1783659130313 500.0 708608
1783659131025 500.0 710656
1783659131891 500.0 712704
1783659132721 500.0 714752
1783659133537 500.0 716800
1783659134385 500.0 718848
1783659135190 500.0 720896
1783659135970 500.0 722944
1783659136813 500.0 724992
1783659137674 500.0 727040
1783659138557 500.0 729088
1783659139410 500.0 731136
1783659140242 500.0 733184
1783659141080 500.0 735232
1783659141963 500.0 737280
1783659142808 500.0 739328
1783659143583 500.0 741376
1783659144417 500.0 743424
1783659145185 500.0 745472
1783659146012 500.0 747520
1783659146800 500.0 749568
1783659147681 500.0 751616
1783659148488 500.0 753664
1783659149334 500.0 755712
1783659150156 500.0 757760
1783659151021 500.0 759808
1783659151884 500.0 761856
1783659152730 500.0 763904
1783659153517 500.0 765952
1783659154329 500.0 768000
1783659155164 500.0 770048
1783659156022 500.0 772096
1783659156834 500.0 774144
1783659157672 500.0 776192
1783659158521 500.0 778240
1783659159355 500.0 780288
1783659160233 500.0 782336
1783659161056 500.0 784384
1783659161864 500.0 786432
1783659162697 500.0 788480
1783659163522 500.0 790528
1783659164307 500.0 792576
1783659165143 500.0 794624
1783659165860 500.0 796672
1783659166764 500.0 798720
1783659167585 500.0 800768
1783659168437 500.0 802816
1783659169237 500.0 804864
1783659170003 500.0 806912
1783659170798 500.0 808960
1783659171625 500.0 811008
1783659172503 500.0 813056
1783659173230 500.0 815104
1783659174023 500.0 817152
1783659174891 500.0 819200
1783659175781 500.0 821248
1783659176635 500.0 823296
1783659177430 500.0 825344
1783659178255 500.0 827392
1783659179082 500.0 829440
1783659179915 500.0 831488
1783659180714 500.0 833536
1783659181578 500.0 835584
1783659182411 500.0 837632
1783659183159 500.0 839680
1783659183978 500.0 841728
1783659184843 500.0 843776
1783659185666 500.0 845824
1783659186425 500.0 847872
1783659187247 500.0 849920
1783659188158 500.0 851968
1783659188979 500.0 854016
1783659189842 500.0 856064
1783659190718 500.0 858112
1783659191480 500.0 860160
1783659192322 500.0 862208
1783659193153 500.0 864256
1783659193980 500.0 866304
1783659194847 500.0 868352
1783659195560 500.0 870400
1783659196305 500.0 872448
1783659197101 500.0 874496
1783659197929 500.0 876544
1783659198745 500.0 878592
1783659199472 500.0 880640
1783659200190 500.0 882688
1783659200852 500.0 884736
1783659201602 500.0 886784
1783659202335 500.0 888832
1783659203151 500.0 890880
1783659203862 500.0 892928
1783659204516 500.0 894976
1783659205173 500.0 897024
1783659205924 500.0 899072
1783659206708 500.0 901120
1783659207427 500.0 903168
1783659208306 500.0 905216
1783659209092 500.0 907264
1783659209846 500.0 909312
1783659210708 500.0 911360
1783659211485 500.0 913408
1783659212261 500.0 915456
1783659213031 500.0 917504
1783659213784 500.0 919552
1783659214531 500.0 921600
1783659215386 500.0 923648
1783659216112 500.0 925696
1783659216886 500.0 927744
1783659217643 500.0 929792
1783659218447 500.0 931840
1783659219275 500.0 933888
1783659220100 500.0 935936
1783659220842 500.0 937984
1783659221673 500.0 940032
1783659222479 500.0 942080
1783659223225 500.0 944128
1783659224008 500.0 946176
1783659224790 500.0 948224
1783659225575 500.0 950272
1783659226264 500.0 952320
1783659227072 500.0 954368
1783659227919 500.0 956416
1783659228737 500.0 958464
1783659229493 500.0 960512
1783659230237 500.0 962560
1783659231013 500.0 964608
1783659231810 500.0 966656
1783659232520 500.0 968704
1783659233323 500.0 970752
1783659234068 500.0 972800
1783659234866 500.0 974848
1783659235679 500.0 976896
1783659236415 500.0 978944
1783659237230 500.0 980992
1783659238051 500.0 983040
1783659238894 500.0 985088
1783659239694 500.0 987136
1783659240424 500.0 989184
1783659241236 500.0 991232
1783659242062 500.0 993280
1783659242822 500.0 995328
1783659243619 500.0 997376
1783659244338 500.0 999424
1783659244515 500.0 1000000
