1783658858012 -0.011344350761646638 2048
1783658858686 -0.015700304182246327 4096
1783658859482 -0.010458420823852066 6144
1783658860231 -0.010496299790247576 8192
1783658861010 -0.009258324324036948 10240
1783658861846 -0.005312360754032852 12288
1783658862603 -0.004247062002832536 14336
1783658863281 -0.004856145518715493 16384
1783658863919 -0.005430978217191296 18432
1783658864602 -0.0013601140235550702 20480
1783658865271 -0.001535921277536545 22528
1783658866094 -0.008303281043481547 24576
1783658866756 -0.005683133113052463 26624
1783658867364 -0.003662524999526795 28672
1783658868053 -0.004018030944280326 30720
1783658868748 -0.0014533509747707285 32768
1783658869507 -0.003393881634110585 34816
1783658870172 -0.004034046611195663 36864
1783658870874 -0.0031584777352691162 38912
1783658871599 -0.0022651055405731313 40960
1783658872428 -0.0026166000243392773 43008
1783658873248 -0.004852427802688908 45056
1783658874116 -0.0012928991709486581 47104
1783658874920 -0.001623125841433648 49152
1783658875671 0.00049961383047048 51200
1783658876367 -4.957520650350489e-05 53248
1783658877129 -0.0004908778573735617 55296
1783658877971 -0.002449416169838514 57344
1783658878701 -0.0009391155490448 59392
1783658879383 -0.0017950471956282854 61440
1783658880230 8.103877917164937e-05 63488
1783658881043 -0.00461875852488447 65536
1783658881887 -0.004943622690916527 67584
1783658882770 -0.0030590069363825023 69632
1783658883472 -0.0014496649055217858 71680
1783658884240 -0.002643704712681938 73728
1783658885053 -0.0033339415513182757 75776
1783658885862 -0.0013733691412198823 77824
1783658886675 -4.7631127017666586e-05 79872
1783658887519 -0.0029178489930927753 81920
1783658888281 -0.0005266187617962714 83968
1783658888969 -0.0011197332423762418 86016
1783658889756 -0.004106179201698978 88064
1783658890578 -0.005260783355879539 90112
1783658891411 -0.0005629623774439096 92160
1783658892200 -0.00037408848584163934 94208
1783658893034 -0.001748816117469687 96256
1783658893928 -0.0035579557679739082 98304
1783658894755 -0.0033001041192619596 100352
1783658895547 -0.0014488138403976336 102400
1783658896376 -0.004614211984517169 104448
1783658897135 -0.0009424867093912326 106496
1783658897955 -0.00010453381037223153 108544
1783658898801 -0.0002556896861278801 110592
1783658899568 0.0003469060975476168 112640
1783658900250 -0.0007318920361285564 114688
1783658901049 -0.0012899967914563604 116736
1783658901898 -0.0003128507742076181 118784
1783658902770 -0.0019401279132580385 120832
1783658903570 -0.0014138763799564913 122880
1783658904359 -0.002893496650358429 124928
1783658905178 -0.0010624587257552776 126976
1783658905992 -0.0009577875134709757 129024
1783658906785 0.0003944458112528082 131072
1783658907589 -0.00040920313767855987 133120
1783658908355 -0.0016911749007704202 135168
1783658909118 4.2074982047779486e-05 137216
1783658909945 -0.0008663678163429722 139264
1783658910805 -0.0010427571905893274 141312
1783658911617 -0.003267323048930848 143360
1783658912443 -0.002898387720051687 145408
1783658913232 -0.00079052599176066 147456
1783658913875 -0.002320185463759117 149504
1783658914573 -0.002808250732414308 151552
1783658915361 -0.0036651390364568215 153600
1783658916179 -0.00026190689095528796 155648
1783658917061 -0.0007992320824996568 157696
1783658917829 -0.0008980582151707495 159744
1783658918572 -0.004390484209579881 161792
1783658919256 -0.0017356926546199247 163840
1783658920041 -0.0007794833763909992 165888
1783658920820 -0.0013580889572040178 167936
1783658921525 -0.0009812223797780462 169984
1783658922363 0.000711611210135743 172032
1783658923189 -0.0006739461714460049 174080
1783658924041 -0.0006822900686529465 176128
1783658924805 -0.0024409195357293356 178176
1783658925550 -0.000559516622161027 180224
1783658926258 -0.0008145030769810546 182272
1783658927053 -0.000613217314821668 184320
1783658927786 0.00021463447046699002 186368
1783658928581 -0.00014463830848399084 188416
1783658929348 -0.003059336588194128 190464
1783658930122 -0.0027317409112583846 192512
1783658930973 0.0003131359517283272 194560
1783658931813 -0.0009172745121759363 196608
1783658932582 -0.0011380810574337374 198656
1783658933450 -0.0015424071207235102 200704
1783658934226 -0.0007208385577541776 202752
1783658934988 0.0005693132879969198 204800
1783658935711 -0.0017178201269416604 206848
1783658936498 8.9203651441494e-05 208896
1783658937127 -0.0006300285967881791 210944
1783658937898 0.0005805578657600563 212992
1783658938765 -0.0010338677602703683 215040
1783658939633 -0.0007916566537460312 217088
1783658940396 -0.0003123179922113195 219136
1783658941205 -0.0006316661601886153 221184
1783658941932 -0.0009334615988336736 223232
1783658942742 -0.0006497566573671065 225280
1783658943544 -0.0020067792866029777 227328
1783658944286 -0.0007873390313761774 229376
1783658945025 -0.0006147170861368068 231424
1783658945844 -0.0027487214538268745 233472
1783658946565 -0.0012982686603209004 235520
1783658947337 -0.001771361725332099 237568
1783658948079 -0.001227314438438043 239616
1783658948798 0.00023752948254696093 241664
1783658949642 -0.00012637690088013187 243712
1783658950354 -9.097145812120289e-05 245760
1783658951044 5.510992923518643e-05 247808
1783658951804 -0.0013082711229799315 249856
1783658952512 -0.003332183328893734 251904
1783658953176 -0.0001772153627825901 253952
1783658954046 -0.001035286273690872 256000
1783658954833 -0.0014687201583001297 258048
1783658955595 0.000814420582173625 260096
1783658956405 -0.0030106543890724424 262144
1783658957231 2.462716292939149e-05 264192
1783658958095 -0.0008334826088685077 266240
1783658958888 -0.0021646676868840586 268288
1783658959540 0.00037392647936940193 270336
1783658960304 -0.0016211591209867038 272384
1783658961147 -2.763147494988516e-05 274432
1783658961971 -0.001984928108868189 276480
1783658962773 -0.004123744718526723 278528
1783658963615 0.0002872085169656202 280576
1783658964416 -0.0009173310027108528 282624
1783658965198 -0.0013945791361038573 284672
1783658965977 0.0002616288220451679 286720
1783658966714 -0.003265780098445248 288768
1783658967456 -0.002557556319516152 290816
1783658968303 -0.003917663951142458 292864
1783658969120 -0.00025026319781318307 294912
1783658969912 -0.0003311170148663223 296960
1783658970690 -0.00042151036541326903 299008
1783658971527 -0.000944453444390092 301056
1783658972340 -0.0025707445638545323 303104
1783658973183 -0.003060835719224997 305152
1783658974006 -0.0011092759486928117 307200
1783658974762 -0.0003428299278311897 309248
1783658975562 -0.0020868419524049386 311296
1783658976413 0.00043176688632229343 313344
1783658977205 0.000326040522850235 315392
1783658978020 -0.0005627003693007282 317440
1783658978770 -0.00030974532819527667 319488
1783658979560 -0.00034821941881091334 321536
1783658980392 -7.628419189131819e-05 323584
1783658981184 -0.0038179176444828045 325632
1783658981922 1.8515180272515863e-05 327680
1783658982655 -0.0027375750287319534 329728
1783658983381 -0.002141464257874759 331776
1783658984094 0.0006060989944671746 333824
1783658984943 -0.0014091352495597675 335872
1783658985802 -1.2527303624665365e-05 337920
1783658986652 -0.0005757584422099171 339968
1783658987433 -0.0004378411867946852 342016
1783658988223 -0.0007623527890245896 344064
1783658988993 -0.00224440977035556 346112
1783658989815 -0.0013516980507120024 348160
1783658990575 -0.0006554273140864098 350208
1783658991282 -0.0012488431202655192 352256
1783658992059 -0.000875999894560664 354304
1783658992882 -0.0001997505096369423 356352
1783658993725 -0.000378840537450742 358400
1783658994518 0.00014291420666268095 360448
1783658995274 -0.00010786835628096014 362496
1783658995969 -0.001997852521526511 364544
1783658996609 -0.003412318204937037 366592
1783658997344 -0.001148333823948633 368640
1783658998049 -0.0013219092943472788 370688
1783658998798 -0.0005904966674279422 372736
1783658999569 -0.00015451962826773524 374784
1783659000427 -0.0008082590029516723 376832
1783659001200 -0.0012808447136194445 378880
1783659001973 -0.0013821029097016435 380928
1783659002725 -2.4373843189096078e-05 382976
1783659003572 8.51622644404415e-05 385024
1783659004421 -0.0018784329004120082 387072
1783659005341 -0.0014793165573792066 389120
1783659006232 -0.00046586780445068143 391168
1783659007076 -5.788918861071579e-05 393216
1783659007904 -0.0001529810469946824 395264
1783659008723 0.00030136248460621573 397312
1783659009534 -0.0009768324271135498 399360
1783659010339 -0.00034943690843647346 401408
1783659011141 -0.00012237607552378904 403456
1783659011927 -0.0009612871544959489 405504
1783659012690 -0.0003566453233361244 407552
1783659013543 -0.0002909555296355393 409600
1783659014423 0.00012068368960171938 411648
1783659015260 0.0005482654796651332 413696
1783659015978 3.154487239953596e-05 415744
1783659016767 -0.0021260903577058343 417792
1783659017482 -0.00015383382651634747 419840
1783659018281 0.00025623157489462756 421888
1783659019045 0.0005756608061346924 423936
1783659019772 -8.256069122580811e-06 425984
1783659020525 -0.000205187126994133 428032
1783659021367 0.0005449010350275785 430080
1783659022108 -0.000992355673588463 432128
1783659022889 0.00023584191512782127 434176
1783659023590 -0.00027134042466059327 436224
1783659024413 -0.00509744431838044 438272
1783659025237 0.00017047722212737426 440320
1783659025978 0.0011158933994011022 442368
1783659026824 0.0008973109925136669 444416
1783659027685 -0.0006174480840854812 446464
1783659028428 -0.00108729721250711 448512
1783659029180 -0.0011524150831974111 450560
1783659029943 -0.0021491270636033732 452608
1783659030776 -0.0011862813516927417 454656
1783659031553 -0.00011574936979741324 456704
1783659032399 -0.0001309510444116313 458752
1783659033133 -0.0015023236683191499 460800
1783659033992 -0.0003979859138780739 462848
1783659034704 -0.0004641272607841529 464896
1783659035396 0.000446627786004683 466944
1783659036091 0.00045033456990495324 468992
1783659036765 -0.0005843971921422053 471040
1783659037574 -0.00024274941461044364 473088
1783659038355 -0.0016412733421020675 475136
1783659039069 -0.0005722617461287882 477184
1783659039850 -0.0020849238280788995 479232
1783659040667 -0.0017888555921672378 481280
1783659041458 -0.002345923308894271 483328
1783659042188 0.0001818450000428129 485376
1783659042961 -4.6700521124876104e-05 487424
1783659043726 -0.00021260272114886902 489472
1783659044437 -0.0027346424976713024 491520
1783659045226 -0.0021808798919664696 493568
1783659045966 0.0008145068641169928 495616
1783659046694 -0.00025296875537605956 497664
1783659047496 -0.0007343055767705664 499712
1783659048326 -0.0005917186108490569 501760
1783659049049 -0.0003620525494625326 503808
1783659049851 -0.0022469253672170453 505856
1783659050576 -0.0018224493287561927 507904
1783659051385 -0.0021974808914819732 509952
1783659052194 -0.0010142462833755417 512000
1783659053039 -0.0022117125263321213 514048
1783659053856 -0.0010872194325202145 516096
1783659054566 -0.0003380829184607137 518144
1783659055308 6.344092253129929e-05 520192
1783659056097 0.00039111181831685826 522240
1783659056908 1.4898087101755664e-05 524288
1783659057640 -0.00045835040327801835 526336
1783659058509 -0.004724883539893199 528384
1783659059400 0.0011637879542831797 530432
1783659060247 0.0004849601464229636 532480
1783659061037 -0.00042769575520651415 534528
1783659061882 -0.00046640690925414674 536576
1783659062611 1.6389718439313583e-05 538624
1783659063446 -0.002869849260605406 540672
1783659064303 -0.0005853701622982044 542720
1783659065069 -0.0016696224083716515 544768
1783659065843 -0.0002482248855812941 546816
1783659066566 -0.0023548117133032065 548864
1783659067335 -0.001288095438212622 550912
1783659068171 -0.0008963626460172236 552960
1783659068917 0.0008976732133305632 555008
1783659069636 -0.0033598385452933144 557056
1783659070483 -0.0002937639546871651 559104
1783659071298 -0.00048616395361023024 561152
1783659072092 -0.0017090845212806016 563200
1783659072888 -0.0027237117719778325 565248
1783659073675 0.0004741975608339999 567296
1783659074497 -0.0024215148987423163 569344
1783659075287 -0.005293325208185706 571392
1783659076118 -0.004362082352599828 573440
1783659076900 0.00045666816731682047 575488
1783659077774 -0.0014260527459555306 577536
1783659078639 0.00021319486768334173 579584
1783659079450 -0.000696654235071037 581632
1783659080274 -0.0058628608894650824 583680
1783659081122 -0.00035213081719120964 585728
1783659081864 -0.0015530398704868276 587776
1783659082680 -0.0007183342022472061 589824
1783659083487 -0.003227084245736478 591872
1783659084221 0.00020185780886095017 593920
1783659084976 0.00048533895824220963 595968
1783659085817 -0.003145327016682131 598016
1783659086566 -0.0011037986041628756 600064
1783659087372 -0.002242033042421099 602112
1783659088195 -0.0005689510144293308 604160
1783659088966 -0.0017209477919095661 606208
1783659089774 -0.0012190011148049962 608256
1783659090597 -0.0012283530304557644 610304
1783659091443 -0.0017041743121808395 612352
1783659092299 -0.0005398453104135115 614400
1783659093192 -0.0019004962159669958 616448
1783659094029 -0.001555384060338838 618496
1783659094833 -0.00033070710924221203 620544
1783659095693 0.0003824000232270919 622592
1783659096550 -0.00057929474132834 624640
1783659097389 -0.001455717125281808 626688
1783659098155 -0.0018892491607402917 628736
1783659098985 8.991147842607461e-05 630784
1783659099826 0.0006420659119612537 632832
1783659100617 8.88137765286956e-05 634880
1783659101487 -0.002226589414931368 636928
1783659102328 -0.0006233749227249064 638976
1783659103150 -0.0008614237740403041 641024
1783659103935 -0.0024845577390806284 643072
1783659104748 -0.0015937589523673523 645120
1783659105564 -0.0014287342928582802 647168
1783659106337 -7.507547343266197e-05 649216
1783659107173 0.0007075280573189957 651264
1783659107982 -0.0009025261315400712 653312
1783659108743 -8.198641444323584e-05 655360
1783659109543 -0.0003695165505632758 657408
1783659110352 -0.0005895748872717377 659456
1783659111196 -0.0008500572330376599 661504
1783659112148 -0.0002658916018845048 663552
1783659112994 -0.0014332154605654068 665600
1783659113841 0.00043783043656731024 667648
1783659114570 -0.0007996774074854329 669696
1783659115358 0.0002518877445254475 671744
1783659116216 -7.899007323430851e-05 673792
1783659117099 -0.0006490688319900073 675840
1783659117836 -0.0003185628156643361 677888
1783659118622 -0.0005745997987105511 679936
1783659119451 -0.00017960981131182052 681984
1783659120321 -0.00032964062120299786 684032
1783659121144 3.959747118642554e-06 686080
1783659121972 -0.00027354304620530456 688128
1783659122753 -0.0003755010329768993 690176
1783659123594 -0.0019986469596915413 692224
1783659124442 -0.0009447865595575422 694272
1783659125272 -0.00035341453258297406 696320
1783659126107 -0.003156012466206448 698368
1783659126965 -0.00018543073383625597 700416
1783659127824 -0.0006624315210501663 702464
1783659128659 0.00014648906289949082 704512
1783659129457 -7.906258178991266e-05 706560
1783659130313 8.511364649166353e-05 708608
1783659131025 0.00028941952041350305 710656
1783659131891 -0.0007800408711773343 712704
1783659132721 -0.0012887323937320616 714752
1783659133537 0.0004215708904666826 716800
1783659134385 -0.0005268865352263674 718848
1783659135190 0.0005426911848189775 720896
1783659135970 0.0006295304629020393 722944
1783659136813 -0.0021391693626355845 724992
1783659137674 -0.0024583054564573104 727040
1783659138557 -0.0018828403881343547 729088
1783659139410 -0.0015601636150677223 731136
1783659140242 -0.002048731766990386 733184
1783659141080 0.00013457719614962116 735232
1783659141963 -0.0008237890724558383 737280
1783659142808 -7.027516039670445e-05 739328
1783659143583 -0.0010221716183878016 741376
1783659144417 -0.00039798915167921223 743424
1783659145185 -0.0008195673872251064 745472
1783659146012 -0.0007229619041027036 747520
1783659146800 -0.0023740996548440307 749568
1783659147681 -0.000408028547099093 751616
1783659148488 -0.0008092034804576542 753664
1783659149334 0.00046556181041523814 755712
1783659150156 -0.0004439013027877081 757760
1783659151021 6.37209141132189e-05 759808
1783659151884 -0.0001428856121492572 761856
1783659152730 -0.0031426673394889804 763904
1783659153517 0.000699651148124758 765952
1783659154329 -0.0034170946819358505 768000
1783659155164 -0.0007237434656417463 770048
1783659156022 -0.00023194270397652872 772096
1783659156834 -1.1399537470424548e-05 774144
1783659157672 -0.0018680026805668604 776192
1783659158521 -0.00120072152276407 778240
1783659159355 -0.0001934003048518207 780288
1783659160233 -0.0030449990335910115 782336
1783659161056 0.00031088918331079185 784384
1783659161864 0.0007978333051141817 786432
1783659162697 0.0003141302349831676 788480
1783659163522 -0.0011653974070213735 790528
1783659164307 -0.0008434812516497914 792576
1783659165143 -0.0007971720915520564 794624
1783659165860 -0.0018204894658992998 796672
1783659166764 -0.0003002284538524691 798720
1783659167585 -0.001702834379102569 800768
1783659168437 -0.0005227918773016427 802816
1783659169237 0.00032098683004733175 804864
1783659170003 -0.0026880452714976855 806912
1783659170798 -0.0014691421347379219 808960
1783659171625 -0.0018450812713126652 811008
1783659172503 -0.00015327639994211495 813056
1783659173230 -0.003379427460458828 815104
1783659174023 -0.00238051235464809 817152
1783659174891 0.0005843644721608143 819200
1783659175781 -0.0013722037765546702 821248
1783659176635 0.0006580272529390641 823296
1783659177430 -0.0003876105292874854 825344
1783659178255 2.3351760319201276e-05 827392
1783659179082 -0.0018081706584780477 829440
1783659179915 -0.0017084729843190871 831488
1783659180714 -0.00033023712967406027 833536
1783659181578 -0.0010200771721429192 835584
1783659182411 -0.00022138445274322294 837632
1783659183159 -0.00032814381665957626 839680
1783659183978 -0.00011204280599486083 841728
1783659184843 -0.0007761984707030933 843776
1783659185666 0.00015647980035282671 845824
1783659186425 -0.002101072208461119 847872
1783659187247 -0.000774307205574587 849920
1783659188158 -0.0018693015881581232 851968
1783659188979 -0.0007526822118961718 854016
1783659189842 -0.0015393575004054583 856064
1783659190718 -0.0006069809023756534 858112
1783659191480 3.841207944788039e-05 860160
1783659192322 -0.0010865300027944613 862208
1783659193153 -0.001562255263706902 864256
1783659193980 0.0002955863037641393 866304
1783659194847 2.9273767722770572e-05 868352
1783659195560 -0.004445600519829895 870400
1783659196305 -0.0022014164715074003 872448
1783659197101 -0.0014861394301988184 874496
1783659197929 -2.2550921130459756e-07 876544
1783659198745 0.0002528387703932822 878592
1783659199472 -0.0014062221725907875 880640
1783659200190 -0.0002480544899299275 882688
1783659200852 -0.0010468996351846727 884736
1783659201602 -0.0028158929526398424 886784
1783659202335 -0.001238738575921161 888832
1783659203151 0.0003995324077550322 890880
1783659203862 -0.0030078326090006158 892928
1783659204516 -5.53217287233565e-05 894976
1783659205173 0.0003944247146137059 897024
1783659205924 6.715427480230574e-05 899072
1783659206708 -2.766712259472115e-05 901120
1783659207427 -0.0046245523808465805 903168
1783659208306 0.0001972472673514858 905216
1783659209092 -0.0009104227065108716 907264
1783659209846 -0.003110926591034513 909312
1783659210708 0.0005495441037055571 911360
1783659211485 0.0002180486189899966 913408
1783659212261 -0.0028201768418512074 915456
1783659213031 -0.0006049504117981996 917504
1783659213784 -0.0003840762183244806 919552
1783659214531 -0.00010132056195288897 921600
1783659215386 0.000554272803128697 923648
1783659216112 -0.00015011335017334204 925696
1783659216886 0.00017188095080200583 927744
1783659217643 -0.0008258449470304186 929792
1783659218447 -0.0016409828858741093 931840
1783659219275 -0.0008236149078584276 933888
1783659220100 8.696790609974414e-05 935936
1783659220842 -0.0010754383001767565 937984
1783659221673 -0.001818327626097016 940032
1783659222479 -0.00035232349182479084 942080
1783659223225 -0.00040664391781319864 944128
1783659224008 -0.0008141160215018317 946176
1783659224790 -0.00014667851428384893 948224
1783659225575 -0.00010502057921257801 950272
1783659226264 0.000552487308596028 952320
1783659227072 0.0005296483086567605 954368
1783659227919 -0.0008881296598701738 956416
1783659228737 0.0010157542819797527 958464
1783659229493 -0.004219038637529593 960512
1783659230237 -0.0003850397370115388 962560
1783659231013 -3.2911582820815966e-05 964608
1783659231810 -0.0010162209036934655 966656
1783659232520 -0.007104957734554773 968704
1783659233323 -0.0004601991495292168 970752
1783659234068 -0.0007335716800298542 972800
1783659234866 0.0002908583701355383 974848
1783659235679 -0.001508881126937922 976896
1783659236415 -0.00020072058396181092 978944
1783659237230 -0.003989585835370235 980992
1783659238051 -0.0008045976610446814 983040
1783659238894 -0.0004603406396199716 985088
1783659239694 4.028402690892108e-05 987136
1783659240424 0.0008002895920071751 989184
1783659241236 0.0007723823691776488 991232
1783659242062 -0.0031960162705217954 993280
1783659242822 -0.0008583303333580261 995328
1783659243619 -0.0011330565830576234 997376
1783659244338 0.0003089502570219338 999424
1783659244515 -0.005459786638514035 1000000
