1783658858012 90.37976637482643 2048
1783658858686 75.63885205984116 4096
1783658859482 71.58895817399025 6144
1783658860231 71.51643055677414 8192
1783658861010 88.70239514112473 10240
1783658861846 94.84315034747124 12288
1783658862603 94.46331715583801 14336
1783658863281 103.95071244239807 16384
1783658863919 97.3870464861393 18432
1783658864602 99.35145327448845 20480
1783658865271 113.60280174016953 22528
1783658866094 92.53131943941116 24576
1783658866756 84.73488619923592 26624
1783658867364 76.19610440731049 28672
1783658868053 78.40389150381088 30720
1783658868748 78.72564947605133 32768
1783658869507 87.07024466991425 34816
1783658870172 104.76632070541382 36864
1783658870874 87.9645508825779 38912
1783658871599 110.80544909834862 40960
1783658872428 142.89966693520546 43008
1783658873248 152.76480025053024 45056
1783658874116 91.83120948076248 47104
1783658874920 108.65602518618107 49152
1783658875671 113.14452534914017 51200
1783658876367 131.04776449501514 53248
1783658877129 157.0642987191677 55296
1783658877971 66.32680237293243 57344
1783658878701 156.9942356199026 59392
1783658879383 141.36786171793938 61440
1783658880230 176.56186226010323 63488
1783658881043 176.05535691976547 65536
1783658881887 52.07023234665394 67584
1783658882770 107.2856716811657 69632
1783658883472 156.86080645024776 71680
1783658884240 112.04967340826988 73728
1783658885053 108.99827712774277 75776
1783658885862 74.20587924867868 77824
1783658886675 86.23774421960115 79872
1783658887519 93.32087724655867 81920
1783658888281 119.45818117260933 83968
1783658888969 97.05834320932627 86016
1783658889756 102.29446159303188 88064
1783658890578 65.8082201257348 90112
1783658891411 83.34558150917292 92160
1783658892200 61.46490865945816 94208
1783658893034 78.10345285385847 96256
1783658893928 88.13280962407589 98304
1783658894755 111.09820415824652 100352
1783658895547 126.8831628113985 102400
1783658896376 47.6021723523736 104448
1783658897135 76.13703715801239 106496
1783658897955 107.37114989757538 108544
1783658898801 103.16127553582191 110592
1783658899568 133.15477541834116 112640
1783658900250 106.77801857888699 114688
1783658901049 103.87945899739861 116736
1783658901898 106.88662076741457 118784
1783658902770 130.6888367459178 120832
1783658903570 117.87107004225254 122880
1783658904359 109.20306727662683 124928
1783658905178 124.34223643690348 126976
1783658905992 119.3985942825675 129024
1783658906785 117.25794795155525 131072
1783658907589 113.28692431002855 133120
1783658908355 117.5681721791625 135168
1783658909118 117.85476378723979 137216
1783658909945 117.31307729706168 139264
1783658910805 117.78898603841662 141312
1783658911617 110.3914326429367 143360
1783658912443 139.9899393990636 145408
1783658913232 115.49536848440766 147456
1783658913875 114.56756381690502 149504
1783658914573 115.1597090959549 151552
1783658915361 115.6230720281601 153600
1783658916179 116.9152003005147 155648
1783658917061 116.06867152824998 157696
1783658917829 105.43308085203171 159744
1783658918572 68.98661121726036 161792
1783658919256 102.43345967307687 163840
1783658920041 113.04848690330982 165888
1783658920820 134.30200814455748 167936
1783658921525 120.22172700613737 169984
1783658922363 114.53502202033997 172032
1783658923189 119.31238557770848 174080
1783658924041 116.42172568663955 176128
1783658924805 112.47556638717651 178176
1783658925550 118.53616231307387 180224
1783658926258 144.37691614031792 182272
1783658927053 112.33103446289897 184320
1783658927786 112.59441372007132 186368
1783658928581 98.70737472176552 188416
1783658929348 92.41838369891047 190464
1783658930122 108.47837689518929 192512
1783658930973 114.0611475110054 194560
1783658931813 109.53795433044434 196608
1783658932582 116.55494854226708 198656
1783658933450 116.50374863669276 200704
1783658934226 144.93585481494665 202752
1783658934988 117.38939158990979 204800
1783658935711 115.19531816244125 206848
1783658936498 114.3513855189085 208896
1783658937127 116.8442739918828 210944
1783658937898 116.0355020686984 212992
1783658938765 114.08440943807364 215040
1783658939633 113.54966823756695 217088
1783658940396 116.13710269331932 219136
1783658941205 110.41543655097485 221184
1783658941932 116.51302624121308 223232
1783658942742 139.79048408567905 225280
1783658943544 114.0935425311327 227328
1783658944286 110.83098888397217 229376
1783658945025 93.82257265597582 231424
1783658945844 112.06191996484995 233472
1783658946565 119.10431303083897 235520
1783658947337 118.94311802089214 237568
1783658948079 115.67655546218157 239616
1783658948798 118.79979527369142 241664
1783658949642 117.57533987611532 243712
1783658950354 145.6866086050868 245760
1783658951044 139.04441928118467 247808
1783658951804 115.74361933022738 249856
1783658952512 114.24871738255024 251904
1783658953176 140.68285602331161 253952
1783658954046 110.78783714771271 256000
1783658954833 114.8087896257639 258048
1783658955595 136.91455467790365 260096
1783658956405 113.51768455281854 262144
1783658957231 100.5366135314107 264192
1783658958095 97.97312504798174 266240
1783658958888 103.97404849901795 268288
1783658959540 115.33913382142782 270336
1783658960304 118.0864544659853 272384
1783658961147 117.29604825377464 274432
1783658961971 131.0420290157199 276480
1783658962773 116.06718272715807 278528
1783658963615 117.85081647709012 280576
1783658964416 117.46430690959096 282624
1783658965198 167.33780117332935 284672
1783658965977 114.3064369931817 286720
1783658966714 139.84780617058277 288768
1783658967456 113.25418619811535 290816
1783658968303 111.53076575696468 292864
1783658969120 107.1940329298377 294912
1783658969912 109.20763855054975 296960
1783658970690 108.58436981588602 299008
1783658971527 105.32765818014741 301056
1783658972340 103.72617902606726 303104
1783658973183 107.77610001713037 305152
1783658974006 105.71161238849163 307200
1783658974762 121.40177281945944 309248
1783658975562 102.39223847538233 311296
1783658976413 115.08950136229396 313344
1783658977205 113.21455349773169 315392
1783658978020 105.68204914033413 317440
1783658978770 115.18145504593849 319488
1783658979560 113.17594204843044 321536
1783658980392 117.29337245970964 323584
1783658981184 114.74594231694937 325632
1783658981922 121.07603501528502 327680
1783658982655 145.88291914016008 329728
1783658983381 121.02969971299171 331776
1783658984094 120.59933868795633 333824
1783658984943 119.14314516633749 335872
1783658985802 120.93329942971468 337920
1783658986652 117.71757842600346 339968
1783658987433 119.32320527359843 342016
1783658988223 118.60027190297842 344064
1783658988993 117.67220833152533 346112
1783658989815 117.56258980929852 348160
1783658990575 116.59840135276318 350208
1783658991282 131.4254689887166 352256
1783658992059 116.31494298577309 354304
1783658992882 116.44623981788754 356352
1783658993725 116.21536869555712 358400
1783658994518 115.280792478472 360448
1783658995274 114.94677400961518 362496
1783658995969 111.2911739423871 364544
1783658996609 113.77209144085646 366592
1783658997344 111.964837834239 368640
1783658998049 115.52392192184925 370688
1783658998798 143.93784283846617 372736
1783658999569 115.82034672051668 374784
1783659000427 114.82727991044521 376832
1783659001200 114.60177991166711 378880
1783659001973 114.52879583835602 380928
1783659002725 117.23047511279583 382976
1783659003572 115.59257838875055 385024
1783659004421 116.70218293368816 387072
1783659005341 116.5174962580204 389120
1783659006232 115.62169225513935 391168
1783659007076 143.4532261043787 393216
1783659007904 113.10980276018381 395264
1783659008723 114.19488357752562 397312
1783659009534 113.96404925733805 399360
1783659010339 109.00803769379854 401408
1783659011141 118.17309439182281 403456
1783659011927 116.29838898032904 405504
1783659012690 110.9933837801218 407552
1783659013543 113.39811760932207 409600
1783659014423 99.03212485462427 411648
1783659015260 86.38648317754269 413696
1783659015978 118.84654030576348 415744
1783659016767 82.28042990714312 417792
1783659017482 82.45084121823311 419840
1783659018281 71.92230746150017 421888
1783659019045 57.67483292892575 423936
1783659019772 88.81706692278385 425984
1783659020525 115.16119673103094 428032
1783659021367 116.18755269423127 430080
1783659022108 119.27134217694402 432128
1783659022889 117.0406994484365 434176
1783659023590 162.13501473516226 436224
1783659024413 126.44886456802487 438272
1783659025237 101.65328497067094 440320
1783659025978 70.51523017138243 442368
1783659026824 62.37932142242789 444416
1783659027685 85.98448076844215 446464
1783659028428 134.51720867305994 448512
1783659029180 113.42374298721552 450560
1783659029943 116.6365502923727 452608
1783659030776 119.45587654411793 454656
1783659031553 102.30688704177737 456704
1783659032399 124.99609909951687 458752
1783659033133 131.64116571471095 460800
1783659033992 122.32896118983626 462848
1783659034704 119.90571117028594 464896
1783659035396 122.02335242927074 466944
1783659036091 124.62526606023312 468992
1783659036765 116.06055971607566 471040
1783659037574 115.39832773804665 473088
1783659038355 121.92075544595718 475136
1783659039069 94.40397230908275 477184
1783659039850 119.86581017822027 479232
1783659040667 89.705172739923 481280
1783659041458 124.06745650619268 483328
1783659042188 122.30748362094164 485376
1783659042961 121.59805224835873 487424
1783659043726 116.69156116992235 489472
1783659044437 118.39854382351041 491520
1783659045226 112.0409069955349 493568
1783659045966 99.08511140942574 495616
1783659046694 81.96825270727277 497664
1783659047496 89.0750208683312 499712
1783659048326 92.11049012094736 501760
1783659049049 74.10603736341 503808
1783659049851 57.75635952502489 505856
1783659050576 78.56499549373984 507904
1783659051385 57.18135625123978 509952
1783659052194 101.062106795609 512000
1783659053039 115.53139651566744 514048
1783659053856 120.57019913196564 516096
1783659054566 125.81979409605265 518144
1783659055308 134.85025426000357 520192
1783659056097 148.3281897455454 522240
1783659056908 111.48329631239176 524288
1783659057640 128.1520413160324 526336
1783659058509 67.4822322204709 528384
1783659059400 116.23993150144815 530432
1783659060247 122.78923953324556 532480
1783659061037 114.53523296490312 534528
1783659061882 114.06097527220845 536576
1783659062611 84.9635234773159 538624
1783659063446 99.15587340667844 540672
1783659064303 145.15536653250456 542720
1783659065069 91.095240034163 544768
1783659065843 123.38964255526662 546816
1783659066566 115.91331515461206 548864
1783659067335 99.65747086703777 550912
1783659068171 109.45570228248835 552960
1783659068917 124.0733153745532 555008
1783659069636 131.58597142249346 557056
1783659070483 157.27235600352287 559104
1783659071298 120.94213590025902 561152
1783659072092 122.39592343568802 563200
1783659072888 109.31845643371344 565248
1783659073675 111.86484493687749 567296
1783659074497 101.82383013516665 569344
1783659075287 122.13688986003399 571392
1783659076118 123.88411887735128 573440
1783659076900 124.58870481699705 575488
1783659077774 125.45726695284247 577536
1783659078639 146.6970692574978 579584
1783659079450 115.41998720914125 581632
1783659080274 86.36688490957022 583680
1783659081122 127.28841484710574 585728
1783659081864 120.3688235655427 587776
1783659082680 107.2873215675354 589824
1783659083487 89.56443153321743 591872
1783659084221 114.35907734930515 593920
1783659084976 89.09115491062403 595968
1783659085817 114.5599786490202 598016
1783659086566 104.24726159870625 600064
1783659087372 155.85560150071979 602112
1783659088195 128.21389432251453 604160
1783659088966 124.38148184120655 606208
1783659089774 117.39528189599514 608256
1783659090597 111.66430450975895 610304
1783659091443 119.2647798396647 612352
1783659092299 127.20010994374752 614400
1783659093192 124.10913994163275 616448
1783659094029 124.6381199657917 618496
1783659094833 119.02729261666536 620544
1783659095693 148.08492775261402 622592
1783659096550 110.49910619854927 624640
1783659097389 113.23623931407928 626688
1783659098155 113.63131729140878 628736
1783659098985 123.33543191850185 630784
1783659099826 122.25665673613548 632832
1783659100617 119.55620388314128 634880
1783659101487 121.2987812757492 636928
1783659102328 118.37357152998447 638976
1783659103150 116.41862784326077 641024
1783659103935 119.68877647072077 643072
1783659104748 137.97587233036757 645120
1783659105564 119.24783852696419 647168
1783659106337 116.38090098649263 649216
1783659107173 107.9452761337161 651264
1783659107982 114.25265017151833 653312
1783659108743 121.81415279954672 655360
1783659109543 124.05863212794065 657408
1783659110352 121.97745651006699 659456
1783659111196 117.04405077919364 661504
1783659112148 118.18862254917622 663552
1783659112994 138.4558650329709 665600
1783659113841 116.89254900813103 667648
1783659114570 117.00340392440557 669696
1783659115358 120.35026218742132 671744
1783659116216 116.32083525508642 673792
1783659117099 113.35291084647179 675840
1783659117836 101.59120626747608 677888
1783659118622 110.37702870741487 679936
1783659119451 100.39155661314726 681984
1783659120321 113.26586205512285 684032
1783659121144 99.96567960083485 686080
1783659121972 122.93334076553583 688128
1783659122753 103.19966623932123 690176
1783659123594 112.33726290240884 692224
1783659124442 119.80597683042288 694272
1783659125272 125.9192624092102 696320
1783659126107 121.3946218341589 698368
1783659126965 119.78045148402452 700416
1783659127824 122.69404298812151 702464
1783659128659 116.22860763967037 704512
1783659129457 116.10404316335917 706560
1783659130313 142.1595939397812 708608
1783659131025 115.2169890627265 710656
1783659131891 110.97931776195765 712704
1783659132721 103.50161049887538 714752
1783659133537 112.5340777374804 716800
1783659134385 115.43231278657913 718848
1783659135190 121.96303299814463 720896
1783659135970 110.63867425918579 722944
1783659136813 106.29066868126392 724992
1783659137674 108.75210604071617 727040
1783659138557 145.30123014003038 729088
1783659139410 129.65346520021558 731136
1783659140242 122.38827066868544 733184
1783659141080 123.86209805309772 735232
1783659141963 123.49409877508879 737280
1783659142808 119.62974886968732 739328
1783659143583 120.3229057751596 741376
1783659144417 119.61111082881689 743424
1783659145185 118.01312870532274 745472
1783659146012 117.05716246366501 747520
1783659146800 104.88998480886221 749568
1783659147681 119.75902698934078 751616
1783659148488 87.06788385286927 753664
1783659149334 65.21932773292065 755712
1783659150156 53.43950555846095 757760
1783659151021 63.51789390668273 759808
1783659151884 77.57585042342544 761856
1783659152730 83.85240612924099 763904
1783659153517 115.12161885201931 765952
1783659154329 88.78717290610075 768000
1783659155164 118.35182707756758 770048
1783659156022 150.24955790489912 772096
1783659156834 108.6201262138784 774144
1783659157672 103.03270070999861 776192
1783659158521 107.9618975892663 778240
1783659159355 119.90923389047384 780288
1783659160233 105.26966420561075 782336
1783659161056 124.52862583845854 784384
1783659161864 127.17134879529476 786432
1783659162697 127.0902243591845 788480
1783659163522 114.98067620396614 790528
1783659164307 117.97054381668568 792576
1783659165143 145.65161591023207 794624
1783659165860 113.16794514656067 796672
1783659166764 121.04950530827045 798720
1783659167585 98.12054361402988 800768
1783659168437 119.79846630990505 802816
1783659169237 120.01140800490975 804864
1783659170003 115.47449908405542 806912
1783659170798 121.56847433000803 808960
1783659171625 127.6828370988369 811008
1783659172503 122.48124284297228 813056
1783659173230 147.03399705141783 815104
1783659174023 122.24802077189088 817152
1783659174891 117.68869369104505 819200
1783659175781 112.88110102340579 821248
1783659176635 106.82368551939726 823296
1783659177430 123.48623498901725 825344
1783659178255 110.75935082882643 827392
1783659179082 101.64002662524581 829440
1783659179915 113.86507195234299 831488
1783659180714 116.6019856184721 833536
1783659181578 143.68193005025387 835584
1783659182411 130.44390352070332 837632
1783659183159 125.12479063868523 839680
1783659183978 125.77406135946512 841728
1783659184843 119.48536861687899 843776
1783659185666 122.71031059324741 845824
1783659186425 119.99592462927103 847872
1783659187247 120.71961471065879 849920
1783659188158 116.23373349010944 851968
1783659188979 112.80918912217021 854016
1783659189842 114.41289448738098 856064
1783659190718 136.17056816071272 858112
1783659191480 113.34934648126364 860160
1783659192322 111.29846230521798 862208
1783659193153 108.91888816282153 864256
1783659193980 114.8223907649517 866304
1783659194847 101.32634551823139 868352
1783659195560 109.01720021665096 870400
1783659196305 124.76870100945234 872448
1783659197101 123.24485587328672 874496
1783659197929 124.62098355591297 876544
1783659198745 145.4190434589982 878592
1783659199472 118.45087458565831 880640
1783659200190 115.01094502955675 882688
1783659200852 117.90256051719189 884736
1783659201602 118.88745319098234 886784
1783659202335 118.77164490520954 888832
1783659203151 117.00981239974499 890880
1783659203862 111.88662840425968 892928
1783659204516 119.15763377398252 894976
1783659205173 119.76382466033101 897024
1783659205924 118.098309725523 899072
1783659206708 141.44849048554897 901120
1783659207427 120.98036421090364 903168
1783659208306 119.08909226953983 905216
1783659209092 119.18566689267755 907264
1783659209846 117.81325429677963 909312
1783659210708 119.94715193659067 911360
1783659211485 119.53846301138401 913408
1783659212261 113.58209770172834 915456
1783659213031 119.70294687151909 917504
1783659213784 119.0974116846919 919552
1783659214531 141.52909719944 921600
1783659215386 110.88727255910635 923648
1783659216112 104.4803820475936 925696
1783659216886 98.99561044573784 927744
1783659217643 98.41873669624329 929792
1783659218447 90.72191325575113 931840
1783659219275 97.48393247649074 933888
1783659220100 109.01604580134153 935936
1783659220842 113.05381022393703 937984
1783659221673 104.20309492945671 940032
1783659222479 118.67164798825979 942080
1783659223225 122.83092346042395 944128
1783659224008 109.71110942959785 946176
1783659224790 113.32848545908928 948224
1783659225575 118.5295615568757 950272
1783659226264 123.65208746120334 952320
1783659227072 119.10501997172832 954368
1783659227919 112.2055929005146 956416
1783659228737 115.70706353336573 958464
1783659229493 106.03939190506935 960512
1783659230237 113.55642728880048 962560
1783659231013 142.5796775072813 964608
1783659231810 116.74127086251974 966656
1783659232520 118.2904276587069 968704
1783659233323 120.4835878573358 970752
1783659234068 126.96071947365999 972800
1783659234866 125.08689694479108 974848
1783659235679 123.89145124703646 976896
1783659236415 120.37258183211088 978944
1783659237230 119.31174372881651 980992
1783659238051 120.43782280758023 983040
1783659238894 146.34074184298515 985088
1783659239694 116.67452873662114 987136
1783659240424 114.72177668660879 989184
1783659241236 119.7179157063365 991232
1783659242062 117.96582320332527 993280
1783659242822 116.91236204653978 995328
1783659243619 117.45072340965271 997376
1783659244338 113.24771091714501 999424
1783659244515 95.96462750434875 1000000
