1783687965695 22.0 2048
1783687966608 43.0 4096
1783687967554 66.0 6144
1783687968500 86.0 8192
1783687969424 107.0 10240
1783687970270 126.0 12288
1783687971225 144.0 14336
1783687972108 156.0 16384
1783687972920 170.0 18432
1783687973851 187.0 20480
1783687975866 202.0 22528
1783687980597 216.0 24576
1783687984280 230.0 26624
1783687985222 243.0 28672
1783687986205 256.0 30720
1783687987164 265.0 32768
1783687988166 275.0 34816
1783687989063 282.0 36864
1783687990026 289.0 38912
1783687990963 301.0 40960
1783687991824 307.0 43008
1783687992752 323.0 45056
1783687993827 336.0 47104
1783687994771 343.0 49152
1783687995677 352.0 51200
1783687996711 363.0 53248
1783687997651 372.0 55296
1783687998567 376.0 57344
1783687999477 382.0 59392
1783688000329 389.0 61440
1783688001219 397.0 63488
1783688002126 402.0 65536
