1783687965695 -190.3197649125647 2048
1783687966608 -145.0091437378399 4096
1783687967554 -161.68638008402726 6144
1783687968500 -151.0268105795979 8192
1783687969424 -104.19877553288116 10240
1783687970270 -158.82916091776136 12288
1783687971225 -141.86640960050119 14336
1783687972108 -144.21140671275538 16384
1783687972920 -111.48722758558638 18432
1783687973851 -144.55570061863426 20480
1783687975866 -102.97712245122727 22528
1783687980597 -98.07209153820432 24576
1783687984280 -109.27865613362621 26624
1783687985222 -90.53524516445867 28672
1783687986205 -84.44721900661996 30720
1783687987164 -80.77156629246129 32768
1783687988166 -86.63279099523086 34816
1783687989063 -133.11672168947172 36864
1783687990026 -114.87211444366025 38912
1783687990963 -132.38997852310746 40960
1783687991824 -105.70288214008356 43008
1783687992752 -57.665185344738845 45056
1783687993827 -52.094082974240834 47104
1783687994771 -39.40229618678999 49152
1783687995677 -49.722411477003945 51200
1783687996711 -64.12628104101428 53248
1783687997651 -47.40125748657723 55296
1783687998567 -51.291248464930916 57344
1783687999477 -53.09722375429783 59392
1783688000329 -47.44116647321556 61440
1783688001219 -30.758977121604083 63488
1783688002126 -29.07279091848895 65536
