1783656133038 9.5 2048
1783656134658 9.05 4096
1783656136047 9.45 6144
1783656137456 9.5 8192
1783656138774 9.2 10240
1783656140225 9.6 12288
1783656141671 9.45 14336
1783656143047 9.4 16384
1783656144508 9.3 18432
1783656146029 9.4 20480
1783656147373 9.35 22528
1783656148662 9.55 24576
1783656150202 9.55 26624
1783656151788 9.35 28672
1783656153228 9.6 30720
1783656154769 8.95 32768
1783656156205 9.45 34816
1783656157620 9.25 36864
1783656159004 9.35 38912
1783656160408 9.3 40960
1783656162001 9.4 43008
1783656163401 9.4 45056
1783656164761 9.2 47104
1783656166133 9.15 49152
1783656167755 9.15 51200
1783656169176 9.25 53248
1783656170531 9.5 55296
1783656172019 9.15 57344
1783656173438 9.4 59392
1783656174800 9.15 61440
1783656176299 8.95 63488
1783656177879 9.55 65536
1783656179306 9.45 67584
1783656180686 9.35 69632
1783656182131 9.1 71680
1783656183617 9.45 73728
1783656185089 9.15 75776
1783656186564 9.25 77824
1783656188023 9.45 79872
1783656189536 9.05 81920
1783656191182 9.25 83968
1783656192681 9.35 86016
1783656194040 9.6 88064
1783656195543 9.35 90112
1783656197012 9.4 92160
1783656198433 9.55 94208
1783656199923 9.4 96256
1783656201541 9.45 98304
1783656202961 9.05 100352
1783656204461 9.05 102400
1783656205984 9.2 104448
1783656207517 9.35 106496
1783656208932 9.3 108544
1783656210410 9.25 110592
1783656211988 9.25 112640
1783656213378 9.05 114688
1783656214816 9.5 116736
1783656216394 9.3 118784
1783656218041 9.4 120832
1783656219601 9.45 122880
1783656221129 9.65 124928
1783656222712 9.7 126976
1783656224205 9.4 129024
1783656225785 9.55 131072
1783656227327 9.25 133120
1783656228804 9.25 135168
1783656230265 9.35 137216
1783656231751 9.3 139264
1783656233359 9.3 141312
1783656234781 9.2 143360
1783656236384 9.7 145408
1783656237955 9.45 147456
1783656239442 9.2 149504
1783656241015 9.25 151552
1783656242511 9.25 153600
1783656244032 9.2 155648
1783656245598 9.4 157696
1783656247169 9.25 159744
1783656248646 9.15 161792
1783656250168 9.05 163840
1783656251757 9.2 165888
1783656253313 9.55 167936
1783656254871 9.1 169984
1783656256421 9.45 172032
1783656257982 9.35 174080
1783656259572 9.4 176128
1783656261008 8.9 178176
1783656262530 9.15 180224
1783656264017 9.45 182272
1783656265564 9.25 184320
1783656267165 9.5 186368
1783656268722 9.55 188416
1783656270266 9.35 190464
1783656271792 9.3 192512
1783656273379 9.45 194560
1783656274841 9.3 196608
1783656276392 9.65 198656
1783656277950 9.25 200704
1783656279437 9.4 202752
1783656281074 9.45 204800
1783656282702 9.5 206848
1783656284239 9.25 208896
1783656285708 9.35 210944
1783656287163 9.5 212992
1783656288649 9.4 215040
1783656290153 9.45 217088
1783656291692 9.05 219136
1783656293166 9.3 221184
1783656294725 9.4 223232
1783656296295 9.65 225280
1783656297812 9.3 227328
1783656299279 9.1 229376
1783656300904 9.25 231424
1783656302495 9.35 233472
1783656304049 9.6 235520
1783656305610 9.6 237568
1783656306998 9.35 239616
1783656308496 9.4 241664
1783656310091 9.55 243712
1783656311737 9.15 245760
1783656313148 9.4 247808
1783656314762 9.4 249856
1783656316149 9.25 251904
1783656317678 9.75 253952
1783656319257 9.25 256000
1783656320620 9.45 258048
1783656322102 9.5 260096
1783656323608 9.4 262144
1783656325114 9.25 264192
1783656326446 9.55 266240
1783656328036 9.55 268288
1783656329441 9.75 270336
1783656330965 9.35 272384
1783656332502 9.2 274432
1783656334035 9.7 276480
1783656335609 9.45 278528
1783656337003 9.3 280576
1783656338532 9.35 282624
1783656340040 9.55 284672
1783656341615 9.55 286720
1783656343155 9.2 288768
1783656344637 9.3 290816
1783656346184 9.5 292864
1783656347652 9.3 294912
1783656348978 9.15 296960
1783656350432 9.4 299008
1783656351950 9.45 301056
1783656353327 9.4 303104
1783656354876 9.55 305152
1783656356281 9.35 307200
1783656357799 9.1 309248
1783656359380 9.35 311296
1783656360758 9.4 313344
1783656362289 9.35 315392
1783656363697 9.25 317440
1783656365240 9.35 319488
1783656366804 9.2 321536
1783656368338 9.5 323584
1783656369710 9.35 325632
1783656371287 9.4 327680
1783656372809 9.55 329728
1783656374329 9.4 331776
1783656375674 9.25 333824
1783656377250 9.45 335872
1783656378835 9.25 337920
1783656380221 9.35 339968
1783656381756 9.5 342016
1783656383358 9.55 344064
1783656384889 9.0 346112
1783656386252 9.6 348160
1783656387798 9.15 350208
1783656389377 9.05 352256
1783656390991 9.65 354304
1783656392475 9.85 356352
1783656394009 9.6 358400
1783656395390 9.4 360448
1783656396885 9.45 362496
1783656398348 9.2 364544
1783656399947 9.55 366592
1783656401457 9.15 368640
1783656402926 9.65 370688
1783656404392 9.4 372736
1783656405897 9.6 374784
1783656407326 9.4 376832
1783656408929 9.35 378880
1783656410447 9.45 380928
1783656411983 9.4 382976
1783656413564 9.1 385024
1783656415000 9.25 387072
1783656416495 9.2 389120
1783656418073 9.15 391168
1783656419569 9.2 393216
1783656421051 9.15 395264
1783656422523 9.15 397312
1783656424056 9.3 399360
1783656425553 9.4 401408
1783656427061 9.25 403456
1783656428550 9.5 405504
1783656430032 9.35 407552
1783656431570 9.0 409600
1783656433005 9.65 411648
1783656434481 9.15 413696
1783656436048 9.1 415744
1783656437501 9.3 417792
1783656439104 9.35 419840
1783656440470 9.2 421888
1783656441996 9.15 423936
1783656443522 9.4 425984
1783656445076 9.5 428032
1783656446411 9.15 430080
1783656447998 9.2 432128
1783656449357 9.3 434176
1783656450940 9.4 436224
1783656452475 9.15 438272
1783656453887 9.45 440320
1783656455258 9.4 442368
1783656456613 9.55 444416
1783656458077 9.3 446464
1783656459587 9.65 448512
1783656461079 9.1 450560
1783656462664 9.5 452608
1783656464219 9.4 454656
1783656465789 9.35 456704
1783656467299 9.45 458752
1783656468859 9.45 460800
1783656470213 9.25 462848
1783656471730 9.4 464896
1783656473123 9.45 466944
1783656474679 9.6 468992
1783656476175 9.45 471040
1783656477623 9.45 473088
1783656479117 9.3 475136
1783656480678 9.45 477184
1783656482201 9.35 479232
1783656483520 9.3 481280
1783656484987 9.2 483328
1783656486414 9.55 485376
1783656487923 9.6 487424
1783656489317 9.65 489472
1783656490836 9.3 491520
1783656492324 9.3 493568
1783656493831 9.45 495616
1783656495282 9.05 497664
1783656496788 9.15 499712
1783656498349 9.3 501760
1783656499795 9.3 503808
1783656501234 9.4 505856
1783656502665 9.25 507904
1783656504164 9.5 509952
1783656505638 9.65 512000
1783656507193 9.2 514048
1783656508679 9.45 516096
1783656510246 9.0 518144
1783656511719 9.45 520192
1783656513197 9.2 522240
1783656514746 9.35 524288
1783656516312 9.45 526336
1783656517815 9.5 528384
1783656519279 9.45 530432
1783656520802 9.4 532480
1783656522292 9.25 534528
1783656523808 9.25 536576
1783656525336 9.1 538624
1783656526828 9.15 540672
1783656528324 9.25 542720
1783656529858 9.6 544768
1783656531367 9.65 546816
1783656532851 9.25 548864
1783656534374 9.0 550912
1783656535931 9.6 552960
1783656537422 9.35 555008
1783656538899 9.7 557056
1783656540329 9.6 559104
1783656541878 9.35 561152
1783656543383 9.35 563200
1783656544920 9.3 565248
1783656546438 9.15 567296
1783656547869 9.3 569344
1783656549345 9.45 571392
1783656550840 9.0 573440
1783656552442 9.25 575488
1783656553933 9.3 577536
1783656555345 9.45 579584
1783656556859 9.65 581632
1783656558393 9.25 583680
1783656559768 9.6 585728
1783656561377 9.5 587776
1783656562762 9.55 589824
1783656564320 9.25 591872
1783656565809 9.35 593920
1783656567331 9.05 595968
1783656568828 9.65 598016
1783656570269 9.5 600064
1783656571867 9.65 602112
1783656573263 9.5 604160
1783656574618 9.35 606208
1783656576073 9.35 608256
1783656577416 9.25 610304
1783656579024 9.55 612352
1783656580416 9.15 614400
1783656581996 9.25 616448
1783656583409 9.15 618496
1783656584916 9.5 620544
1783656586491 9.3 622592
1783656587937 9.2 624640
1783656589461 9.35 626688
1783656590993 9.2 628736
1783656592525 9.5 630784
1783656593880 9.55 632832
1783656595473 9.3 634880
1783656596879 9.2 636928
1783656598356 9.25 638976
1783656599842 9.35 641024
1783656601406 9.2 643072
1783656603057 9.45 645120
1783656604575 9.0 647168
1783656606123 9.2 649216
1783656607576 9.15 651264
1783656609091 9.5 653312
1783656610497 9.65 655360
1783656612013 9.55 657408
1783656613386 9.2 659456
1783656614976 9.0 661504
1783656616308 9.3 663552
1783656617773 9.35 665600
1783656619207 9.25 667648
1783656620723 9.3 669696
1783656622233 9.45 671744
1783656623766 9.45 673792
1783656625309 9.35 675840
1783656626641 9.05 677888
1783656628022 9.35 679936
1783656629389 9.35 681984
1783656630780 9.4 684032
1783656632431 9.25 686080
1783656633766 9.65 688128
1783656635137 9.3 690176
1783656636570 9.25 692224
1783656638022 9.55 694272
1783656639550 9.15 696320
1783656641144 9.05 698368
1783656642532 9.4 700416
1783656643873 9.3 702464
1783656645229 9.4 704512
1783656646618 9.4 706560
1783656647991 9.5 708608
1783656649506 8.95 710656
1783656651037 9.25 712704
1783656652408 9.3 714752
1783656653937 9.5 716800
1783656655338 9.3 718848
1783656656857 9.35 720896
1783656658374 9.2 722944
1783656659892 9.4 724992
1783656661247 9.25 727040
1783656662705 9.55 729088
1783656664084 9.35 731136
1783656665665 9.55 733184
1783656667134 9.55 735232
1783656668520 9.6 737280
1783656670065 9.45 739328
1783656671617 9.35 741376
1783656673176 9.35 743424
1783656674595 9.35 745472
1783656676117 9.6 747520
1783656677553 9.2 749568
1783656679040 9.15 751616
1783656680611 9.55 753664
1783656682128 9.7 755712
1783656683592 9.35 757760
1783656685235 9.35 759808
1783656686671 9.25 761856
1783656688041 9.25 763904
1783656689565 9.0 765952
1783656691099 9.65 768000
1783656692614 9.15 770048
1783656694137 9.35 772096
1783656695650 9.35 774144
1783656697171 9.6 776192
1783656698702 9.55 778240
1783656700123 9.45 780288
1783656701606 9.4 782336
1783656703179 9.55 784384
1783656704679 9.55 786432
1783656706196 9.3 788480
1783656707616 9.35 790528
1783656709069 9.5 792576
1783656710530 9.35 794624
1783656712074 9.45 796672
1783656713625 9.45 798720
1783656715153 9.3 800768
1783656716628 9.6 802816
1783656718142 9.45 804864
1783656719549 9.2 806912
1783656721064 9.7 808960
1783656722643 9.3 811008
1783656724283 9.2 813056
1783656725762 9.45 815104
1783656727241 9.3 817152
1783656728727 9.25 819200
1783656730289 9.3 821248
1783656731795 9.2 823296
1783656733289 9.45 825344
1783656734711 9.35 827392
1783656736277 9.55 829440
1783656737846 9.3 831488
1783656739476 9.25 833536
1783656740904 9.45 835584
1783656742424 9.25 837632
1783656743851 9.35 839680
1783656745326 9.45 841728
1783656746905 9.35 843776
1783656748524 9.5 845824
1783656750021 9.5 847872
1783656751445 9.4 849920
1783656752997 9.3 851968
1783656754506 9.5 854016
1783656756080 9.55 856064
1783656757668 9.15 858112
1783656759175 9.45 860160
1783656760685 9.45 862208
1783656762192 9.0 864256
1783656763724 9.25 866304
1783656765236 9.6 868352
1783656766854 9.45 870400
1783656768410 9.35 872448
1783656769892 9.35 874496
1783656771370 9.55 876544
1783656772807 9.25 878592
1783656774301 9.25 880640
1783656775927 9.4 882688
1783656777447 9.2 884736
1783656778995 9.25 886784
1783656780500 9.25 888832
1783656782074 9.25 890880
1783656783689 9.45 892928
1783656785076 9.55 894976
1783656786466 9.35 897024
1783656787947 9.3 899072
1783656789488 9.5 901120
1783656790999 9.35 903168
1783656792492 9.4 905216
1783656794068 9.2 907264
1783656795448 9.45 909312
1783656797008 9.3 911360
1783656798562 9.2 913408
1783656800062 9.45 915456
1783656801609 9.5 917504
1783656803209 9.3 919552
1783656804678 9.3 921600
1783656806215 9.2 923648
1783656807688 9.25 925696
1783656809126 9.35 927744
1783656810535 9.5 929792
1783656812059 9.2 931840
1783656813622 9.45 933888
1783656815170 9.5 935936
1783656816654 9.3 937984
1783656818257 9.55 940032
1783656819648 9.15 942080
1783656821134 9.4 944128
1783656822617 9.25 946176
1783656823989 9.15 948224
1783656825465 9.35 950272
1783656826987 9.4 952320
1783656828547 9.25 954368
1783656829943 9.25 956416
1783656831251 9.3 958464
1783656832790 9.7 960512
1783656834353 9.15 962560
1783656835882 9.35 964608
1783656837336 9.25 966656
1783656838853 9.25 968704
1783656840273 9.25 970752
1783656841785 9.6 972800
1783656843253 9.5 974848
1783656844815 9.4 976896
1783656846293 9.75 978944
1783656847888 9.45 980992
1783656849405 9.45 983040
1783656850862 9.35 985088
1783656852365 9.1 987136
1783656853923 9.25 989184
1783656855382 9.05 991232
1783656856897 9.45 993280
1783656858365 9.35 995328
1783656859888 9.35 997376
1783656861351 9.2 999424
1783656862864 9.2 1001472
