1783628901802 1.3852748610079288 2048
1783628902773 1.3822273323312402 4096
1783628903716 1.3737327232956886 6144
1783628904644 1.3588957358151674 8192
1783628905580 1.359156739898026 10240
1783628906552 1.3385672233998775 12288
1783628907460 1.329953252337873 14336
1783628908415 1.3207146702334285 16384
1783628909354 1.307555502280593 18432
1783628910309 1.2906940169632435 20480
1783628911220 1.2899274323135614 22528
1783628912094 1.2732084868475795 24576
1783628912958 1.225108303129673 26624
1783628913920 1.184940797276795 28672
1783628914836 1.1988088358193636 30720
1783628915808 1.1914376989006996 32768
1783628916705 1.1744977096095681 34816
1783628917619 1.1395097095519304 36864
1783628918549 1.2511944258585572 38912
1783628919528 1.13319724611938 40960
1783628920550 1.0939651764929295 43008
1783628921436 1.1493789702653885 45056
1783628922388 1.185617195442319 47104
1783628923334 1.1175505639985204 49152
1783628924302 1.0855460669845343 51200
1783628925210 1.038408215623349 53248
1783628926104 1.0699351239018142 55296
1783628927116 0.969775294419378 57344
1783628928036 0.9778028950095177 59392
1783628928963 0.9599389298819005 61440
1783628929919 0.9139947490766644 63488
1783628930885 0.9894573562778533 65536
1783628931831 1.02916088886559 67584
1783628932780 0.9224886880256236 69632
1783628933804 1.0096035962924361 71680
1783628934760 1.007312583271414 73728
1783628935670 0.9632965461350977 75776
1783628936584 0.9313717097975314 77824
1783628937491 1.0259853932075202 79872
1783628938467 0.9581683529540896 81920
1783628939453 0.9223147230222821 83968
1783628940347 0.9774216804653406 86016
1783628941209 0.9801842411980033 88064
1783628942183 0.8886959869414568 90112
1783628943041 0.9294200395233929 92160
1783628943964 0.9349838336929679 94208
1783628944873 0.8762983004562557 96256
1783628945697 0.8891628733836114 98304
1783628946515 0.8388748625293374 100352
1783628947421 1.0355033040978014 102400
1783628948278 0.8126316578127444 104448
1783628949181 0.8115221816115081 106496
1783628950009 0.9204071490094066 108544
1783628950882 0.839616066776216 110592
1783628951798 0.7975862203165889 112640
1783628952750 0.8280692580156028 114688
1783628953657 0.8753182580694556 116736
1783628954600 0.852291330229491 118784
1783628955527 0.8420912069268525 120832
1783628956386 0.7798369228839874 122880
1783628957319 0.8037836737930775 124928
1783628958180 0.8983997069299221 126976
1783628959170 0.8360747490078211 129024
1783628960098 0.8552465909160674 131072
1783628961053 0.8082421221770346 133120
1783628961929 0.9209813717752695 135168
1783628962827 0.863559627905488 137216
1783628963725 0.7871011239476502 139264
1783628964587 0.7653595427982509 141312
1783628965511 0.8253138377331197 143360
1783628966410 0.9264809200540185 145408
1783628967370 0.7974823685362935 147456
1783628968309 0.8401816673576832 149504
1783628969202 0.7731516007333994 151552
1783628970054 0.7884743702597916 153600
1783628971006 0.7179113728925586 155648
1783628971819 0.7988888542167842 157696
1783628972761 0.7611089032143354 159744
1783628973557 0.8975645145401359 161792
1783628974449 0.85496472613886 163840
1783628975394 0.7978138034231961 165888
1783628976334 0.7324879472143948 167936
1783628977255 0.8857663944363594 169984
1783628978150 0.6469021067023277 172032
1783628979039 0.8125296751968563 174080
1783628979976 0.8347989362664521 176128
1783628980954 0.7285418291576207 178176
1783628981815 0.8124253335408866 180224
1783628982773 0.8000387344509363 182272
1783628983672 0.8397571607492864 184320
1783628984645 0.8156798933632672 186368
1783628985582 0.8296508826315403 188416
1783628986575 0.8410137398168445 190464
1783628987452 0.8055031266994774 192512
1783628988354 0.7521140403114259 194560
1783628989244 0.8081081928685308 196608
1783628990183 0.8041961467824876 198656
1783628991123 0.7747720461338758 200704
1783628992140 0.8712307838723063 202752
1783628992985 0.7489628586918116 204800
1783628993879 0.8254990270361304 206848
1783628994812 0.7599812471307814 208896
1783628995740 0.8435289380140603 210944
1783628996604 0.8185425363481045 212992
1783628997476 0.7272403747774661 215040
1783628998348 0.7760975924320519 217088
1783628999260 0.7714544325135648 219136
1783629000247 0.7599859060719609 221184
1783629001199 0.7717480417340994 223232
1783629002105 0.7743224520236254 225280
1783629002993 0.751608572434634 227328
1783629003952 0.787833915092051 229376
1783629004850 0.7203156598843634 231424
1783629005770 0.7141868942417204 233472
1783629006666 0.7057177457027137 235520
1783629007515 0.6920160548761487 237568
1783629008535 0.6721631246618927 239616
1783629009338 0.7743106344714761 241664
1783629010239 0.6546264570206404 243712
1783629011207 0.7047645878046751 245760
1783629012137 0.7188219833187759 247808
1783629013053 0.7482964647933841 249856
1783629013993 0.7506543602794409 251904
1783629014885 0.6473859408870339 253952
1783629015792 0.7902323305606842 256000
1783629016736 0.7683170256204903 258048
1783629017699 0.8208218892104924 260096
1783629018557 0.7682926203124225 262144
1783629019402 0.834944736212492 264192
1783629020372 0.7439171280711889 266240
1783629021387 0.6837194785475731 268288
1783629022301 0.7302585304714739 270336
1783629023203 0.8472645375877619 272384
1783629024095 0.7674391507171094 274432
1783629025079 0.7826750399544835 276480
1783629026049 0.6743433251976967 278528
1783629026929 0.7059654956683517 280576
1783629027862 0.7914152080193162 282624
1783629028793 0.7778932834044099 284672
1783629029811 0.7172262072563171 286720
1783629030714 0.7680128891952336 288768
1783629031693 0.7377134980633855 290816
1783629032692 0.7870263843797147 292864
1783629033581 0.8131184172816575 294912
1783629034540 0.7445145901292562 296960
1783629035464 0.7091843197122216 299008
1783629036451 0.770711415912956 301056
1783629037347 0.8322059297934175 303104
1783629038204 0.7581173982471228 305152
1783629039149 0.7918863235972822 307200
1783629040048 0.8009089650586247 309248
1783629041013 0.8312776307575405 311296
1783629041867 0.7686314964666963 313344
1783629042760 0.8230601819232106 315392
1783629043687 0.7636760477907956 317440
1783629044628 0.7152360193431377 319488
1783629045553 0.6725216922350228 321536
1783629046469 0.7493301630020142 323584
1783629047394 0.7578982799313962 325632
1783629048276 0.7304533226415515 327680
1783629049280 0.8024534010328352 329728
1783629050232 0.690310696605593 331776
1783629051127 0.7569557465612888 333824
1783629051980 0.740168568212539 335872
1783629052884 0.6770030930638313 337920
1783629053820 0.7027206220664084 339968
1783629054750 0.74319639056921 342016
1783629055670 0.7245322628878057 344064
1783629056587 0.7496024584397674 346112
1783629057543 0.667348075658083 348160
1783629058454 0.6876959167420864 350208
1783629059419 0.7361803562380373 352256
1783629060389 0.7088207700289786 354304
1783629061323 0.7347183851525187 356352
1783629062260 0.5969344065524638 358400
1783629063288 0.6929884254932404 360448
1783629064137 0.7771465959958732 362496
1783629065101 0.7072955211624503 364544
1783629065968 0.6877551362849772 366592
1783629066870 0.7906056130304933 368640
1783629067739 0.6508456342853606 370688
1783629068687 0.716339685022831 372736
1783629069609 0.6972403898835182 374784
1783629070570 0.6901138913817704 376832
1783629071497 0.5843788289930671 378880
1783629072405 0.6793321156874299 380928
1783629073217 0.6694136462174356 382976
1783629074185 0.7611648789606988 385024
1783629075028 0.7836134331300855 387072
1783629076009 0.6419226112775505 389120
1783629076861 0.7977918866090477 391168
1783629077752 0.7791700894013047 393216
1783629078674 0.721566122956574 395264
1783629079644 0.7128238212317228 397312
1783629080562 0.6404001419432461 399360
1783629081419 0.6352385701611638 401408
1783629082274 0.7164323092438281 403456
1783629083115 0.6991081568412483 405504
1783629084048 0.7171408850699663 407552
1783629085005 0.7212795959785581 409600
1783629085997 0.7258503227494657 411648
1783629086886 0.6507864063605666 413696
1783629087726 0.6976047023199499 415744
1783629088521 0.7979611866176128 417792
1783629089393 0.7381813055835664 419840
1783629090378 0.7451499672606587 421888
1783629091250 0.7504420205950737 423936
1783629092108 0.7117299907840788 425984
1783629092993 0.7629421520978212 428032
1783629093847 0.6328691788949072 430080
1783629094742 0.6442864858545363 432128
1783629095736 0.7471184185706079 434176
1783629096634 0.7015060051344335 436224
1783629097513 0.7323287762701511 438272
1783629098353 0.6910284552723169 440320
1783629099251 0.7229471788741648 442368
1783629100063 0.7403953080065548 444416
1783629100900 0.6909106955863535 446464
1783629101822 0.7480343542993069 448512
1783629102659 0.620493836235255 450560
1783629103524 0.6474970341660082 452608
1783629104385 0.7873403942212462 454656
1783629105342 0.7217388362623751 456704
1783629106256 0.7057696161791682 458752
1783629107151 0.7175271194428205 460800
1783629108079 0.7268440485931933 462848
1783629109000 0.7375451326370239 464896
1783629109886 0.7199938502162695 466944
1783629110780 0.7231127959676087 468992
1783629111671 0.6999549027532339 471040
1783629112629 0.7083392087370157 473088
1783629113510 0.8086336138658226 475136
1783629114415 0.7285261005163193 477184
1783629115286 0.6535001019947231 479232
1783629116223 0.6921450300142169 481280
1783629117104 0.6519025131128728 483328
1783629117882 0.7118227751925588 485376
1783629118721 0.7393895271234214 487424
1783629119596 0.6853066543117166 489472
1783629120436 0.6551246820017695 491520
1783629121211 0.7138250297866762 493568
1783629121976 0.7872634218074381 495616
1783629122806 0.7005505794659257 497664
1783629123583 0.7226470783352852 499712
