1783628901802 -211.44414692834553 2048
1783628902773 -145.23514034562027 4096
1783628903716 -134.0325501616752 6144
1783628904644 -119.50614780067488 8192
1783628905580 -138.49920520516997 10240
1783628906552 -116.87446017893053 12288
1783628907460 -142.33074274878658 14336
1783628908415 -119.6353184351163 16384
1783628909354 -107.12945910509526 18432
1783628910309 -98.57139303454267 20480
1783628911220 -74.18145735753066 22528
1783628912094 -61.44108521595284 24576
1783628912958 -66.19231447874265 26624
1783628913920 -77.39506365219292 28672
1783628914836 -50.7922645779401 30720
1783628915808 -50.73250999386492 32768
1783628916705 -37.18671153589973 34816
1783628917619 -13.316046128437094 36864
1783628918549 -23.519564726203992 38912
1783628919528 -12.241555020771447 40960
1783628920550 -4.462420612832331 43008
1783628921436 -12.043288399214253 45056
1783628922388 -5.049851955116388 47104
1783628923334 8.536115237064646 49152
1783628924302 17.035734825527022 51200
1783628925210 25.71691581308706 53248
1783628926104 9.395614239296314 55296
1783628927116 7.975620138847444 57344
1783628928036 12.766197927662915 59392
1783628928963 11.388261713512366 61440
1783628929919 11.442346942470417 63488
1783628930885 13.751486872271432 65536
1783628931831 8.300779844922257 67584
1783628932780 18.220882963570695 69632
1783628933804 6.807339688528498 71680
1783628934760 -6.467438405922212 73728
1783628935670 8.627491447270904 75776
1783628936584 6.652498005698194 77824
1783628937491 1.7161106142999372 79872
1783628938467 14.187120709563946 81920
1783628939453 23.116318105683785 83968
1783628940347 27.674826858061788 86016
1783628941209 36.22610683867639 88064
1783628942183 48.745460889888555 90112
1783628943041 37.42826374502035 92160
1783628943964 21.59528130159946 94208
1783628944873 23.56180937814988 96256
1783628945697 19.3812707093346 98304
1783628946515 22.05962054397229 100352
1783628947421 5.400332796442268 102400
1783628948278 16.672519066635004 104448
1783628949181 28.922063586134318 106496
1783628950009 26.21278681712821 108544
1783628950882 42.65110372161327 110592
1783628951798 46.260846021007225 112640
1783628952750 48.189238564196714 114688
1783628953657 72.68620918601349 116736
1783628954600 100.44375017848074 118784
1783628955527 82.08752755959964 120832
1783628956386 91.09430407662353 122880
1783628957319 99.82514701385276 124928
1783628958180 77.3563086996965 126976
1783628959170 64.61428368552447 129024
1783628960098 73.20139831125155 131072
1783628961053 68.77526386438566 133120
1783628961929 46.717227218332894 135168
1783628962827 48.80239249603815 137216
1783628963725 66.69032631264186 139264
1783628964587 86.10969595089125 141312
1783628965511 76.1191760454812 143360
1783628966410 93.50654408096825 145408
1783628967370 80.41983122843651 147456
1783628968309 69.19612934416787 149504
1783628969202 63.506828714994 151552
1783628970054 66.43335463893422 153600
1783628971006 72.6593249084104 155648
1783628971819 85.37399890314963 157696
1783628972761 90.32826236078782 159744
1783628973557 86.83491342570699 161792
1783628974449 75.34779843929748 163840
1783628975394 79.91888321758742 165888
1783628976334 56.7007233719826 167936
1783628977255 34.315763037770054 169984
1783628978150 39.15251167044508 172032
1783628979039 45.74973583002888 174080
1783628979976 50.249709917820375 176128
1783628980954 77.54057259852023 178176
1783628981815 95.16189925053037 180224
1783628982773 116.89426747176029 182272
1783628983672 93.03787804087679 184320
1783628984645 112.3505517306879 186368
1783628985582 117.30593914186527 188416
1783628986575 94.7388583875269 190464
1783628987452 76.22041710365751 192512
1783628988354 65.68108241764753 194560
1783628989244 70.49325112317145 196608
1783628990183 69.55240892971413 198656
1783628991123 78.36784106714074 200704
1783628992140 65.66591190097176 202752
1783628992985 88.20447985234469 204800
1783628993879 77.47050411450704 206848
1783628994812 76.12216869374683 208896
1783628995740 63.262983658699945 210944
1783628996604 45.52775700728516 212992
1783628997476 70.02944259717773 215040
1783628998348 60.024034917674655 217088
1783628999260 48.50693428282417 219136
1783629000247 61.085321016481075 221184
1783629001199 78.28332738181021 223232
1783629002105 85.70483544226633 225280
1783629002993 113.46174551655815 227328
1783629003952 125.69098191083144 229376
1783629004850 107.5028305167856 231424
1783629005770 98.26142763616221 233472
1783629006666 94.83516282980585 235520
1783629007515 119.28955666535391 237568
1783629008535 155.7138567824142 239616
1783629009338 155.5307155018919 241664
1783629010239 145.60383735095337 243712
1783629011207 127.02031660030687 245760
1783629012137 119.07341649143196 247808
1783629013053 100.29121293023921 249856
1783629013993 111.19117839220375 251904
1783629014885 116.40167933861167 253952
1783629015792 112.23559352802405 256000
1783629016736 113.87170193085167 258048
1783629017699 101.01200751816852 260096
1783629018557 98.04128689582437 262144
1783629019402 88.48923197304146 264192
1783629020372 93.51789823051051 266240
1783629021387 96.22949162474791 268288
1783629022301 88.24903317044928 270336
1783629023203 82.43949961068775 272384
1783629024095 74.38832014001528 274432
1783629025079 79.01920084999247 276480
1783629026049 92.56257856701859 278528
1783629026929 108.2345038913771 280576
1783629027862 114.76352936464659 282624
1783629028793 119.39571702922736 284672
1783629029811 124.46114988397639 286720
1783629030714 96.46273151769778 288768
1783629031693 92.97565786438656 290816
1783629032692 73.99791289117715 292864
1783629033581 76.11999963128108 294912
1783629034540 85.17659132054148 296960
1783629035464 79.47092135268234 299008
1783629036451 70.09788365363585 301056
1783629037347 73.50002199615804 303104
1783629038204 81.51565035833761 305152
1783629039149 68.43021532926858 307200
1783629040048 46.88863557595574 309248
1783629041013 50.33276108578083 311296
1783629041867 44.90105914543166 313344
1783629042760 41.056882089227535 315392
1783629043687 39.75237006429173 317440
1783629044628 61.69325839198839 319488
1783629045553 83.91001981203041 321536
1783629046469 78.27847769617958 323584
1783629047394 99.3787662390358 325632
1783629048276 97.09945616188404 327680
1783629049280 71.53184084720438 329728
1783629050232 81.01417407415775 331776
1783629051127 92.41420732999609 333824
1783629051980 95.46087305633606 335872
1783629052884 96.83925005626413 337920
1783629053820 117.46568274116119 339968
1783629054750 115.20558301934484 342016
1783629055670 122.08595371951985 344064
1783629056587 116.48080151059995 346112
1783629057543 104.05288619652165 348160
1783629058454 98.93606137588367 350208
1783629059419 97.96762696158312 352256
1783629060389 108.05545103975439 354304
1783629061323 108.69336146998498 356352
1783629062260 127.09585391328271 358400
1783629063288 109.21825913504787 360448
1783629064137 102.41166422597685 362496
1783629065101 87.64877416449278 364544
1783629065968 86.49659980435139 366592
1783629066870 105.52749538055278 368640
1783629067739 140.96948063593524 370688
1783629068687 135.98275130651442 372736
1783629069609 116.14771356439368 374784
1783629070570 135.7911897129008 376832
1783629071497 113.10128059085746 378880
1783629072405 90.08043412793988 380928
1783629073217 110.68142139565978 382976
1783629074185 128.43382431764942 385024
1783629075028 104.56271794411377 387072
1783629076009 112.57370895953537 389120
1783629076861 113.48637362976157 391168
1783629077752 88.66848251203125 393216
1783629078674 90.20868173906494 395264
1783629079644 104.94339958049086 397312
1783629080562 96.57814692303441 399360
1783629081419 111.96275254584279 401408
1783629082274 118.65843279329053 403456
1783629083115 121.89055182271377 405504
1783629084048 105.28706906414557 407552
1783629085005 108.51169863061084 409600
1783629085997 110.04268723413642 411648
1783629086886 102.12507644683362 413696
1783629087726 102.61012989195085 415744
1783629088521 84.77961954011641 417792
1783629089393 108.11560030438179 419840
1783629090378 90.56072803886252 421888
1783629091250 84.9659511079233 423936
1783629092108 124.41351987413722 425984
1783629092993 114.50764127882292 428032
1783629093847 127.25806592513462 430080
1783629094742 136.39760529178685 432128
1783629095736 131.70999853362247 434176
1783629096634 140.5112149165313 436224
1783629097513 124.52601794975688 438272
1783629098353 124.28344379686874 440320
1783629099251 134.30345564499262 442368
1783629100063 108.84658551903371 444416
1783629100900 145.15437460320476 446464
1783629101822 117.73613074048401 448512
1783629102659 127.58796905565225 450560
1783629103524 137.8385651275071 452608
1783629104385 117.32343720600575 454656
1783629105342 117.12444928512335 456704
1783629106256 101.99341841692214 458752
1783629107151 114.84182472084379 460800
1783629108079 110.48588654796875 462848
1783629109000 113.42963879983218 464896
1783629109886 103.76814312944006 466944
1783629110780 109.02391135186322 468992
1783629111671 124.05388466584927 471040
1783629112629 128.7112545871237 473088
1783629113510 111.38991097226707 475136
1783629114415 95.80375805986436 477184
1783629115286 113.2076817315739 479232
1783629116223 125.77945259880048 481280
1783629117104 131.1235249061506 483328
1783629117882 127.09454354670534 485376
1783629118721 126.61804620370756 487424
1783629119596 138.60762772660902 489472
1783629120436 140.62879696574922 491520
1783629121211 122.07225396836552 493568
1783629121976 96.97092319096046 495616
1783629122806 91.56622728264088 497664
1783629123583 101.63581120541568 499712
