1783628901802 -0.003249547371524386 2048
1783628902773 -0.0028768412994395476 4096
1783628903716 -0.01074220003647497 6144
1783628904644 -0.0059329876294214046 8192
1783628905580 -0.008220767258535489 10240
1783628906552 -0.009454834762436803 12288
1783628907460 -0.00791649204074929 14336
1783628908415 -0.00801010656505241 16384
1783628909354 -0.005674529043972143 18432
1783628910309 -0.0059107191118528135 20480
1783628911220 -0.003268843960540835 22528
1783628912094 -0.0035937995999120176 24576
1783628912958 -0.004337598262281972 26624
1783628913920 -0.003863342026306782 28672
1783628914836 -0.004936237499350682 30720
1783628915808 -0.005246441643976141 32768
1783628916705 -0.006290037992584985 34816
1783628917619 -0.002349447671804228 36864
1783628918549 -0.005904016270505963 38912
1783628919528 -0.006662464831606485 40960
1783628920550 -0.00650350945397804 43008
1783628921436 -0.004988862292520935 45056
1783628922388 -0.00473652395157842 47104
1783628923334 -0.007798335336701712 49152
1783628924302 -0.005079034828668227 51200
1783628925210 -0.012045676510751946 53248
1783628926104 -0.0014723757831234252 55296
1783628927116 -0.0030778700929658953 57344
1783628928036 -0.00844029806467006 59392
1783628928963 -0.0035953913065895904 61440
1783628929919 -0.001940393864060752 63488
1783628930885 -0.0011976625846727984 65536
1783628931831 -0.004313808181905188 67584
1783628932780 -0.007704654570261482 69632
1783628933804 -0.003371420538314851 71680
1783628934760 -0.006908902523719007 73728
1783628935670 -0.0037309083572836244 75776
1783628936584 -0.0017600841838429915 77824
1783628937491 -0.005850392848515185 79872
1783628938467 -0.0017991801887546899 81920
1783628939453 -0.002596474783786107 83968
1783628940347 -0.002476107587426668 86016
1783628941209 -0.0012054007129336242 88064
1783628942183 -0.002949201298179105 90112
1783628943041 -0.0038681797923345584 92160
1783628943964 -0.005956989845799399 94208
1783628944873 -0.0023287832245841855 96256
1783628945697 -0.00016835683891258668 98304
1783628946515 -0.0017415234660802525 100352
1783628947421 -0.0025606904328014934 102400
1783628948278 -0.0069222184174577706 104448
1783628949181 -0.00174819760468381 106496
1783628950009 -0.005976401702355361 108544
1783628950882 -0.0023428622425853973 110592
1783628951798 -0.00335749769146787 112640
1783628952750 -0.003018727627932094 114688
1783628953657 -0.0015675366066716379 116736
1783628954600 -0.0011047706684621517 118784
1783628955527 -0.0018123344889318105 120832
1783628956386 -0.002660218840901507 122880
1783628957319 -0.0014773435104871169 124928
1783628958180 -0.0010608858465275262 126976
1783628959170 -0.0015001963092799997 129024
1783628960098 -0.001113165993047005 131072
1783628961053 -0.0006828661962572369 133120
1783628961929 -0.0033689163446979364 135168
1783628962827 -0.0012274825858185068 137216
1783628963725 0.00010053384357888717 139264
1783628964587 -0.002531349557102658 141312
1783628965511 -0.0035118724772473797 143360
1783628966410 -0.0029345697021199157 145408
1783628967370 -0.0027707821482181316 147456
1783628968309 -0.001403014901370625 149504
1783628969202 -0.002159786363336025 151552
1783628970054 -0.002217494537035236 153600
1783628971006 -0.0021300250537024112 155648
1783628971819 0.000522111735335784 157696
1783628972761 -0.0020487370929913595 159744
1783628973557 -0.0032321075814252254 161792
1783628974449 -0.0022540665995620657 163840
1783628975394 -0.003743165111700364 165888
1783628976334 -0.0020058531899849186 167936
1783628977255 -0.004050853876833571 169984
1783628978150 -0.00180204886237334 172032
1783628979039 -0.0006730090917699272 174080
1783628979976 -0.0033452448369644117 176128
1783628980954 -0.0012315083749854239 178176
1783628981815 -0.004317033082770649 180224
1783628982773 -0.002855717728380114 182272
1783628983672 -0.0008343242770934012 184320
1783628984645 -4.022177017759532e-05 186368
1783628985582 -0.00334407831178396 188416
1783628986575 -0.0022790131206420483 190464
1783628987452 -0.0019668880177050596 192512
1783628988354 -0.0015462188730452908 194560
1783628989244 -0.0037131167900952278 196608
1783628990183 -0.0022513883668580092 198656
1783628991123 -0.0013555928053392563 200704
1783628992140 -0.0014543404322466813 202752
1783628992985 -0.0012591453451022971 204800
1783628993879 -0.004649798291211482 206848
1783628994812 -0.005383724730563699 208896
1783628995740 -0.003295254435215611 210944
1783628996604 -0.0005515202719834633 212992
1783628997476 -0.003682828576529573 215040
1783628998348 -0.0016933617544054869 217088
1783628999260 -0.0010245973790006246 219136
1783629000247 -0.00402375833800761 221184
1783629001199 -0.0025906985265464755 223232
1783629002105 -0.004322979631979251 225280
1783629002993 -0.0009594706998541369 227328
1783629003952 -0.00212628741064691 229376
1783629004850 -0.0030088394796621287 231424
1783629005770 -0.0011816218575404491 233472
1783629006666 -0.004157375207796576 235520
1783629007515 -0.002075689837511163 237568
1783629008535 -0.0023762697292113444 239616
1783629009338 -0.0028793271367248963 241664
1783629010239 -0.0028690031158475904 243712
1783629011207 -0.0026750204833660973 245760
1783629012137 -0.0012746018473990262 247808
1783629013053 -0.0011009419577021617 249856
1783629013993 -0.004170688123849686 251904
1783629014885 -6.573730934178457e-05 253952
1783629015792 -0.0033134249861177523 256000
1783629016736 -0.0037496661989280256 258048
1783629017699 -0.002060624563455349 260096
1783629018557 -0.0023989199107745662 262144
1783629019402 -0.0019969052827946143 264192
1783629020372 -0.002669613721081987 266240
1783629021387 -0.002436576018226333 268288
1783629022301 -0.0011393987897463376 270336
1783629023203 -0.00099481210236263 272384
1783629024095 -0.003652233128377702 274432
1783629025079 -0.00025779120551305823 276480
1783629026049 -0.0011906387589988299 278528
1783629026929 -0.00042853772538364865 280576
1783629027862 -0.0036908480533384136 282624
1783629028793 -0.0035800914556602947 284672
1783629029811 -0.0013657920444529736 286720
1783629030714 -0.000733907931135036 288768
1783629031693 0.0006704496036036289 290816
1783629032692 -0.001349227686660015 292864
1783629033581 -0.0005095836640975904 294912
1783629034540 -0.0034181521768914536 296960
1783629035464 -0.0011610409164859448 299008
1783629036451 -0.0013968127841508249 301056
1783629037347 -0.0003469177936494816 303104
1783629038204 -0.00040098280805977993 305152
1783629039149 -0.001730493777358788 307200
1783629040048 -0.0012846106255892664 309248
1783629041013 -0.0022235896431084257 311296
1783629041867 0.0004748218671011273 313344
1783629042760 -0.002493532878361293 315392
1783629043687 -0.0030288112357084174 317440
1783629044628 -0.0014386608345375862 319488
1783629045553 -0.0022645780445600394 321536
1783629046469 -0.0010186596045969054 323584
1783629047394 -0.00567524508551287 325632
1783629048276 -0.0009062706049007829 327680
1783629049280 -0.001150300002336735 329728
1783629050232 -0.0022681047648802632 331776
1783629051127 -0.0028215335369168315 333824
1783629051980 -0.0014117352657194715 335872
1783629052884 -0.0004706730687757954 337920
1783629053820 -0.0003285865604993887 339968
1783629054750 -0.0004579969772748882 342016
1783629055670 -0.0013761680602328852 344064
1783629056587 -0.0012215480528539047 346112
1783629057543 -0.0011382310494809644 348160
1783629058454 0.0003731592805706896 350208
1783629059419 -0.0019038773243664764 352256
1783629060389 -0.0006057828068151139 354304
1783629061323 -0.0010603211903799092 356352
1783629062260 -0.0016716996688046493 358400
1783629063288 -0.0008947712340159342 360448
1783629064137 -0.0013077581534162164 362496
1783629065101 -0.001423314071871573 364544
1783629065968 -0.005132400037837215 366592
1783629066870 -0.0008454993330815341 368640
1783629067739 -0.002231759917776799 370688
1783629068687 -0.0008898961386876181 372736
1783629069609 -0.0013004119173274375 374784
1783629070570 -0.000673331689540646 376832
1783629071497 -0.0013509117616194999 378880
1783629072405 0.00016013201457099058 380928
1783629073217 -0.002494155456588487 382976
1783629074185 -0.0030821867876511533 385024
1783629075028 -0.0014487365824606968 387072
1783629076009 -0.004586358969390858 389120
1783629076861 -0.008733058260986581 391168
1783629077752 -2.336137549718842e-05 393216
1783629078674 -0.0028230389707459835 395264
1783629079644 -0.001818384542275453 397312
1783629080562 -0.0051087765241391025 399360
1783629081419 -0.00043924183410126716 401408
1783629082274 -0.0001207806526508648 403456
1783629083115 -0.002132717210770352 405504
1783629084048 -0.0021606262689601863 407552
1783629085005 -0.0032255289333988912 409600
1783629085997 -0.0025476556929788785 411648
1783629086886 -0.0025761977303773165 413696
1783629087726 -0.0031742875871714205 415744
1783629088521 -0.003967364786149119 417792
1783629089393 -0.0018393040754745016 419840
1783629090378 -0.0007525043820351129 421888
1783629091250 -0.0003034883957298007 423936
1783629092108 -0.004190623874819721 425984
1783629092993 -0.0014288645870692562 428032
1783629093847 -0.0005680477188434452 430080
1783629094742 -0.0022613753862970043 432128
1783629095736 -0.002869776864827145 434176
1783629096634 0.00011939321120735258 436224
1783629097513 -0.0005165581624169135 438272
1783629098353 -0.0014200377627275884 440320
1783629099251 -0.0021201658182690153 442368
1783629100063 -3.009413558174856e-05 444416
1783629100900 -0.0015593967000313569 446464
1783629101822 -0.0021898612085351488 448512
1783629102659 0.0009695441694930196 450560
1783629103524 0.00012990057803108357 452608
1783629104385 -0.0010969024915539194 454656
1783629105342 -0.0036532912745315116 456704
1783629106256 -0.0024193207900680136 458752
1783629107151 -0.0001398994336341275 460800
1783629108079 -0.0020731639706355054 462848
1783629109000 -0.003999877437308896 464896
1783629109886 -0.00020655156185966916 466944
1783629110780 -0.0043845217096532 468992
1783629111671 -0.002027746670137276 471040
1783629112629 -0.0005744440240960103 473088
1783629113510 -1.1398678907426074e-05 475136
1783629114415 -0.0056147051882362575 477184
1783629115286 -0.002334158132725861 479232
1783629116223 -0.00021028303126513492 481280
1783629117104 -0.002877893523873354 483328
1783629117882 -0.00166009377426235 485376
1783629118721 -0.00112159310538118 487424
1783629119596 -0.0009086853206099477 489472
1783629120436 -0.0003400348396098707 491520
1783629121211 -0.0009914549791574245 493568
1783629121976 -0.001148010265751509 495616
1783629122806 -0.0009959996314137243 497664
1783629123583 -0.00317684891706449 499712
