1783628901802 1965.8598246595307 2048
1783628902773 2034.8725303737833 4096
1783628903716 2078.490578163536 6144
1783628904644 2108.9922977615356 8192
1783628905580 2124.328467702048 10240
1783628906552 2121.529824494965 12288
1783628907460 2139.7398530525224 14336
1783628908415 2140.3153306485337 16384
1783628909354 2144.6205200329637 18432
1783628910309 2144.6333230819578 20480
1783628911220 2153.7217562222327 22528
1783628912094 2168.3939679566233 24576
1783628912958 2182.6352403889923 26624
1783628913920 2178.6799325238158 28672
1783628914836 2182.370661668997 30720
1783628915808 2177.617691744746 32768
1783628916705 2183.46434688672 34816
1783628917619 2186.6009365630166 36864
1783628918549 2187.4634570865483 38912
1783628919528 2182.421266203204 40960
1783628920550 2173.182147807003 43008
1783628921436 2179.0985043507812 45056
1783628922388 2177.8921355238836 47104
1783628923334 2177.332288087589 49152
1783628924302 2174.8413250018098 51200
1783628925210 2177.870427015051 53248
1783628926104 2181.8175573652916 55296
1783628927116 2175.7259894501813 57344
1783628928036 2177.4630341389575 59392
1783628928963 2178.5182931286568 61440
1783628929919 2177.313278895317 63488
1783628930885 2175.4370797162333 65536
1783628931831 2175.170787243864 67584
1783628932780 2174.606151397537 69632
1783628933804 2169.2285841178127 71680
1783628934760 2168.4791948600678 73728
1783628935670 2170.586564758389 75776
1783628936584 2172.3952764065602 77824
1783628937491 2174.4817062065845 79872
1783628938467 2172.5260434016723 81920
1783628939453 2170.110918178031 83968
1783628940347 2172.828528772852 86016
1783628941209 2177.14076070468 88064
1783628942183 2175.393576784421 90112
1783628943041 2179.708531587947 92160
1783628943964 2180.5476836029584 94208
1783628944873 2182.013618899602 96256
1783628945697 2187.581864056987 98304
1783628946515 2193.2464627984327 100352
1783628947421 2194.5429440936978 102400
1783628948278 2198.061980812467 104448
1783628949181 2199.370444786767 106496
1783628950009 2203.9988890022087 108544
1783628950882 2206.4374607281848 110592
1783628951798 2206.989821735761 112640
1783628952750 2205.9814707151622 114688
1783628953657 2206.8713198795112 116736
1783628954600 2206.237238680043 118784
1783628955527 2206.3049533949848 120832
1783628956386 2209.0385722459246 122880
1783628957319 2208.7914519478227 124928
1783628958180 2211.365319684776 126976
1783628959170 2208.919619363479 129024
1783628960098 2208.8975932717085 131072
1783628961053 2207.8876235443336 133120
1783628961929 2209.75392776481 135168
1783628962827 2210.7663649977517 137216
1783628963725 2211.773964885159 139264
1783628964587 2213.994513886686 141312
1783628965511 2214.030567073219 143360
1783628966410 2214.8828529700945 145408
1783628967370 2213.731476386196 147456
1783628968309 2213.254757723932 149504
1783628969202 2214.3251857684963 151552
1783628970054 2216.6553688923505 153600
1783628971006 2215.7548298368856 155648
1783628971819 2219.231495932355 157696
1783628972761 2218.624871370219 159744
1783628973557 2222.5219606613728 161792
1783628974449 2223.4046916215157 163840
1783628975394 2222.675568834572 165888
1783628976334 2222.1278211171402 167936
1783628977255 2222.1479738658795 169984
1783628978150 2222.922978505706 172032
1783628979039 2223.835013753511 174080
1783628979976 2223.3975969034577 176128
1783628980954 2221.810625854775 178176
1783628981815 2223.4709443915895 180224
1783628982773 2222.463272230579 182272
1783628983672 2223.069882746822 184320
1783628984645 2221.6960980246076 186368
1783628985582 2221.32207797195 188416
1783628986575 2219.4672288918973 190464
1783628987452 2220.633909888038 192512
1783628988354 2221.1480342460222 194560
1783628989244 2221.96970257759 196608
1783628990183 2221.5275328324224 198656
1783628991123 2221.07640256791 200704
1783628992140 2218.7742948496953 202752
1783628992985 2220.6541810593644 204800
1783628993879 2221.324101010036 206848
1783628994812 2221.077139112529 208896
1783628995740 2220.9355386003604 210944
1783628996604 2222.2783136323455 212992
1783628997476 2223.4175281407993 215040
1783628998348 2224.53571527788 217088
1783628999260 2224.733958501092 219136
1783629000247 2223.238055652943 221184
1783629001199 2222.567161191131 223232
1783629002105 2222.908808069974 225280
1783629002993 2223.6333700401565 227328
1783629003952 2222.8128401134823 229376
1783629004850 2223.3140429860146 231424
1783629005770 2223.324513895793 233472
1783629006666 2223.8545452934395 235520
1783629007515 2225.3561943650157 237568
1783629008535 2223.304227205738 239616
1783629009338 2225.7095486516864 241664
1783629010239 2226.1073947751784 243712
1783629011207 2225.13191624911 245760
1783629012137 2224.937582097764 247808
1783629013053 2225.0450432352445 249856
1783629013993 2224.6558938461594 251904
1783629014885 2225.203482569826 253952
1783629015792 2225.4596596275765 256000
1783629016736 2225.014640748521 258048
1783629017699 2224.198305373602 260096
1783629018557 2225.3866320971333 262144
1783629019402 2226.8085095828883 264192
1783629020372 2225.8676944333706 266240
1783629021387 2224.112190742503 268288
1783629022301 2224.2336700531646 270336
1783629023203 2224.580850355275 272384
1783629024095 2225.0893469948255 274432
1783629025079 2223.9636876368404 276480
1783629026049 2223.0901470204244 278528
1783629026929 2223.810715941813 280576
1783629027862 2223.607684863332 282624
1783629028793 2223.4237462983815 284672
1783629029811 2221.7610763092193 286720
1783629030714 2222.074166648649 288768
1783629031693 2221.097647662178 290816
1783629032692 2219.814454749841 292864
1783629033581 2220.3680264117243 294912
1783629034540 2219.769603144838 296960
1783629035464 2219.744872906771 299008
1783629036451 2218.6907660116967 301056
1783629037347 2219.1259049674454 303104
1783629038204 2220.183866727241 305152
1783629039149 2219.8254355265203 307200
1783629040048 2220.2122242034065 309248
1783629041013 2219.532268267617 311296
1783629041867 2220.619069414046 313344
1783629042760 2221.0667679386534 315392
1783629043687 2220.998293897673 317440
1783629044628 2220.6969627263356 319488
1783629045553 2220.6552936771022 321536
1783629046469 2220.752779296408 323584
1783629047394 2220.714086819719 325632
1783629048276 2221.319578446255 327680
1783629049280 2220.0872046697395 329728
1783629050232 2219.651120345764 331776
1783629051127 2220.065319472079 333824
1783629051980 2221.0754622235822 335872
1783629052884 2221.350766927603 337920
1783629053820 2221.1406042647545 339968
1783629054750 2221.0255511479027 342016
1783629055670 2221.0606514885667 344064
1783629056587 2221.126010736044 346112
1783629057543 2220.650442119921 348160
1783629058454 2220.8131111899556 350208
1783629059419 2220.2040734593324 352256
1783629060389 2219.5522961573806 354304
1783629061323 2219.3854219007103 356352
1783629062260 2219.200724012497 358400
1783629063288 2217.7566800999975 360448
1783629064137 2218.775804005422 362496
1783629065101 2218.2180094177274 364544
1783629065968 2218.9660174140854 366592
1783629066870 2219.2582319606 368640
1783629067739 2219.966238665309 370688
1783629068687 2219.6335878128775 372736
1783629069609 2219.63977983483 374784
1783629070570 2219.1365334429256 376832
1783629071497 2219.0812365389284 378880
1783629072405 2219.280402638486 380928
1783629073217 2220.7050096829644 382976
1783629074185 2220.1167453537964 385024
1783629075028 2221.1346818652605 387072
1783629076009 2220.3794171227964 389120
1783629076861 2221.271504991593 391168
1783629077752 2221.6579241549807 393216
1783629078674 2221.6547933137012 395264
1783629079644 2221.0546789065 397312
1783629080562 2221.105725409723 399360
1783629081419 2221.912279274144 401408
1783629082274 2222.726289556677 403456
1783629083115 2223.70534917531 405504
1783629084048 2223.5561059270594 407552
1783629085005 2223.1268852628336 409600
1783629085997 2222.2777329924047 411648
1783629086886 2222.6715228255102 413696
1783629087726 2223.628154748248 415744
1783629088521 2225.122677548615 417792
1783629089393 2225.6982370233823 419840
1783629090378 2224.9325706250565 421888
1783629091250 2225.5075812113223 423936
1783629092108 2226.2256284345062 425984
1783629092993 2226.626973012204 428032
1783629093847 2227.3894795782094 430080
1783629094742 2227.6693752323267 432128
1783629095736 2226.8157908443563 434176
1783629096634 2227.0620105975495 436224
1783629097513 2227.5230639845163 438272
1783629098353 2228.417203327434 440320
1783629099251 2228.6495933195815 442368
1783629100063 2229.8461816626786 444416
1783629100900 2230.754933551183 446464
1783629101822 2230.7187839347334 448512
1783629102659 2231.6127241173303 450560
1783629103524 2232.1914212521524 452608
1783629104385 2232.813455507635 454656
1783629105342 2232.375229466647 456704
1783629106256 2232.4079702054432 458752
1783629107151 2232.6555010854445 460800
1783629108079 2232.5356626689677 462848
1783629109000 2232.501609562303 464896
1783629109886 2232.830814859485 466944
1783629110780 2233.0824471565033 468992
1783629111671 2233.354744507144 471040
1783629112629 2232.928739656797 473088
1783629113510 2233.3049986308174 475136
1783629114415 2233.434673489522 477184
1783629115286 2233.9062070212185 479232
1783629116223 2233.6962140191363 481280
1783629117104 2234.075978539871 483328
1783629117882 2235.501636547834 485376
1783629118721 2236.290609950726 487424
1783629119596 2236.7016113099894 489472
1783629120436 2237.4814664746227 491520
1783629121211 2238.895684813155 493568
1783629121976 2240.4168953392377 495616
1783629122806 2241.2679729503266 497664
1783629123583 2242.645075803695 499712
