1783628901802 339.55035984516144 2048
1783628902773 356.76617509126663 4096
1783628903716 191.77849584817886 6144
1783628904644 298.70362854003906 8192
1783628905580 150.97240486741066 10240
1783628906552 182.20050984621048 12288
1783628907460 195.4755175113678 14336
1783628908415 153.34092545509338 16384
1783628909354 229.5748215317726 18432
1783628910309 132.67252472043037 20480
1783628911220 141.83803832530975 22528
1783628912094 142.61858853697777 24576
1783628912958 133.96800643205643 26624
1783628913920 136.096498131752 28672
1783628914836 73.7046272456646 30720
1783628915808 118.61091351509094 32768
1783628916705 74.49239793419838 34816
1783628917619 92.54270786046982 36864
1783628918549 39.91073006391525 38912
1783628919528 98.36101469397545 40960
1783628920550 80.16534888744354 43008
1783628921436 57.64469760656357 45056
1783628922388 34.4561827853322 47104
1783628923334 54.6374119669199 49152
1783628924302 38.42404219508171 51200
1783628925210 13.629274979233742 53248
1783628926104 25.615636631846428 55296
1783628927116 21.973850335925817 57344
1783628928036 10.979902233928442 59392
1783628928963 16.745819106698036 61440
1783628929919 23.224764078855515 63488
1783628930885 11.567086281254888 65536
1783628931831 16.915259771049023 67584
1783628932780 20.196070156991482 69632
1783628933804 19.95224989950657 71680
1783628934760 27.124405957758427 73728
1783628935670 10.856505203992128 75776
1783628936584 9.142877815291286 77824
1783628937491 10.575999341905117 79872
1783628938467 9.416162896901369 81920
1783628939453 11.09502798691392 83968
1783628940347 19.71397115290165 86016
1783628941209 8.810152012854815 88064
1783628942183 6.446395371109247 90112
1783628943041 15.06961459852755 92160
1783628943964 14.668656285852194 94208
1783628944873 9.059902485460043 96256
1783628945697 14.614524974487722 98304
1783628946515 9.263041818514466 100352
1783628947421 15.611930288374424 102400
1783628948278 10.634904219768941 104448
1783628949181 13.438261638395488 106496
1783628950009 7.418758285231888 108544
1783628950882 5.452689408324659 110592
1783628951798 11.907194076105952 112640
1783628952750 16.22220785729587 114688
1783628953657 16.390067564323545 116736
1783628954600 27.89788145199418 118784
1783628955527 24.257995396852493 120832
1783628956386 15.78110065497458 122880
1783628957319 18.220044074580073 124928
1783628958180 27.87949351966381 126976
1783628959170 12.698216611519456 129024
1783628960098 23.030130557715893 131072
1783628961053 16.206401992589235 133120
1783628961929 18.21638236939907 135168
1783628962827 20.219075921922922 137216
1783628963725 13.162610400468111 139264
1783628964587 16.350835425779223 141312
1783628965511 18.766940308734775 143360
1783628966410 19.167335430160165 145408
1783628967370 18.500275189988315 147456
1783628968309 31.152645960450172 149504
1783628969202 13.018670265562832 151552
1783628970054 19.92130273580551 153600
1783628971006 20.1988706253469 155648
1783628971819 19.85462741367519 157696
1783628972761 4.823881323914975 159744
1783628973557 15.445643070153892 161792
1783628974449 14.564172493293881 163840
1783628975394 3.701102745719254 165888
1783628976334 17.59177095722407 167936
1783628977255 16.84506114013493 169984
1783628978150 22.330582451075315 172032
1783628979039 7.078582538291812 174080
1783628979976 14.09220332838595 176128
1783628980954 19.539799673482776 178176
1783628981815 12.556121787056327 180224
1783628982773 15.456664851866663 182272
1783628983672 17.66765990946442 184320
1783628984645 9.294064985588193 186368
1783628985582 13.828321605920792 188416
1783628986575 7.607812403701246 190464
1783628987452 10.717864852398634 192512
1783628988354 17.844151502475142 194560
1783628989244 10.36331096244976 196608
1783628990183 15.943782987073064 198656
1783628991123 8.93809209112078 200704
1783628992140 17.8820656016469 202752
1783628992985 7.941721866838634 204800
1783628993879 5.919327395036817 206848
1783628994812 4.66707798326388 208896
1783628995740 9.265285661444068 210944
1783628996604 11.013702605850995 212992
1783628997476 3.781614571576938 215040
1783628998348 2.5844828055705875 217088
1783628999260 14.046664590016007 219136
1783629000247 10.691768435761333 221184
1783629001199 18.022278167307377 223232
1783629002105 17.71992354374379 225280
1783629002993 26.55965178553015 227328
1783629003952 27.026192978024483 229376
1783629004850 37.34328131005168 231424
1783629005770 22.494554431177676 233472
1783629006666 20.986913076601923 235520
1783629007515 18.639185548759997 237568
1783629008535 14.466179050505161 239616
1783629009338 34.03596102446318 241664
1783629010239 17.02146010939032 243712
1783629011207 18.164918839931488 245760
1783629012137 10.271085309330374 247808
1783629013053 7.465736048296094 249856
1783629013993 18.645649516955018 251904
1783629014885 17.37155402963981 253952
1783629015792 19.011126667261124 256000
1783629016736 15.608448383398354 258048
1783629017699 28.42424774542451 260096
1783629018557 17.83450730331242 262144
1783629019402 19.393953474238515 264192
1783629020372 22.82116255350411 266240
1783629021387 3.481415950227529 268288
1783629022301 14.18379268143326 270336
1783629023203 37.51302750594914 272384
1783629024095 3.6802154667675495 274432
1783629025079 27.370203725993633 276480
1783629026049 19.338495121803135 278528
1783629026929 19.258353482931852 280576
1783629027862 22.30813681706786 282624
1783629028793 13.599952375981957 284672
1783629029811 4.537545777624473 286720
1783629030714 9.797224809415638 288768
1783629031693 2.550113984150812 290816
1783629032692 8.437932534143329 292864
1783629033581 11.158528494182974 294912
1783629034540 15.582084326073527 296960
1783629035464 5.680858307518065 299008
1783629036451 8.327071189880371 301056
1783629037347 10.363456138875335 303104
1783629038204 2.6282675915863365 305152
1783629039149 5.810061852447689 307200
1783629040048 10.198247862048447 309248
1783629041013 14.70979149825871 311296
1783629041867 5.4958684460725635 313344
1783629042760 8.805878160521388 315392
1783629043687 9.38498810864985 317440
1783629044628 7.231645317049697 319488
1783629045553 13.742566208355129 321536
1783629046469 26.75883541442454 323584
1783629047394 13.946302921976894 325632
1783629048276 15.941043474711478 327680
1783629049280 19.742499623447657 329728
1783629050232 9.601124746957794 331776
1783629051127 10.814015151001513 333824
1783629051980 7.5462285708636045 335872
1783629052884 2.332606415031478 337920
1783629053820 7.610892799333669 339968
1783629054750 17.234412332065403 342016
1783629055670 23.291708944365382 344064
1783629056587 15.489695960655808 346112
1783629057543 8.14203322539106 348160
1783629058454 3.388702906901017 350208
1783629059419 12.94196102861315 352256
1783629060389 19.65630092099309 354304
1783629061323 21.235140908509493 356352
1783629062260 31.225340470671654 358400
1783629063288 26.517557049170136 360448
1783629064137 22.130868392065167 362496
1783629065101 17.40004733670503 364544
1783629065968 4.307893875520676 366592
1783629066870 18.45558912726119 368640
1783629067739 23.422802112065256 370688
1783629068687 25.431834695860744 372736
1783629069609 7.174219103064388 374784
1783629070570 38.232908338308334 376832
1783629071497 32.93733489513397 378880
1783629072405 6.134833034593612 380928
1783629073217 9.42697400553152 382976
1783629074185 16.586736230179667 385024
1783629075028 28.0648298189044 387072
1783629076009 8.855937690706924 389120
1783629076861 8.254122909158468 391168
1783629077752 28.748098131269217 393216
1783629078674 18.54880326706916 395264
1783629079644 22.764578899368644 397312
1783629080562 10.77861421671696 399360
1783629081419 8.019174220855348 401408
1783629082274 18.800190872512758 403456
1783629083115 8.852054059272632 405504
1783629084048 17.71908808220178 407552
1783629085005 9.356466399040073 409600
1783629085997 5.210789888165891 411648
1783629086886 15.916362057439983 413696
1783629087726 4.250360870733857 415744
1783629088521 7.432658733800054 417792
1783629089393 19.39341080514714 419840
1783629090378 35.51470405422151 421888
1783629091250 6.639600159600377 423936
1783629092108 32.15978461597115 425984
1783629092993 28.665392000228167 428032
1783629093847 17.318291335599497 430080
1783629094742 4.584935111459345 432128
1783629095736 20.17481591179967 434176
1783629096634 41.709710435941815 436224
1783629097513 22.3332182392478 438272
1783629098353 37.62232930213213 440320
1783629099251 16.322896137367934 442368
1783629100063 27.61363193206489 444416
1783629100900 32.65133998915553 446464
1783629101822 14.13528303988278 448512
1783629102659 14.990757488412783 450560
1783629103524 28.97642427496612 452608
1783629104385 19.98963792808354 454656
1783629105342 12.720116352196783 456704
1783629106256 5.602313734591007 458752
1783629107151 19.998185482807457 460800
1783629108079 10.186869538156316 462848
1783629109000 5.62328055780381 464896
1783629109886 6.828209340106696 466944
1783629110780 12.400954329408705 468992
1783629111671 7.593511046376079 471040
1783629112629 9.81601162138395 473088
1783629113510 3.3250720233190805 475136
1783629114415 5.570186807308346 477184
1783629115286 15.283126388210803 479232
1783629116223 8.554223274346441 481280
1783629117104 13.944569965824485 483328
1783629117882 21.17924266308546 485376
1783629118721 11.470560694113374 487424
1783629119596 10.514354590792209 489472
1783629120436 2.593467437895015 491520
1783629121211 22.314842246472836 493568
1783629121976 10.907650280743837 495616
1783629122806 7.299467532313429 497664
1783629123583 22.597972923889756 499712
