1775485122549 6.940588355064392e-05 65
1775485122575 6.940588355064392e-05 66
1775485122594 6.940588355064392e-05 67
1775485122614 6.940588355064392e-05 68
1775485122633 6.940588355064392e-05 69
1775485122651 6.940588355064392e-05 70
1775485122669 6.940588355064392e-05 71
1775485122686 6.940588355064392e-05 72
1775485122701 6.940588355064392e-05 73
1775485122723 6.940588355064392e-05 74
1775485122740 6.940588355064392e-05 75
1775485122753 6.940588355064392e-05 76
1775485122767 6.940588355064392e-05 77
1775485122776 6.940588355064392e-05 78
1775485122787 6.940588355064392e-05 79
1775485122797 6.940588355064392e-05 80
1775485122808 6.940588355064392e-05 81
1775485122819 6.940588355064392e-05 82
1775485122830 6.940588355064392e-05 83
1775485122840 6.940588355064392e-05 84
1775485122851 6.940588355064392e-05 85
1775485122863 6.940588355064392e-05 86
1775485122872 6.940588355064392e-05 87
1775485122882 6.940588355064392e-05 88
1775485122892 6.940588355064392e-05 89
1775485122902 6.940588355064392e-05 90
1775485122912 6.940588355064392e-05 91
1775485122925 6.940588355064392e-05 92
1775485122935 6.940588355064392e-05 93
1775485122945 6.940588355064392e-05 94
1775485122957 6.940588355064392e-05 95
1775485122967 6.940588355064392e-05 96
1775485122977 6.940588355064392e-05 97
1775485122986 6.940588355064392e-05 98
1775485122996 6.940588355064392e-05 99
1775485123006 6.940588355064392e-05 100
1775485123025 6.940588355064392e-05 101
1775485123034 6.940588355064392e-05 102
1775485123048 6.940588355064392e-05 103
1775485123058 6.940588355064392e-05 104
1775485123067 6.940588355064392e-05 105
1775485123077 6.940588355064392e-05 106
1775485123088 6.940588355064392e-05 107
1775485123101 6.940588355064392e-05 108
1775485123113 6.940588355064392e-05 109
1775485123125 6.940588355064392e-05 110
1775485123134 6.940588355064392e-05 111
1775485123144 6.940588355064392e-05 112
1775485123155 6.940588355064392e-05 113
1775485123164 6.940588355064392e-05 114
1775485123174 6.940588355064392e-05 115
1775485123186 6.940588355064392e-05 116
1775485123196 6.940588355064392e-05 117
1775485123206 6.940588355064392e-05 118
1775485123216 6.940588355064392e-05 119
1775485123231 6.940588355064392e-05 120
1775485123241 6.940588355064392e-05 121
1775485123251 6.940588355064392e-05 122
1775485123261 6.940588355064392e-05 123
1775485123271 6.940588355064392e-05 124
1775485123283 6.940588355064392e-05 125
1775485123293 6.940588355064392e-05 126
1775485123304 6.940588355064392e-05 127
1775485123316 6.940588355064392e-05 128
