1775485122549 0.2 65
1775485122575 0.2 66
1775485122594 0.2 67
1775485122614 0.2 68
1775485122633 0.2 69
1775485122651 0.2 70
1775485122669 0.2 71
1775485122686 0.2 72
1775485122701 0.2 73
1775485122723 0.2 74
1775485122740 0.2 75
1775485122753 0.2 76
1775485122767 0.2 77
1775485122776 0.2 78
1775485122787 0.2 79
1775485122797 0.2 80
1775485122808 0.2 81
1775485122819 0.2 82
1775485122830 0.2 83
1775485122840 0.2 84
1775485122851 0.2 85
1775485122863 0.2 86
1775485122872 0.2 87
1775485122882 0.2 88
1775485122892 0.2 89
1775485122902 0.2 90
1775485122912 0.2 91
1775485122925 0.2 92
1775485122935 0.2 93
1775485122945 0.2 94
1775485122957 0.2 95
1775485122967 0.2 96
1775485122977 0.2 97
1775485122986 0.2 98
1775485122996 0.2 99
1775485123006 0.2 100
1775485123025 0.2 101
1775485123034 0.2 102
1775485123048 0.2 103
1775485123058 0.2 104
1775485123067 0.2 105
1775485123077 0.2 106
1775485123088 0.2 107
1775485123101 0.2 108
1775485123113 0.2 109
1775485123125 0.2 110
1775485123134 0.2 111
1775485123144 0.2 112
1775485123155 0.2 113
1775485123164 0.2 114
1775485123174 0.2 115
1775485123186 0.2 116
1775485123196 0.2 117
1775485123206 0.2 118
1775485123216 0.2 119
1775485123231 0.2 120
1775485123241 0.2 121
1775485123251 0.2 122
1775485123261 0.2 123
1775485123271 0.2 124
1775485123283 0.2 125
1775485123293 0.2 126
1775485123304 0.2 127
1775485123316 0.2 128
