1775485122549 -2.837770462036133 65
1775485122575 -2.837770462036133 66
1775485122594 -2.837770462036133 67
1775485122614 -2.837770462036133 68
1775485122633 -2.837770462036133 69
1775485122651 -2.837770462036133 70
1775485122669 -2.837770462036133 71
1775485122686 -2.837770462036133 72
1775485122701 -2.837770462036133 73
1775485122723 -2.837770462036133 74
1775485122740 -2.837770462036133 75
1775485122753 -2.837770462036133 76
1775485122767 -2.837770462036133 77
1775485122776 -2.837770462036133 78
1775485122787 -2.837770462036133 79
1775485122797 -2.837770462036133 80
1775485122808 -2.837770462036133 81
1775485122819 -2.837770462036133 82
1775485122830 -2.837770462036133 83
1775485122840 -2.837770462036133 84
1775485122851 -2.837770462036133 85
1775485122863 -2.837770462036133 86
1775485122872 -2.837770462036133 87
1775485122882 -2.837770462036133 88
1775485122892 -2.837770462036133 89
1775485122902 -2.837770462036133 90
1775485122912 -2.837770462036133 91
1775485122925 -2.837770462036133 92
1775485122935 -2.837770462036133 93
1775485122945 -2.837770462036133 94
1775485122957 -2.837770462036133 95
1775485122967 -2.837770462036133 96
1775485122977 -2.837770462036133 97
1775485122986 -2.837770462036133 98
1775485122996 -2.837770462036133 99
1775485123006 -2.837770462036133 100
1775485123025 -2.837770462036133 101
1775485123034 -2.837770462036133 102
1775485123048 -2.837770462036133 103
1775485123058 -2.837770462036133 104
1775485123067 -2.837770462036133 105
1775485123077 -2.837770462036133 106
1775485123088 -2.837770462036133 107
1775485123101 -2.837770462036133 108
1775485123113 -2.837770462036133 109
1775485123125 -2.837770462036133 110
1775485123134 -2.837770462036133 111
1775485123144 -2.837770462036133 112
1775485123155 -2.837770462036133 113
1775485123164 -2.837770462036133 114
1775485123174 -2.837770462036133 115
1775485123186 -2.837770462036133 116
1775485123196 -2.837770462036133 117
1775485123206 -2.837770462036133 118
1775485123216 -2.837770462036133 119
1775485123231 -2.837770462036133 120
1775485123241 -2.837770462036133 121
1775485123251 -2.837770462036133 122
1775485123261 -2.837770462036133 123
1775485123271 -2.837770462036133 124
1775485123283 -2.837770462036133 125
1775485123293 -2.837770462036133 126
1775485123304 -2.837770462036133 127
1775485123316 -2.837770462036133 128
