1775485122549 -0.10325789451599121 65
1775485122575 -0.10325789451599121 66
1775485122594 -0.10325789451599121 67
1775485122614 -0.10325789451599121 68
1775485122633 -0.10325789451599121 69
1775485122651 -0.10325789451599121 70
1775485122669 -0.10325789451599121 71
1775485122686 -0.10325789451599121 72
1775485122701 -0.10325789451599121 73
1775485122723 -0.10325789451599121 74
1775485122740 -0.10325789451599121 75
1775485122753 -0.10325789451599121 76
1775485122767 -0.10325789451599121 77
1775485122776 -0.10325789451599121 78
1775485122787 -0.10325789451599121 79
1775485122797 -0.10325789451599121 80
1775485122808 -0.10325789451599121 81
1775485122819 -0.10325789451599121 82
1775485122830 -0.10325789451599121 83
1775485122840 -0.10325789451599121 84
1775485122851 -0.10325789451599121 85
1775485122863 -0.10325789451599121 86
1775485122872 -0.10325789451599121 87
1775485122882 -0.10325789451599121 88
1775485122892 -0.10325789451599121 89
1775485122902 -0.10325789451599121 90
1775485122912 -0.10325789451599121 91
1775485122925 -0.10325789451599121 92
1775485122935 -0.10325789451599121 93
1775485122945 -0.10325789451599121 94
1775485122957 -0.10325789451599121 95
1775485122967 -0.10325789451599121 96
1775485122977 -0.10325789451599121 97
1775485122986 -0.10325789451599121 98
1775485122996 -0.10325789451599121 99
1775485123006 -0.10325789451599121 100
1775485123025 -0.10325789451599121 101
1775485123034 -0.10325789451599121 102
1775485123048 -0.10325789451599121 103
1775485123058 -0.10325789451599121 104
1775485123067 -0.10325789451599121 105
1775485123077 -0.10325789451599121 106
1775485123088 -0.10325789451599121 107
1775485123101 -0.10325789451599121 108
1775485123113 -0.10325789451599121 109
1775485123125 -0.10325789451599121 110
1775485123134 -0.10325789451599121 111
1775485123144 -0.10325789451599121 112
1775485123155 -0.10325789451599121 113
1775485123164 -0.10325789451599121 114
1775485123174 -0.10325789451599121 115
1775485123186 -0.10325789451599121 116
1775485123196 -0.10325789451599121 117
1775485123206 -0.10325789451599121 118
1775485123216 -0.10325789451599121 119
1775485123231 -0.10325789451599121 120
1775485123241 -0.10325789451599121 121
1775485123251 -0.10325789451599121 122
1775485123261 -0.10325789451599121 123
1775485123271 -0.10325789451599121 124
1775485123283 -0.10325789451599121 125
1775485123293 -0.10325789451599121 126
1775485123304 -0.10325789451599121 127
1775485123316 -0.10325789451599121 128
