1775485122549 1.9288350343704224 65
1775485122575 1.9288350343704224 66
1775485122594 1.9288350343704224 67
1775485122614 1.9288350343704224 68
1775485122633 1.9288350343704224 69
1775485122651 1.9288350343704224 70
1775485122669 1.9288350343704224 71
1775485122686 1.9288350343704224 72
1775485122701 1.9288350343704224 73
1775485122723 1.9288350343704224 74
1775485122740 1.9288350343704224 75
1775485122753 1.9288350343704224 76
1775485122767 1.9288350343704224 77
1775485122776 1.9288350343704224 78
1775485122787 1.9288350343704224 79
1775485122797 1.9288350343704224 80
1775485122808 1.9288350343704224 81
1775485122819 1.9288350343704224 82
1775485122830 1.9288350343704224 83
1775485122840 1.9288350343704224 84
1775485122851 1.9288350343704224 85
1775485122863 1.9288350343704224 86
1775485122872 1.9288350343704224 87
1775485122882 1.9288350343704224 88
1775485122892 1.9288350343704224 89
1775485122902 1.9288350343704224 90
1775485122912 1.9288350343704224 91
1775485122925 1.9288350343704224 92
1775485122935 1.9288350343704224 93
1775485122945 1.9288350343704224 94
1775485122957 1.9288350343704224 95
1775485122967 1.9288350343704224 96
1775485122977 1.9288350343704224 97
1775485122986 1.9288350343704224 98
1775485122996 1.9288350343704224 99
1775485123006 1.9288350343704224 100
1775485123025 1.9288350343704224 101
1775485123034 1.9288350343704224 102
1775485123048 1.9288350343704224 103
1775485123058 1.9288350343704224 104
1775485123067 1.9288350343704224 105
1775485123077 1.9288350343704224 106
1775485123088 1.9288350343704224 107
1775485123101 1.9288350343704224 108
1775485123113 1.9288350343704224 109
1775485123125 1.9288350343704224 110
1775485123134 1.9288350343704224 111
1775485123144 1.9288350343704224 112
1775485123155 1.9288350343704224 113
1775485123164 1.9288350343704224 114
1775485123174 1.9288350343704224 115
1775485123186 1.9288350343704224 116
1775485123196 1.9288350343704224 117
1775485123206 1.9288350343704224 118
1775485123216 1.9288350343704224 119
1775485123231 1.9288350343704224 120
1775485123241 1.9288350343704224 121
1775485123251 1.9288350343704224 122
1775485123261 1.9288350343704224 123
1775485123271 1.9288350343704224 124
1775485123283 1.9288350343704224 125
1775485123293 1.9288350343704224 126
1775485123304 1.9288350343704224 127
1775485123316 1.9288350343704224 128
