1775485122549 -0.0011312717106193304 65
1775485122575 -0.0011312717106193304 66
1775485122594 -0.0011312717106193304 67
1775485122614 -0.0011312717106193304 68
1775485122633 -0.0011312717106193304 69
1775485122651 -0.0011312717106193304 70
1775485122669 -0.0011312717106193304 71
1775485122686 -0.0011312717106193304 72
1775485122701 -0.0011312717106193304 73
1775485122723 -0.0011312717106193304 74
1775485122740 -0.0011312717106193304 75
1775485122753 -0.0011312717106193304 76
1775485122767 -0.0011312717106193304 77
1775485122776 -0.0011312717106193304 78
1775485122787 -0.0011312717106193304 79
1775485122797 -0.0011312717106193304 80
1775485122808 -0.0011312717106193304 81
1775485122819 -0.0011312717106193304 82
1775485122830 -0.0011312717106193304 83
1775485122840 -0.0011312717106193304 84
1775485122851 -0.0011312717106193304 85
1775485122863 -0.0011312717106193304 86
1775485122872 -0.0011312717106193304 87
1775485122882 -0.0011312717106193304 88
1775485122892 -0.0011312717106193304 89
1775485122902 -0.0011312717106193304 90
1775485122912 -0.0011312717106193304 91
1775485122925 -0.0011312717106193304 92
1775485122935 -0.0011312717106193304 93
1775485122945 -0.0011312717106193304 94
1775485122957 -0.0011312717106193304 95
1775485122967 -0.0011312717106193304 96
1775485122977 -0.0011312717106193304 97
1775485122986 -0.0011312717106193304 98
1775485122996 -0.0011312717106193304 99
1775485123006 -0.0011312717106193304 100
1775485123025 -0.0011312717106193304 101
1775485123034 -0.0011312717106193304 102
1775485123048 -0.0011312717106193304 103
1775485123058 -0.0011312717106193304 104
1775485123067 -0.0011312717106193304 105
1775485123077 -0.0011312717106193304 106
1775485123088 -0.0011312717106193304 107
1775485123101 -0.0011312717106193304 108
1775485123113 -0.0011312717106193304 109
1775485123125 -0.0011312717106193304 110
1775485123134 -0.0011312717106193304 111
1775485123144 -0.0011312717106193304 112
1775485123155 -0.0011312717106193304 113
1775485123164 -0.0011312717106193304 114
1775485123174 -0.0011312717106193304 115
1775485123186 -0.0011312717106193304 116
1775485123196 -0.0011312717106193304 117
1775485123206 -0.0011312717106193304 118
1775485123216 -0.0011312717106193304 119
1775485123231 -0.0011312717106193304 120
1775485123241 -0.0011312717106193304 121
1775485123251 -0.0011312717106193304 122
1775485123261 -0.0011312717106193304 123
1775485123271 -0.0011312717106193304 124
1775485123283 -0.0011312717106193304 125
1775485123293 -0.0011312717106193304 126
1775485123304 -0.0011312717106193304 127
1775485123316 -0.0011312717106193304 128
