1775485122549 1.0004191398620605 65
1775485122575 1.0004191398620605 66
1775485122594 1.0004191398620605 67
1775485122614 1.0004191398620605 68
1775485122633 1.0004191398620605 69
1775485122651 1.0004191398620605 70
1775485122669 1.0004191398620605 71
1775485122686 1.0004191398620605 72
1775485122701 1.0004191398620605 73
1775485122723 1.0004191398620605 74
1775485122740 1.0004191398620605 75
1775485122753 1.0004191398620605 76
1775485122767 1.0004191398620605 77
1775485122776 1.0004191398620605 78
1775485122787 1.0004191398620605 79
1775485122797 1.0004191398620605 80
1775485122808 1.0004191398620605 81
1775485122819 1.0004191398620605 82
1775485122830 1.0004191398620605 83
1775485122840 1.0004191398620605 84
1775485122851 1.0004191398620605 85
1775485122863 1.0004191398620605 86
1775485122872 1.0004191398620605 87
1775485122882 1.0004191398620605 88
1775485122892 1.0004191398620605 89
1775485122902 1.0004191398620605 90
1775485122912 1.0004191398620605 91
1775485122925 1.0004191398620605 92
1775485122935 1.0004191398620605 93
1775485122945 1.0004191398620605 94
1775485122957 1.0004191398620605 95
1775485122967 1.0004191398620605 96
1775485122977 1.0004191398620605 97
1775485122986 1.0004191398620605 98
1775485122996 1.0004191398620605 99
1775485123006 1.0004191398620605 100
1775485123025 1.0004191398620605 101
1775485123034 1.0004191398620605 102
1775485123048 1.0004191398620605 103
1775485123058 1.0004191398620605 104
1775485123067 1.0004191398620605 105
1775485123077 1.0004191398620605 106
1775485123088 1.0004191398620605 107
1775485123101 1.0004191398620605 108
1775485123113 1.0004191398620605 109
1775485123125 1.0004191398620605 110
1775485123134 1.0004191398620605 111
1775485123144 1.0004191398620605 112
1775485123155 1.0004191398620605 113
1775485123164 1.0004191398620605 114
1775485123174 1.0004191398620605 115
1775485123186 1.0004191398620605 116
1775485123196 1.0004191398620605 117
1775485123206 1.0004191398620605 118
1775485123216 1.0004191398620605 119
1775485123231 1.0004191398620605 120
1775485123241 1.0004191398620605 121
1775485123251 1.0004191398620605 122
1775485123261 1.0004191398620605 123
1775485123271 1.0004191398620605 124
1775485123283 1.0004191398620605 125
1775485123293 1.0004191398620605 126
1775485123304 1.0004191398620605 127
1775485123316 1.0004191398620605 128
