1775485122549 5.48811411857605 65
1775485122575 5.48811411857605 66
1775485122594 5.48811411857605 67
1775485122614 5.48811411857605 68
1775485122633 5.48811411857605 69
1775485122651 5.48811411857605 70
1775485122669 5.48811411857605 71
1775485122686 5.48811411857605 72
1775485122701 5.48811411857605 73
1775485122723 5.48811411857605 74
1775485122740 5.48811411857605 75
1775485122753 5.48811411857605 76
1775485122767 5.48811411857605 77
1775485122776 5.48811411857605 78
1775485122787 5.48811411857605 79
1775485122797 5.48811411857605 80
1775485122808 5.48811411857605 81
1775485122819 5.48811411857605 82
1775485122830 5.48811411857605 83
1775485122840 5.48811411857605 84
1775485122851 5.48811411857605 85
1775485122863 5.48811411857605 86
1775485122872 5.48811411857605 87
1775485122882 5.48811411857605 88
1775485122892 5.48811411857605 89
1775485122902 5.48811411857605 90
1775485122912 5.48811411857605 91
1775485122925 5.48811411857605 92
1775485122935 5.48811411857605 93
1775485122945 5.48811411857605 94
1775485122957 5.48811411857605 95
1775485122967 5.48811411857605 96
1775485122977 5.48811411857605 97
1775485122986 5.48811411857605 98
1775485122996 5.48811411857605 99
1775485123006 5.48811411857605 100
1775485123025 5.48811411857605 101
1775485123034 5.48811411857605 102
1775485123048 5.48811411857605 103
1775485123058 5.48811411857605 104
1775485123067 5.48811411857605 105
1775485123077 5.48811411857605 106
1775485123088 5.48811411857605 107
1775485123101 5.48811411857605 108
1775485123113 5.48811411857605 109
1775485123125 5.48811411857605 110
1775485123134 5.48811411857605 111
1775485123144 5.48811411857605 112
1775485123155 5.48811411857605 113
1775485123164 5.48811411857605 114
1775485123174 5.48811411857605 115
1775485123186 5.48811411857605 116
1775485123196 5.48811411857605 117
1775485123206 5.48811411857605 118
1775485123216 5.48811411857605 119
1775485123231 5.48811411857605 120
1775485123241 5.48811411857605 121
1775485123251 5.48811411857605 122
1775485123261 5.48811411857605 123
1775485123271 5.48811411857605 124
1775485123283 5.48811411857605 125
1775485123293 5.48811411857605 126
1775485123304 5.48811411857605 127
1775485123316 5.48811411857605 128
