1783629128288 21.0 2048
1783629129144 44.0 4096
1783629129989 67.0 6144
1783629130684 88.0 8192
1783629131372 109.0 10240
1783629132171 130.0 12288
1783629132946 152.0 14336
1783629133749 170.0 16384
1783629134538 189.0 18432
1783629135344 207.0 20480
1783629136151 226.0 22528
1783629136962 243.0 24576
1783629137654 257.0 26624
1783629138402 272.0 28672
1783629139195 281.0 30720
1783629139906 293.0 32768
1783629140642 304.0 34816
1783629141477 310.0 36864
1783629142218 317.0 38912
1783629143023 325.0 40960
1783629143842 333.0 43008
1783629144553 336.0 45056
1783629145291 346.0 47104
1783629146213 353.0 49152
1783629147071 359.0 51200
1783629147882 364.0 53248
1783629148623 371.0 55296
1783629149437 375.0 57344
1783629150261 379.0 59392
1783629151135 388.0 61440
1783629151947 396.0 63488
1783629152662 401.0 65536
1783629153397 407.0 67584
1783629154224 410.0 69632
1783629154978 415.0 71680
1783629155796 417.0 73728
1783629156591 422.0 75776
1783629157384 424.0 77824
1783629158146 427.0 79872
1783629158960 429.0 81920
1783629159705 431.0 83968
1783629160432 436.0 86016
1783629161288 439.0 88064
1783629162015 441.0 90112
1783629162760 444.0 92160
1783629163602 446.0 94208
1783629164286 449.0 96256
1783629164969 452.0 98304
1783629165802 455.0 100352
1783629166648 457.0 102400
1783629167485 461.0 104448
1783629168303 463.0 106496
1783629169015 465.0 108544
1783629169805 467.0 110592
1783629170633 470.0 112640
1783629171393 472.0 114688
1783629172218 474.0 116736
1783629173018 476.0 118784
1783629173733 478.0 120832
1783629174474 480.0 122880
1783629175258 482.0 124928
1783629176032 484.0 126976
1783629176808 486.0 129024
1783629177603 488.0 131072
1783629178322 490.0 133120
1783629179012 492.0 135168
1783629179848 494.0 137216
1783629180560 497.0 139264
1783629181316 499.0 141312
1783629182059 501.0 143360
1783629182845 503.0 145408
1783629183530 505.0 147456
1783629184220 507.0 149504
1783629185009 509.0 151552
1783629185703 511.0 153600
1783629186393 513.0 155648
1783629187200 515.0 157696
1783629187957 517.0 159744
1783629188626 519.0 161792
1783629189405 521.0 163840
1783629190183 524.0 165888
1783629190974 526.0 167936
1783629191781 528.0 169984
1783629192500 530.0 172032
1783629193182 532.0 174080
1783629193860 534.0 176128
1783629194578 536.0 178176
1783629195398 538.0 180224
1783629196180 541.0 182272
1783629197003 544.0 184320
1783629197881 547.0 186368
1783629198621 549.0 188416
1783629199345 552.0 190464
1783629200097 555.0 192512
1783629200896 558.0 194560
1783629201605 560.0 196608
1783629202411 562.0 198656
1783629203149 565.0 200704
1783629203843 568.0 202752
1783629204648 571.0 204800
1783629205329 573.0 206848
1783629206074 576.0 208896
1783629206878 578.0 210944
1783629207656 581.0 212992
1783629208555 584.0 215040
1783629209455 586.0 217088
1783629210258 590.0 219136
1783629211078 592.0 221184
1783629211874 595.0 223232
1783629212618 597.0 225280
1783629213424 600.0 227328
1783629214108 603.0 229376
1783629214815 606.0 231424
1783629215534 609.0 233472
1783629216334 612.0 235520
1783629217029 615.0 237568
1783629217747 618.0 239616
1783629218455 620.0 241664
1783629219161 624.0 243712
1783629219991 626.0 245760
1783629220797 628.0 247808
1783629221626 630.0 249856
1783629222374 633.0 251904
1783629223129 635.0 253952
1783629223970 637.0 256000
1783629224793 640.0 258048
1783629225611 643.0 260096
1783629226511 646.0 262144
1783629227210 648.0 264192
1783629227939 651.0 266240
1783629228686 653.0 268288
1783629229601 657.0 270336
1783629230414 660.0 272384
1783629231144 663.0 274432
1783629231840 665.0 276480
1783629232592 668.0 278528
1783629233390 670.0 280576
1783629234195 672.0 282624
1783629234930 675.0 284672
1783629235649 679.0 286720
1783629236436 681.0 288768
1783629237272 685.0 290816
1783629238125 689.0 292864
1783629238944 692.0 294912
1783629239755 694.0 296960
1783629240567 698.0 299008
1783629241394 701.0 301056
1783629242207 704.0 303104
1783629243011 707.0 305152
1783629243834 709.0 307200
1783629244522 713.0 309248
1783629245330 715.0 311296
1783629246112 718.0 313344
1783629246815 721.0 315392
1783629247536 724.0 317440
1783629248227 727.0 319488
1783629249066 731.0 321536
1783629249878 733.0 323584
1783629250667 737.0 325632
1783629251361 740.0 327680
1783629252155 743.0 329728
1783629252899 746.0 331776
1783629253722 752.0 333824
1783629254507 756.0 335872
1783629255218 759.0 337920
1783629255990 762.0 339968
1783629256799 766.0 342016
1783629257542 770.0 344064
1783629258307 774.0 346112
1783629259123 779.0 348160
1783629259910 783.0 350208
1783629260693 786.0 352256
1783629261486 789.0 354304
1783629262319 795.0 356352
1783629263008 799.0 358400
1783629263705 804.0 360448
1783629264431 808.0 362496
1783629265319 812.0 364544
1783629266113 816.0 366592
1783629266850 821.0 368640
1783629267646 825.0 370688
1783629268322 828.0 372736
1783629269100 832.0 374784
1783629269940 836.0 376832
1783629270761 840.0 378880
1783629271572 844.0 380928
1783629272388 848.0 382976
1783629273216 851.0 385024
1783629273961 855.0 387072
1783629274657 859.0 389120
1783629275416 862.0 391168
1783629276222 866.0 393216
1783629277004 870.0 395264
1783629277892 873.0 397312
1783629278714 876.0 399360
1783629279410 879.0 401408
1783629280150 882.0 403456
1783629280849 885.0 405504
1783629281603 888.0 407552
1783629282320 892.0 409600
1783629283078 894.0 411648
1783629283897 896.0 413696
1783629284685 901.0 415744
1783629285395 904.0 417792
1783629286176 907.0 419840
1783629287009 910.0 421888
1783629287704 914.0 423936
1783629288438 918.0 425984
1783629289224 922.0 428032
1783629290016 926.0 430080
1783629290799 930.0 432128
1783629291610 933.0 434176
1783629292308 937.0 436224
1783629293098 942.0 438272
1783629293908 946.0 440320
1783629294746 949.0 442368
1783629295515 953.0 444416
1783629296300 957.0 446464
1783629297100 960.0 448512
1783629297888 965.0 450560
1783629298660 969.0 452608
1783629299398 973.0 454656
1783629300189 977.0 456704
1783629301026 979.0 458752
1783629301760 983.0 460800
1783629302574 986.0 462848
1783629303347 990.0 464896
1783629304140 995.0 466944
1783629304881 998.0 468992
1783629305686 1002.0 471040
1783629306502 1005.0 473088
1783629307321 1010.0 475136
1783629308134 1013.0 477184
1783629308981 1017.0 479232
1783629309707 1021.0 481280
1783629310478 1024.0 483328
1783629311313 1028.0 485376
1783629312076 1031.0 487424
1783629312796 1035.0 489472
1783629313624 1038.0 491520
1783629314450 1042.0 493568
1783629315161 1044.0 495616
1783629315944 1049.0 497664
1783629316734 1052.0 499712
1783629316923 1053.0 500000
