1783629128288 -196.5479087140715 2048
1783629129144 -151.0467400844707 4096
1783629129989 -206.40344866777323 6144
1783629130684 -151.50814475662622 8192
1783629131372 -129.5165620183363 10240
1783629132171 -132.07713204085846 12288
1783629132946 -163.80394410096332 14336
1783629133749 -160.11253325238948 16384
1783629134538 -137.97319280470165 18432
1783629135344 -109.60618940153772 20480
1783629136151 -115.5423412879192 22528
1783629136962 -82.96018315425673 24576
1783629137654 -95.55286480637392 26624
1783629138402 -105.49558544795465 28672
1783629139195 -91.51670894999043 30720
1783629139906 -90.2930663033545 32768
1783629140642 -101.12713481497637 34816
1783629141477 -90.37561799386249 36864
1783629142218 -63.120500558347146 38912
1783629143023 -123.41098202063704 40960
1783629143842 -136.7613377660921 43008
1783629144553 -108.12098275307531 45056
1783629145291 -65.9762765421605 47104
1783629146213 -42.59790144015191 49152
1783629147071 -25.75949126020754 51200
1783629147882 -17.694461134930396 53248
1783629148623 -56.24786651429829 55296
1783629149437 -57.89196436503678 57344
1783629150261 -62.373870061030686 59392
1783629151135 -53.18191571992698 61440
1783629151947 -45.04424441190169 63488
1783629152662 -36.04663189438175 65536
1783629153397 -38.63386670161027 67584
1783629154224 -41.089951916364704 69632
1783629154978 -41.659791870556894 71680
1783629155796 -32.97353290778778 73728
1783629156591 -24.063767549757564 75776
1783629157384 -14.68276303143505 77824
1783629158146 -10.186533391208874 79872
1783629158960 -6.882987710828209 81920
1783629159705 -20.639119635459394 83968
1783629160432 -45.070208543103796 86016
1783629161288 -70.81674036593468 88064
1783629162015 -60.629764549935736 90112
1783629162760 -42.350200390188796 92160
1783629163602 -39.28860785236312 94208
1783629164286 -34.937825424572914 96256
1783629164969 4.224514964841873 98304
1783629165802 28.411041142038773 100352
1783629166648 34.64151782114094 102400
1783629167485 26.69262584289935 104448
1783629168303 30.333445380656087 106496
1783629169015 9.671786380915911 108544
1783629169805 0.7580816665621775 110592
1783629170633 -20.645398868085987 112640
1783629171393 -22.924837666293868 114688
1783629172218 -27.159597944632072 116736
1783629173018 -33.89357123856178 118784
1783629173733 -42.72111043424789 120832
1783629174474 -46.90979605878867 122880
1783629175258 -58.40787685462535 124928
1783629176032 -52.732812385910634 126976
1783629176808 -43.719808129671584 129024
1783629177603 -39.47911475454166 131072
1783629178322 -38.6429358506786 133120
1783629179012 -51.636401885860856 135168
1783629179848 -58.34458046305025 137216
1783629180560 -65.30344413381988 139264
1783629181316 -65.47893613677917 141312
1783629182059 -60.656751115783585 143360
1783629182845 -65.6290763799111 145408
1783629183530 -61.46665855369601 147456
1783629184220 -60.67375599230875 149504
1783629185009 -54.13866200420964 151552
1783629185703 -57.51215116361063 153600
1783629186393 -45.44596163498826 155648
1783629187200 -42.85621216618186 157696
1783629187957 -35.29577124180726 159744
1783629188626 -32.395474226065026 161792
1783629189405 -33.668117121899044 163840
1783629190183 -31.344848154756033 165888
1783629190974 -34.832002952652545 167936
1783629191781 -36.053391330466724 169984
1783629192500 -29.08116963309478 172032
1783629193182 -23.443308940877706 174080
1783629193860 -23.952003426603188 176128
1783629194578 -31.76486225204676 178176
1783629195398 -33.864738424339905 180224
1783629196180 -37.973138183950304 182272
1783629197003 -37.94517457778046 184320
1783629197881 -54.11528273267934 186368
1783629198621 -58.88792952094061 188416
1783629199345 -67.2610499455521 190464
1783629200097 -44.04876698012311 192512
1783629200896 -49.35803925717327 194560
1783629201605 -34.517178692880044 196608
1783629202411 -42.8365257520909 198656
1783629203149 -23.92164800309934 200704
1783629203843 -17.441539617211898 202752
1783629204648 -20.228289554119375 204800
1783629205329 -23.17025471188129 206848
1783629206074 -35.59988837730773 208896
1783629206878 -23.03235098740654 210944
1783629207656 -36.63055368672319 212992
1783629208555 -25.20613845196927 215040
1783629209455 -18.72149423371328 217088
1783629210258 -4.382045390267423 219136
1783629211078 -5.149149537642449 221184
1783629211874 13.856795814829335 223232
1783629212618 12.907550965010335 225280
1783629213424 45.34387728478285 227328
1783629214108 50.476460030692934 229376
1783629214815 59.45791984267466 231424
1783629215534 33.5522200421508 233472
1783629216334 33.46126952899831 235520
1783629217029 10.01128494213667 237568
1783629217747 -12.994293390232977 239616
1783629218455 -25.812277278846153 241664
1783629219161 -52.10538508457021 243712
1783629219991 -77.33144280087046 245760
1783629220797 -62.78089493889992 247808
1783629221626 -57.77202705748808 249856
1783629222374 -51.676918555345466 251904
1783629223129 -43.4504709641957 253952
1783629223970 -34.45977362245928 256000
1783629224793 -42.36311688357306 258048
1783629225611 -25.962496054977557 260096
1783629226511 -7.4459083334879255 262144
1783629227210 -18.693816889650183 264192
1783629227939 -5.669812287505333 266240
1783629228686 -30.25527879347236 268288
1783629229601 -51.23927264886379 270336
1783629230414 -42.60918755702028 272384
1783629231144 -27.134173221720697 274432
1783629231840 -49.25596770567043 276480
1783629232592 -16.47513446505168 278528
1783629233390 -17.928382666152523 280576
1783629234195 -18.242101185443452 282624
1783629234930 3.145705604252967 284672
1783629235649 1.8159746183102654 286720
1783629236436 28.12756202851289 288768
1783629237272 41.31165289316194 290816
1783629238125 6.924041497666271 292864
1783629238944 17.771695315661383 294912
1783629239755 10.643338957184332 296960
1783629240567 1.2095997575404673 299008
1783629241394 13.153592072447902 301056
1783629242207 1.376910965381363 303104
1783629243011 26.76262952338779 305152
1783629243834 44.920159106993964 307200
1783629244522 63.02483019043613 309248
1783629245330 88.03758680249409 311296
1783629246112 116.17209377926213 313344
1783629246815 113.62786349856697 315392
1783629247536 134.28298344948888 317440
1783629248227 123.0411591978268 319488
1783629249066 134.6666505194256 321536
1783629249878 109.0868654830285 323584
1783629250667 87.08862386545091 325632
1783629251361 73.47280591498091 327680
1783629252155 59.92031727152046 329728
1783629252899 70.82681198629423 331776
1783629253722 60.45691230791336 333824
1783629254507 60.494535413583876 335872
1783629255218 44.75011980651095 337920
1783629255990 62.0074525592266 339968
1783629256799 46.42418646425466 342016
1783629257542 56.09935038905245 344064
1783629258307 77.15963702676477 346112
1783629259123 87.83349603041337 348160
1783629259910 91.33182334694382 350208
1783629260693 116.27031570757988 352256
1783629261486 121.65886635679985 354304
1783629262319 65.92185514989087 356352
1783629263008 72.94991714143492 358400
1783629263705 44.490777077778354 360448
1783629264431 50.23833193538635 362496
1783629265319 72.94955277834447 364544
1783629266113 91.88545360255969 366592
1783629266850 139.05180884930203 368640
1783629267646 146.29917296390957 370688
1783629268322 134.3991844106043 372736
1783629269100 127.72238495117503 374784
1783629269940 126.28765638728392 376832
1783629270761 134.5049155550435 378880
1783629271572 93.44649808762662 380928
1783629272388 103.27076200343029 382976
1783629273216 89.10933730676825 385024
1783629273961 84.54171664883691 387072
1783629274657 68.29661122887742 389120
1783629275416 66.43808738144195 391168
1783629276222 87.9505180933692 393216
1783629277004 84.91827219298908 395264
1783629277892 62.021384172971636 397312
1783629278714 59.58315122592391 399360
1783629279410 36.08473232795624 401408
1783629280150 23.911915328436926 403456
1783629280849 -2.2468450002175806 405504
1783629281603 8.88488316520995 407552
1783629282320 40.4292672686664 409600
1783629283078 62.33046535638232 411648
1783629283897 59.743211168891 413696
1783629284685 89.02989140642661 415744
1783629285395 95.23591251422795 417792
1783629286176 87.4404578041667 419840
1783629287009 71.67566182896311 421888
1783629287704 70.16764280026942 423936
1783629288438 62.451762231405304 425984
1783629289224 50.417690036643194 428032
1783629290016 74.37340482647826 430080
1783629290799 93.03152575487103 432128
1783629291610 90.74062772933605 434176
1783629292308 86.89507838415466 436224
1783629293098 101.9455387142902 438272
1783629293908 91.66913028013914 440320
1783629294746 72.72019195042628 442368
1783629295515 60.19690236269217 444416
1783629296300 46.971788266386795 446464
1783629297100 25.418427781313973 448512
1783629297888 -6.163291256622251 450560
1783629298660 -2.728535906553307 452608
1783629299398 -15.616555986188436 454656
1783629300189 -7.932643644923957 456704
1783629301026 -18.30809464348222 458752
1783629301760 -1.694284607663257 460800
1783629302574 10.838851989648578 462848
1783629303347 16.42436124399875 464896
1783629304140 33.025487202820514 466944
1783629304881 51.921934750882336 468992
1783629305686 69.89510646392503 471040
1783629306502 81.06907199962228 473088
1783629307321 71.64201403984333 475136
1783629308134 94.1344363385036 477184
1783629308981 75.79299534410046 479232
1783629309707 83.09968563922568 481280
1783629310478 59.771919673425714 483328
1783629311313 72.79839722810217 485376
1783629312076 80.26948290534791 487424
1783629312796 81.1912263020287 489472
1783629313624 115.96478502168529 491520
1783629314450 143.1112916196202 493568
1783629315161 150.69557763958684 495616
1783629315944 120.56694708952864 497664
1783629316734 126.01356220630778 499712
1783629316923 129.45683088709157 500000
