1775506916177 -31.666014 5
1775506916181 -31.258307 8
1775506916185 -30.465116 11
1775506916190 -30.493115 16
1775506916194 -31.079094 19
1775506916199 -29.45738 24
1775506916203 -30.327877 28
1775506916210 -24.510831 37
1775506916214 -28.520502 41
1775506916219 -29.325117 46
1775506916222 -30.226715 48
1775506916240 -30.493514 58
1775506916246 -30.091711 63
1775506916270 -30.023562 66
1775506916276 -26.671269 75
1775506916280 -29.094073 78
1775506916285 -29.942962 82
1775506916289 -29.663791 85
1775506916293 -30.594598 89
