1783657378898 0.6869167578406632 2048
1783657379636 0.6708251745440066 4096
1783657380370 0.6591779589653015 6144
1783657381143 0.6301154983229935 8192
1783657381818 0.6202402166090906 10240
1783657382512 0.600193231832236 12288
1783657383246 0.5959799601696432 14336
1783657383918 0.5843916130252182 16384
1783657384630 0.5844335649162531 18432
1783657385385 0.585023317951709 20480
1783657386169 0.5789490975439548 22528
1783657387061 0.5941323763690889 24576
1783657387791 0.5835923282429576 26624
1783657388504 0.591551975812763 28672
1783657389286 0.5757250874303281 30720
1783657389991 0.5735462228767574 32768
1783657390656 0.5799110527150333 34816
1783657391343 0.563510658685118 36864
1783657392081 0.5507060387171805 38912
1783657392834 0.5754316304810345 40960
1783657393508 0.5759753012098372 43008
1783657394167 0.5637248675338924 45056
1783657394822 0.565138565376401 47104
1783657395589 0.5703593641519547 49152
1783657396331 0.5816209153272212 51200
1783657397112 0.587571645155549 53248
1783657397834 0.5827107368968427 55296
1783657398629 0.5637506004422903 57344
1783657399374 0.583230051677674 59392
1783657400079 0.5712800556793809 61440
1783657400850 0.5737351467832923 63488
1783657401510 0.5555910430848598 65536
1783657402147 0.5621780846267939 67584
1783657402896 0.5614221342839301 69632
1783657403620 0.5666040009818971 71680
1783657404370 0.5787171660922468 73728
1783657405036 0.5746350130066276 75776
1783657405708 0.5836443919688463 77824
1783657406437 0.5853569265455008 79872
1783657407096 0.5859630052000284 81920
1783657407880 0.5904978909529746 83968
1783657408662 0.5843069348484278 86016
1783657409445 0.5754377292469144 88064
1783657410152 0.5883991196751595 90112
1783657410811 0.5739216497167945 92160
1783657411599 0.5919335414655507 94208
1783657412244 0.5637464541941881 96256
1783657412925 0.5847231983207166 98304
1783657413632 0.5907586198300123 100352
1783657414336 0.5948081505484879 102400
1783657415149 0.5753566287457943 104448
1783657415816 0.5794560378417373 106496
1783657416471 0.578182059340179 108544
1783657417190 0.5794956171885133 110592
1783657417912 0.5911120087839663 112640
1783657418687 0.5906686875969172 114688
1783657419379 0.596335091162473 116736
1783657420135 0.5881567830219865 118784
1783657420906 0.5931377517990768 120832
1783657421709 0.6025721579790115 122880
1783657422497 0.5864689354784787 124928
1783657423257 0.5857879361137748 126976
1783657423949 0.5847894190810621 129024
1783657424707 0.5845598732121289 131072
1783657425464 0.5933067458681762 133120
1783657426219 0.5986588783562183 135168
1783657426916 0.5904476558789611 137216
1783657427612 0.6016078391112387 139264
1783657428385 0.5856430656276643 141312
1783657429160 0.6001283708028495 143360
1783657429920 0.5959217650815845 145408
1783657430655 0.5894305990077555 147456
1783657431323 0.5889004650525749 149504
1783657432054 0.6011241404339671 151552
1783657432805 0.5847262293100357 153600
1783657433572 0.5812861430458724 155648
1783657434323 0.5845238058827817 157696
1783657435003 0.5724601070396602 159744
1783657435807 0.588823005091399 161792
1783657436459 0.5652653062716126 163840
1783657437150 0.5835351794958115 165888
1783657437841 0.574156460352242 167936
1783657438509 0.5565715935081244 169984
1783657439220 0.5717856190167367 172032
1783657439989 0.5687322630546987 174080
1783657440755 0.5836789817549288 176128
1783657441486 0.5810297536663711 178176
1783657442151 0.578904652968049 180224
1783657442881 0.5702436757273972 182272
1783657443573 0.5768918418325484 184320
1783657444268 0.5618894607760012 186368
1783657445047 0.5857218815945089 188416
1783657445749 0.578971937764436 190464
1783657446492 0.574225012678653 192512
1783657447277 0.5648702075704932 194560
1783657448053 0.5740167712792754 196608
1783657448803 0.5668621947988868 198656
1783657449580 0.5501867043785751 200704
1783657450379 0.5619254596531391 202752
1783657451091 0.5669211144559085 204800
1783657451871 0.5553113515488803 206848
1783657452808 0.5590629335492849 208896
1783657453568 0.5777658619917929 210944
1783657454340 0.5706226513721049 212992
1783657455088 0.5694265062920749 215040
1783657455825 0.5722143496386707 217088
1783657456630 0.5834832643158734 219136
1783657457405 0.5668333796784282 221184
1783657458128 0.5807528840377927 223232
1783657458906 0.5878587611950934 225280
1783657459678 0.5827112342230976 227328
1783657460461 0.5829316223971546 229376
1783657461353 0.5843410729430616 231424
1783657462173 0.5794948167167604 233472
1783657462924 0.5866715968586504 235520
1783657463675 0.5810853694565594 237568
1783657464413 0.580212960485369 239616
1783657465149 0.563848078250885 241664
1783657465909 0.6058865860104561 243712
1783657466625 0.5820300998166203 245760
1783657467419 0.5674258479848504 247808
1783657468130 0.5645831055007875 249856
1783657468918 0.5685786372050643 251904
1783657469654 0.600992722902447 253952
1783657470337 0.5876517845317721 256000
1783657471115 0.5848736325278878 258048
1783657471907 0.5800340627320111 260096
1783657472699 0.5788849568925798 262144
1783657473494 0.5764550869353116 264192
1783657474217 0.5802412363700569 266240
1783657474958 0.5810071658343077 268288
1783657475670 0.6061207712627947 270336
1783657476457 0.584247849881649 272384
1783657477243 0.5865938602946699 274432
1783657478035 0.5839500320143998 276480
1783657478763 0.5807387037202716 278528
1783657479425 0.5836307746358216 280576
1783657480196 0.5906530669890344 282624
1783657480950 0.5716173192486167 284672
1783657481743 0.5715443310327828 286720
1783657482414 0.5713931708596647 288768
1783657483112 0.5883620493113995 290816
1783657483898 0.5745421764440835 292864
1783657484708 0.5771150551736355 294912
1783657485530 0.591460570693016 296960
1783657486278 0.5661577507853508 299008
1783657486994 0.5800950671546161 301056
1783657487796 0.5715528787113726 303104
1783657488492 0.5804119110107422 305152
1783657489192 0.570770965423435 307200
1783657489937 0.5695984400808811 309248
1783657490709 0.578241812530905 311296
1783657491526 0.5808284399099648 313344
1783657492331 0.5716164018958807 315392
1783657493088 0.594936334528029 317440
1783657493836 0.5620343848131597 319488
1783657494574 0.5806837393902242 321536
1783657495297 0.580276052467525 323584
1783657496099 0.5750926858745515 325632
1783657496767 0.5670964978635311 327680
1783657497649 0.5767863793298602 329728
1783657498443 0.5756892352364957 331776
1783657499190 0.5674498090520501 333824
1783657500046 0.5560172442346811 335872
1783657500850 0.552525897976011 337920
1783657501600 0.5580738694407046 339968
1783657502390 0.5568750463426113 342016
1783657503124 0.5726427924819291 344064
1783657503772 0.561683023814112 346112
1783657504581 0.5453587425872684 348160
1783657505254 0.5738205965608358 350208
1783657505924 0.5780342761427164 352256
1783657506712 0.5747886458411813 354304
1783657507482 0.5859903283417225 356352
1783657508316 0.5828488725237548 358400
1783657509232 0.5666681090369821 360448
1783657510003 0.5781670222058892 362496
1783657510774 0.6033745971508324 364544
1783657511565 0.5824271007440984 366592
1783657512386 0.5863858354277909 368640
1783657513261 0.5665906015783548 370688
1783657514038 0.5687171327881515 372736
1783657514731 0.569928353652358 374784
1783657515417 0.5653904606588185 376832
1783657516132 0.5836348836310208 378880
1783657516890 0.556989052798599 380928
1783657517674 0.5817756596952677 382976
1783657518558 0.5837174840271473 385024
1783657519340 0.5763196470215917 387072
1783657520144 0.5960361561737955 389120
1783657520865 0.5517670782282948 391168
1783657521508 0.5668338197283447 393216
1783657522166 0.584519661962986 395264
1783657522977 0.5702050742693245 397312
1783657523746 0.5543110053986311 399360
1783657524391 0.5715079084038734 401408
1783657525071 0.559941214043647 403456
1783657525793 0.5912986774928868 405504
1783657526489 0.5805794443003833 407552
1783657527212 0.5629776581190526 409600
1783657527899 0.5871286974288523 411648
1783657528696 0.5858853682875633 413696
1783657529362 0.5928583890199661 415744
1783657530091 0.5810866914689541 417792
1783657530928 0.5751339215785265 419840
1783657531678 0.5670430934987962 421888
1783657532406 0.591455252841115 423936
1783657533062 0.5941696115769446 425984
1783657533788 0.5593040524981916 428032
1783657534462 0.5807859292253852 430080
1783657535111 0.5792387314140797 432128
1783657535862 0.5733822463080287 434176
1783657536539 0.5842965943738818 436224
1783657537259 0.5845752120949328 438272
1783657537999 0.5760531579144299 440320
1783657538749 0.5797251341864467 442368
1783657539517 0.5749296643771231 444416
1783657540171 0.578508457634598 446464
1783657540926 0.5618395712226629 448512
1783657541732 0.5738265938125551 450560
1783657542457 0.5786860892549157 452608
1783657543258 0.5812652078457177 454656
1783657544047 0.5730202626436949 456704
1783657544744 0.5562960500828922 458752
1783657545514 0.5372657850384712 460800
1783657546284 0.5505390667822212 462848
1783657547074 0.5524096246808767 464896
1783657547826 0.5407616854645312 466944
1783657548599 0.552795653231442 468992
1783657549391 0.5577823692001402 471040
1783657550138 0.5419933802913874 473088
1783657550891 0.5518226753920317 475136
1783657551697 0.5473186229355633 477184
1783657552467 0.5585555052384734 479232
1783657553144 0.5538656488060951 481280
1783657553824 0.549863230669871 483328
1783657554487 0.5542082882020622 485376
1783657555243 0.5501615540124476 487424
1783657555889 0.5587667399086058 489472
1783657556643 0.5552087989635766 491520
1783657557471 0.5612985584884882 493568
1783657558249 0.5557959508150816 495616
1783657558958 0.5592777859419584 497664
1783657559618 0.5588588523678482 499712
1783657560528 0.5519462330266833 501760
1783657561261 0.5480818185023963 503808
1783657561961 0.5571954669430852 505856
1783657562711 0.5468415929935873 507904
1783657563371 0.5490231146104634 509952
1783657564141 0.5464633314404637 512000
1783657564872 0.5417202312964946 514048
1783657565695 0.5386096006259322 516096
1783657566490 0.5414843971375376 518144
1783657567271 0.5410973122343421 520192
1783657568053 0.545307778287679 522240
1783657568770 0.5545099496375769 524288
1783657569432 0.557179702911526 526336
1783657570142 0.5722698117606342 528384
1783657570938 0.5563281122595072 530432
1783657571695 0.5634708921425045 532480
1783657572413 0.5658222856000066 534528
1783657573065 0.5578526579774916 536576
1783657573803 0.5542867167387158 538624
1783657574498 0.5563603290356696 540672
1783657575266 0.5664966278709471 542720
1783657576054 0.5736486874520779 544768
1783657576842 0.5708247357979417 546816
1783657577563 0.5542382653802633 548864
1783657578252 0.5806321171112359 550912
1783657579037 0.5485045025125146 552960
1783657579682 0.5635410412214696 555008
1783657580345 0.560364305973053 557056
1783657581093 0.5657536089420319 559104
1783657581793 0.5911562009714544 561152
1783657582574 0.5750423637218773 563200
1783657583332 0.5518788462504745 565248
1783657584153 0.5630833148024976 567296
1783657584904 0.5558209838345647 569344
1783657585547 0.5700081367976964 571392
1783657586322 0.5597467287443578 573440
1783657587080 0.5672993590123951 575488
1783657587869 0.5687234993092716 577536
1783657588620 0.5859002177603543 579584
1783657589485 0.5653065429069102 581632
1783657590268 0.5723175671882927 583680
1783657590978 0.5675876047462225 585728
1783657591621 0.582440307829529 587776
1783657592379 0.5578171394299716 589824
1783657593159 0.5783159541897476 591872
1783657593862 0.5744576519355178 593920
1783657594677 0.5535786005202681 595968
1783657595391 0.5665660463273525 598016
1783657596119 0.5553073086775839 600064
1783657596911 0.5664989268407226 602112
1783657597602 0.5678949025459588 604160
1783657598386 0.5726271825842559 606208
1783657599290 0.5749043859541416 608256
1783657600073 0.5478632857557386 610304
1783657600735 0.5698639159090817 612352
1783657601411 0.582812437787652 614400
1783657602141 0.5728061147965491 616448
1783657602816 0.5753800454549491 618496
1783657603526 0.5855017863214016 620544
1783657604264 0.5761359324678779 622592
1783657604985 0.5892732357606292 624640
1783657605690 0.5787375424988568 626688
1783657606474 0.5684894300065935 628736
1783657607115 0.5886745122261345 630784
1783657607845 0.5604494949802756 632832
1783657608613 0.5920722307637334 634880
1783657609270 0.5650525358505547 636928
1783657610057 0.5694523768033832 638976
1783657610800 0.5680064810439944 641024
1783657611618 0.5785741452127695 643072
1783657612326 0.5871206810697913 645120
1783657612997 0.5543740768916905 647168
1783657613738 0.5581538695842028 649216
1783657614457 0.575849368236959 651264
1783657615235 0.5487714209593832 653312
1783657615955 0.563497323077172 655360
1783657616739 0.5860112365335226 657408
1783657617529 0.5742782531306148 659456
1783657618284 0.5370517522096634 661504
1783657618943 0.5882782270200551 663552
1783657619701 0.5634724786505103 665600
1783657620548 0.5658872718922794 667648
1783657621308 0.5352028016932309 669696
1783657622082 0.5591071816161275 671744
1783657622865 0.5487301298417151 673792
1783657623695 0.5617357711307704 675840
1783657624501 0.5710439304821193 677888
1783657625433 0.5523577251005918 679936
1783657626230 0.5620056381449103 681984
1783657626964 0.5805090866051614 684032
1783657627722 0.571040075737983 686080
1783657628533 0.5630026301369071 688128
1783657629378 0.5361697184853256 690176
1783657630182 0.5458132508210838 692224
1783657630922 0.5480445772409439 694272
1783657631806 0.5591398025862873 696320
1783657632641 0.5480485188309103 698368
1783657633499 0.5387682768050581 700416
1783657634247 0.548416840378195 702464
1783657635087 0.5639726035296917 704512
1783657635926 0.5502210017293692 706560
1783657636741 0.5633955216035247 708608
1783657637580 0.5557845933362842 710656
1783657638357 0.5640038214623928 712704
1783657639179 0.5579227209091187 714752
1783657639993 0.5714126969687641 716800
1783657640816 0.5770526910200715 718848
1783657641653 0.5461671222001314 720896
1783657642404 0.5737321279011667 722944
1783657643225 0.5769902169704437 724992
1783657643931 0.5762013522908092 727040
1783657644847 0.5885833287611604 729088
1783657645629 0.5744673111476004 731136
1783657646505 0.5843786182813346 733184
1783657647314 0.5727855660952628 735232
1783657648132 0.5634228331036866 737280
1783657648900 0.5756342750974 739328
1783657649747 0.5812737364321947 741376
1783657650560 0.5638276897370815 743424
1783657651359 0.5559772816486657 745472
1783657652231 0.5646918951533735 747520
1783657653066 0.5618488560430706 749568
1783657653835 0.5706262392923236 751616
1783657654579 0.5785819431766868 753664
1783657655350 0.5849918695166707 755712
1783657656270 0.5768774184398353 757760
1783657657071 0.5329235766548663 759808
1783657657907 0.5897584054619074 761856
1783657658765 0.5502684214152396 763904
1783657659587 0.546950698364526 765952
1783657660451 0.551277122227475 768000
1783657661297 0.5461123795248568 770048
1783657662109 0.5497158230282366 772096
1783657662894 0.5635171281173825 774144
1783657663657 0.5546438018791378 776192
1783657664431 0.5494878836907446 778240
1783657665254 0.5661713839508593 780288
1783657666117 0.5638955957256258 782336
1783657666923 0.5513161183334887 784384
1783657667779 0.5723358006216586 786432
1783657668652 0.5425490639172494 788480
1783657669493 0.5743179023265839 790528
1783657670242 0.55837896396406 792576
1783657671083 0.5541965086013079 794624
1783657671851 0.5652928822673857 796672
1783657672613 0.5669685723260045 798720
1783657673490 0.5725122559815645 800768
1783657674221 0.5622417936101556 802816
1783657674927 0.5635151132009923 804864
1783657675768 0.560629278421402 806912
1783657676598 0.564857320394367 808960
1783657677411 0.5811727209948003 811008
1783657678241 0.5700635281391442 813056
1783657678990 0.5784885985776782 815104
1783657679824 0.5685681304894388 817152
1783657680627 0.5636225789785385 819200
1783657681386 0.577322009485215 821248
1783657682162 0.5632357783615589 823296
1783657683043 0.5780054172500968 825344
1783657683907 0.5705009871162474 827392
1783657684703 0.5464204654563218 829440
1783657685534 0.5761606614105403 831488
1783657686428 0.5499890563078225 833536
1783657687267 0.5660079503431916 835584
1783657688086 0.5568979512900114 837632
1783657688934 0.5712301316671073 839680
1783657690000 0.5568596012890339 841728
1783657690826 0.5648538246750832 843776
1783657691596 0.5584730268456042 845824
1783657692436 0.5543959070928395 847872
1783657693279 0.5468351982999593 849920
1783657694108 0.5597574845887721 851968
1783657694944 0.5500518083572388 854016
1783657695861 0.5596514861099422 856064
1783657696793 0.5435624616220593 858112
1783657697699 0.541701627895236 860160
1783657698605 0.5285656314808875 862208
1783657699438 0.5335265747271478 864256
1783657700316 0.5300752869807184 866304
1783657701186 0.532164441421628 868352
1783657701951 0.5481502045877278 870400
1783657702766 0.5412524258717895 872448
1783657703674 0.5307663925923407 874496
1783657704469 0.5577692543156445 876544
1783657705415 0.5517928963527083 878592
1783657706258 0.5670807934366167 880640
1783657707114 0.5873603951185942 882688
1783657707991 0.5654227952472866 884736
1783657708816 0.5530919572338462 886784
1783657709586 0.5671598818153143 888832
1783657710555 0.549589921720326 890880
1783657711377 0.5528639042750001 892928
1783657712255 0.5630275409203023 894976
1783657713202 0.5611403668299317 897024
1783657714086 0.5559166385792196 899072
1783657714845 0.5660857115872204 901120
1783657715747 0.581008359324187 903168
1783657716533 0.5609585042111576 905216
1783657717492 0.5425766936969012 907264
1783657718358 0.565567169804126 909312
1783657719217 0.5707494826056063 911360
1783657720108 0.5575141017325222 913408
1783657720994 0.5831549754366279 915456
1783657721873 0.573986005038023 917504
1783657722713 0.5852867476642132 919552
1783657723570 0.5650341750588268 921600
1783657724524 0.5792933129705489 923648
1783657725392 0.5669910018332303 925696
1783657726214 0.5510250220540911 927744
1783657727148 0.5630326550453901 929792
1783657728010 0.5778030278161168 931840
1783657728793 0.5604126811958849 933888
1783657729640 0.52973448112607 935936
1783657730409 0.5526350231375545 937984
1783657731314 0.5632953234016895 940032
1783657732119 0.5441518668085337 942080
1783657733036 0.5663489061407745 944128
1783657733848 0.5268281202297658 946176
1783657734710 0.5642289659008384 948224
1783657735552 0.556492620613426 950272
1783657736432 0.5419572805985808 952320
1783657737257 0.5603750688023865 954368
1783657738134 0.5413750219158828 956416
1783657738964 0.5632824129424989 958464
1783657739819 0.5718891462311149 960512
1783657740613 0.5459911185316741 962560
1783657741414 0.5467681065201759 964608
1783657742146 0.5601740148849785 966656
1783657742996 0.5707632326520979 968704
1783657743748 0.5670827594585717 970752
1783657744399 0.556472244206816 972800
1783657745128 0.5498099639080465 974848
1783657745906 0.5483871209435165 976896
1783657746643 0.5571682204026729 978944
1783657747455 0.5570512772537768 980992
1783657748220 0.5544185286853462 983040
1783657748991 0.5579079310409725 985088
1783657749767 0.5612654546275735 987136
1783657750441 0.5674946601502597 989184
1783657751106 0.5477067371830344 991232
1783657751871 0.557258477434516 993280
1783657752594 0.5551707847043872 995328
1783657753381 0.5651773437857628 997376
1783657754066 0.5565673275850713 999424
