1783657378898 19.9 2048
1783657379636 26.7 4096
1783657380370 37.6 6144
1783657381143 40.15 8192
1783657381818 57.95 10240
1783657382512 86.2 12288
1783657383246 117.65 14336
1783657383918 127.65 16384
1783657384630 150.15 18432
1783657385385 178.45 20480
1783657386169 206.6 22528
1783657387061 229.75 24576
1783657387791 223.45 26624
1783657388504 234.95 28672
1783657389286 252.85 30720
1783657389991 236.4 32768
1783657390656 237.35 34816
1783657391343 244.7 36864
1783657392081 233.95 38912
1783657392834 230.55 40960
1783657393508 223.55 43008
1783657394167 224.1 45056
1783657394822 258.1 47104
1783657395589 292.25 49152
1783657396331 274.3 51200
1783657397112 278.25 53248
1783657397834 269.35 55296
1783657398629 235.9 57344
1783657399374 250.2 59392
1783657400079 252.85 61440
1783657400850 318.25 63488
1783657401510 333.95 65536
1783657402147 372.8 67584
1783657402896 390.05 69632
1783657403620 334.85 71680
1783657404370 257.95 73728
1783657405036 221.85 75776
1783657405708 220.4 77824
1783657406437 204.7 79872
1783657407096 212.25 81920
1783657407880 226.4 83968
1783657408662 240.3 86016
1783657409445 206.95 88064
1783657410152 217.95 90112
1783657410811 293.7 92160
1783657411599 328.25 94208
1783657412244 328.0 96256
1783657412925 339.6 98304
1783657413632 348.2 100352
1783657414336 366.6 102400
1783657415149 401.45 104448
1783657415816 380.35 106496
1783657416471 377.1 108544
1783657417190 350.15 110592
1783657417912 294.85 112640
1783657418687 268.2 114688
1783657419379 283.7 116736
1783657420135 283.4 118784
1783657420906 293.0 120832
1783657421709 261.15 122880
1783657422497 270.6 124928
1783657423257 248.15 126976
1783657423949 245.5 129024
1783657424707 274.85 131072
1783657425464 294.65 133120
1783657426219 329.6 135168
1783657426916 327.5 137216
1783657427612 347.0 139264
1783657428385 375.3 141312
1783657429160 398.8 143360
1783657429920 375.55 145408
1783657430655 363.7 147456
1783657431323 344.3 149504
1783657432054 351.9 151552
1783657432805 356.65 153600
1783657433572 382.5 155648
1783657434323 361.8 157696
1783657435003 367.0 159744
1783657435807 385.4 161792
1783657436459 404.8 163840
1783657437150 415.2 165888
1783657437841 435.25 167936
1783657438509 451.45 169984
1783657439220 439.9 172032
1783657439989 432.2 174080
1783657440755 428.55 176128
1783657441486 439.15 178176
1783657442151 444.55 180224
1783657442881 476.95 182272
1783657443573 486.9 184320
1783657444268 491.55 186368
1783657445047 498.65 188416
1783657445749 500.0 190464
1783657446492 495.95 192512
1783657447277 472.85 194560
1783657448053 472.85 196608
1783657448803 472.85 198656
1783657449580 469.05 200704
1783657450379 469.05 202752
1783657451091 492.15 204800
1783657451871 465.9 206848
1783657452808 457.8 208896
1783657453568 462.15 210944
1783657454340 462.15 212992
1783657455088 462.15 215040
1783657455825 488.4 217088
1783657456630 500.0 219136
1783657457405 500.0 221184
1783657458128 496.4 223232
1783657458906 496.4 225280
1783657459678 496.4 227328
1783657460461 483.75 229376
1783657461353 483.75 231424
1783657462173 483.85 233472
1783657462924 472.55 235520
1783657463675 485.2 237568
1783657464413 481.2 239616
1783657465149 481.2 241664
1783657465909 484.7 243712
1783657466625 496.0 245760
1783657467419 489.3 247808
1783657468130 493.3 249856
1783657468918 493.3 251904
1783657469654 493.3 253952
1783657470337 485.35 256000
1783657471115 474.4 258048
1783657471907 454.4 260096
1783657472699 454.4 262144
1783657473494 424.95 264192
1783657474217 435.9 266240
1783657474958 435.9 268288
1783657475670 455.9 270336
1783657476457 455.9 272384
1783657477243 500.0 274432
1783657478035 500.0 276480
1783657478763 485.95 278528
1783657479425 485.95 280576
1783657480196 485.95 282624
1783657480950 467.0 284672
1783657481743 481.05 286720
1783657482414 481.05 288768
1783657483112 481.05 290816
1783657483898 481.05 292864
1783657484708 480.2 294912
1783657485530 480.2 296960
1783657486278 463.95 299008
1783657486994 448.25 301056
1783657487796 424.05 303104
1783657488492 443.85 305152
1783657489192 447.15 307200
1783657489937 462.85 309248
1783657490709 468.6 311296
1783657491526 487.05 313344
1783657492331 487.05 315392
1783657493088 500.0 317440
1783657493836 445.05 319488
1783657494574 445.05 321536
1783657495297 424.8 323584
1783657496099 424.8 325632
1783657496767 443.75 327680
1783657497649 479.6 329728
1783657498443 471.6 331776
1783657499190 478.4 333824
1783657500046 478.4 335872
1783657500850 478.55 337920
1783657501600 478.55 339968
1783657502390 491.0 342016
1783657503124 500.0 344064
1783657503772 500.0 346112
1783657504581 500.0 348160
1783657505254 500.0 350208
1783657505924 500.0 352256
1783657506712 500.0 354304
1783657507482 500.0 356352
1783657508316 500.0 358400
1783657509232 500.0 360448
1783657510003 495.4 362496
1783657510774 495.4 364544
1783657511565 484.15 366592
1783657512386 484.15 368640
1783657513261 483.4 370688
1783657514038 483.4 372736
1783657514731 494.65 374784
1783657515417 458.3 376832
1783657516132 460.15 378880
1783657516890 463.65 380928
1783657517674 463.65 382976
1783657518558 479.35 385024
1783657519340 500.0 387072
1783657520144 500.0 389120
1783657520865 410.1 391168
1783657521508 403.55 393216
1783657522166 403.55 395264
1783657522977 386.85 397312
1783657523746 426.25 399360
1783657524391 455.7 401408
1783657525071 440.8 403456
1783657525793 440.8 405504
1783657526489 462.25 407552
1783657527212 485.1 409600
1783657527899 485.1 411648
1783657528696 500.0 413696
1783657529362 500.0 415744
1783657530091 488.85 417792
1783657530928 488.85 419840
1783657531678 488.85 421888
1783657532406 488.85 423936
1783657533062 488.85 425984
1783657533788 373.0 428032
1783657534462 373.0 430080
1783657535111 356.95 432128
1783657535862 370.65 434176
1783657536539 410.4 436224
1783657537259 462.35 438272
1783657537999 468.65 440320
1783657538749 472.25 442368
1783657539517 464.85 444416
1783657540171 470.9 446464
1783657540926 470.9 448512
1783657541732 477.05 450560
1783657542457 477.05 452608
1783657543258 500.0 454656
1783657544047 500.0 456704
1783657544744 500.0 458752
1783657545514 500.0 460800
1783657546284 500.0 462848
1783657547074 500.0 464896
1783657547826 500.0 466944
1783657548599 500.0 468992
1783657549391 500.0 471040
1783657550138 500.0 473088
1783657550891 500.0 475136
1783657551697 500.0 477184
1783657552467 500.0 479232
1783657553144 497.55 481280
1783657553824 472.8 483328
1783657554487 426.8 485376
1783657555243 337.35 487424
1783657555889 288.25 489472
1783657556643 244.95 491520
1783657557471 218.75 493568
1783657558249 200.9 495616
1783657558958 181.05 497664
1783657559618 162.9 499712
1783657560528 165.7 501760
1783657561261 192.65 503808
1783657561961 214.15 505856
1783657562711 255.9 507904
1783657563371 317.3 509952
1783657564141 362.65 512000
1783657564872 418.55 514048
1783657565695 459.4 516096
1783657566490 482.9 518144
1783657567271 495.75 520192
1783657568053 500.0 522240
1783657568770 500.0 524288
1783657569432 500.0 526336
1783657570142 500.0 528384
1783657570938 500.0 530432
1783657571695 500.0 532480
1783657572413 500.0 534528
1783657573065 500.0 536576
1783657573803 500.0 538624
1783657574498 500.0 540672
1783657575266 500.0 542720
1783657576054 500.0 544768
1783657576842 493.0 546816
1783657577563 493.0 548864
1783657578252 493.0 550912
1783657579037 487.85 552960
1783657579682 487.85 555008
1783657580345 494.85 557056
1783657581093 483.15 559104
1783657581793 483.15 561152
1783657582574 488.3 563200
1783657583332 488.3 565248
1783657584153 488.3 567296
1783657584904 500.0 569344
1783657585547 500.0 571392
1783657586322 500.0 573440
1783657587080 500.0 575488
1783657587869 500.0 577536
1783657588620 500.0 579584
1783657589485 500.0 581632
1783657590268 500.0 583680
1783657590978 500.0 585728
1783657591621 500.0 587776
1783657592379 500.0 589824
1783657593159 500.0 591872
1783657593862 500.0 593920
1783657594677 427.5 595968
1783657595391 407.95 598016
1783657596119 382.05 600064
1783657596911 382.05 602112
1783657597602 398.9 604160
1783657598386 458.45 606208
1783657599290 458.45 608256
1783657600073 479.8 610304
1783657600735 495.45 612352
1783657601411 495.45 614400
1783657602141 495.45 616448
1783657602816 495.45 618496
1783657603526 500.0 620544
1783657604264 500.0 622592
1783657604985 500.0 624640
1783657605690 495.95 626688
1783657606474 495.95 628736
1783657607115 495.95 630784
1783657607845 465.65 632832
1783657608613 465.65 634880
1783657609270 440.15 636928
1783657610057 440.15 638976
1783657610800 451.45 641024
1783657611618 470.45 643072
1783657612326 485.4 645120
1783657612997 481.3 647168
1783657613738 481.3 649216
1783657614457 481.3 651264
1783657615235 458.1 653312
1783657615955 462.55 655360
1783657616739 476.8 657408
1783657617529 473.15 659456
1783657618284 466.9 661504
1783657618943 490.1 663552
1783657619701 476.55 665600
1783657620548 480.2 667648
1783657621308 462.05 669696
1783657622082 468.3 671744
1783657622865 461.65 673792
1783657623695 461.65 675840
1783657624501 461.65 677888
1783657625433 461.25 679936
1783657626230 461.25 681984
1783657626964 481.45 684032
1783657627722 481.45 686080
1783657628533 481.45 688128
1783657629378 479.65 690176
1783657630182 479.65 692224
1783657630922 479.65 694272
1783657631806 479.65 696320
1783657632641 485.5 698368
1783657633499 500.0 700416
1783657634247 500.0 702464
1783657635087 500.0 704512
1783657635926 500.0 706560
1783657636741 500.0 708608
1783657637580 500.0 710656
1783657638357 500.0 712704
1783657639179 500.0 714752
1783657639993 500.0 716800
1783657640816 500.0 718848
1783657641653 500.0 720896
1783657642404 500.0 722944
1783657643225 500.0 724992
1783657643931 500.0 727040
1783657644847 500.0 729088
1783657645629 470.2 731136
1783657646505 470.2 733184
1783657647314 447.85 735232
1783657648132 447.85 737280
1783657648900 447.85 739328
1783657649747 477.65 741376
1783657650560 469.95 743424
1783657651359 467.05 745472
1783657652231 467.05 747520
1783657653066 467.05 749568
1783657653835 474.75 751616
1783657654579 474.75 753664
1783657655350 500.0 755712
1783657656270 500.0 757760
1783657657071 453.25 759808
1783657657907 453.25 761856
1783657658765 453.25 763904
1783657659587 453.25 765952
1783657660451 476.15 768000
1783657661297 500.0 770048
1783657662109 500.0 772096
1783657662894 500.0 774144
1783657663657 500.0 776192
1783657664431 500.0 778240
1783657665254 500.0 780288
1783657666117 500.0 782336
1783657666923 500.0 784384
1783657667779 500.0 786432
1783657668652 500.0 788480
1783657669493 500.0 790528
1783657670242 500.0 792576
1783657671083 500.0 794624
1783657671851 500.0 796672
1783657672613 500.0 798720
1783657673490 500.0 800768
1783657674221 500.0 802816
1783657674927 500.0 804864
1783657675768 500.0 806912
1783657676598 500.0 808960
1783657677411 500.0 811008
1783657678241 493.9 813056
1783657678990 493.9 815104
1783657679824 491.9 817152
1783657680627 473.65 819200
1783657681386 473.65 821248
1783657682162 479.75 823296
1783657683043 479.75 825344
1783657683907 481.75 827392
1783657684703 496.3 829440
1783657685534 496.3 831488
1783657686428 484.3 833536
1783657687267 484.3 835584
1783657688086 484.3 837632
1783657688934 488.0 839680
1783657690000 488.0 841728
1783657690826 500.0 843776
1783657691596 500.0 845824
1783657692436 500.0 847872
1783657693279 500.0 849920
1783657694108 500.0 851968
1783657694944 500.0 854016
1783657695861 500.0 856064
1783657696793 500.0 858112
1783657697699 500.0 860160
1783657698605 500.0 862208
1783657699438 500.0 864256
1783657700316 500.0 866304
1783657701186 500.0 868352
1783657701951 500.0 870400
1783657702766 500.0 872448
1783657703674 500.0 874496
1783657704469 500.0 876544
1783657705415 500.0 878592
1783657706258 500.0 880640
1783657707114 500.0 882688
1783657707991 494.3 884736
1783657708816 494.3 886784
1783657709586 494.3 888832
1783657710555 494.3 890880
1783657711377 494.3 892928
1783657712255 500.0 894976
1783657713202 500.0 897024
1783657714086 500.0 899072
1783657714845 500.0 901120
1783657715747 500.0 903168
1783657716533 481.3 905216
1783657717492 470.3 907264
1783657718358 470.3 909312
1783657719217 470.3 911360
1783657720108 470.3 913408
1783657720994 489.0 915456
1783657721873 500.0 917504
1783657722713 500.0 919552
1783657723570 500.0 921600
1783657724524 500.0 923648
1783657725392 500.0 925696
1783657726214 466.05 927744
1783657727148 466.05 929792
1783657728010 466.05 931840
1783657728793 466.05 933888
1783657729640 477.1 935936
1783657730409 473.2 937984
1783657731314 473.2 940032
1783657732119 473.2 942080
1783657733036 473.2 944128
1783657733848 468.75 946176
1783657734710 480.15 948224
1783657735552 480.15 950272
1783657736432 480.15 952320
1783657737257 480.15 954368
1783657738134 500.0 956416
1783657738964 500.0 958464
1783657739819 500.0 960512
1783657740613 483.9 962560
1783657741414 483.9 964608
1783657742146 483.9 966656
1783657742996 483.9 968704
1783657743748 483.9 970752
1783657744399 500.0 972800
1783657745128 500.0 974848
1783657745906 500.0 976896
1783657746643 500.0 978944
1783657747455 500.0 980992
1783657748220 500.0 983040
1783657748991 500.0 985088
1783657749767 500.0 987136
1783657750441 500.0 989184
1783657751106 479.5 991232
1783657751871 479.5 993280
1783657752594 479.5 995328
1783657753381 479.5 997376
1783657754066 479.5 999424
