1783657378898 -0.014004250489961123 2048
1783657379636 -0.011629541433649138 4096
1783657380370 -0.008137015076499665 6144
1783657381143 -0.010556113622442354 8192
1783657381818 -0.00974381609557895 10240
1783657382512 -0.008403301613725489 12288
1783657383246 -0.007460159649781417 14336
1783657383918 -0.008065554895438254 16384
1783657384630 -0.005926962883677334 18432
1783657385385 -0.00531913847225951 20480
1783657386169 -0.005493505741469562 22528
1783657387061 -0.0005053913628216833 24576
1783657387791 -0.0018437462094880175 26624
1783657388504 -0.0012354906721157022 28672
1783657389286 -0.002756489880994195 30720
1783657389991 -0.00011812242519226857 32768
1783657390656 -0.002450016047077952 34816
1783657391343 -0.0010209628962911665 36864
1783657392081 -0.003045365752768703 38912
1783657392834 0.0015268567403836641 40960
1783657393508 -0.002332922482310096 43008
1783657394167 -0.00020460946325329132 45056
1783657394822 0.0002108882945321966 47104
1783657395589 -0.00045423910523822997 49152
1783657396331 -0.0013212863050284795 51200
1783657397112 -0.00045134096944821067 53248
1783657397834 0.001119706910685636 55296
1783657398629 -0.0006105845277488697 57344
1783657399374 -0.00024830306210787967 59392
1783657400079 -0.0041369418177055195 61440
1783657400850 -0.00104598550387891 63488
1783657401510 -0.003828300305031007 65536
1783657402147 -0.0012512468128988985 67584
1783657402896 -0.001330612547462806 69632
1783657403620 -0.0009370930856675841 71680
1783657404370 0.000659202916722279 73728
1783657405036 -0.0007328296596824657 75776
1783657405708 -0.0029354962389334105 77824
1783657406437 -0.0021090742884553038 79872
1783657407096 -6.243738971534185e-05 81920
1783657407880 -0.002367285647778772 83968
1783657408662 -0.002204567106673494 86016
1783657409445 -0.0008620478547527455 88064
1783657410152 -0.0014627403616032097 90112
1783657410811 -0.0023268721415661275 92160
1783657411599 -0.0026312653062632307 94208
1783657412244 -0.005911161651965813 96256
1783657412925 -0.0013842560474586207 98304
1783657413632 -0.0040055034532997524 100352
1783657414336 -0.0010045220369647723 102400
1783657415149 -0.002752110729488777 104448
1783657415816 -0.0007205541769508272 106496
1783657416471 -0.00020204882821417414 108544
1783657417190 -0.00027723902167053893 110592
1783657417912 -0.003150825032207649 112640
1783657418687 -0.008835916603857186 114688
1783657419379 -0.0019342730956850573 116736
1783657420135 0.0007688036857871339 118784
1783657420906 -0.0015654281814931892 120832
1783657421709 0.0010549722319410648 122880
1783657422497 0.0008582135851611383 124928
1783657423257 -0.005375905711844098 126976
1783657423949 -5.329298437573016e-05 129024
1783657424707 0.0007367836478806566 131072
1783657425464 -0.0010000169786508195 133120
1783657426219 0.0002400192606728524 135168
1783657426916 0.0017877996797324158 137216
1783657427612 -0.0037193105308688246 139264
1783657428385 -0.00107248574931873 141312
1783657429160 -0.0019257330932305194 143360
1783657429920 -0.002952404582174495 145408
1783657430655 -0.00193848486742354 147456
1783657431323 -3.0155209969962016e-05 149504
1783657432054 -0.002748288410657551 151552
1783657432805 -0.003296654802397825 153600
1783657433572 -0.0022037380149413366 155648
1783657434323 -0.0011190971235919278 157696
1783657435003 -0.002613909760839306 159744
1783657435807 -0.0038994749229459558 161792
1783657436459 -0.0022142472844279837 163840
1783657437150 -0.0012432720577635337 165888
1783657437841 -0.0033646475239947904 167936
1783657438509 -0.004947846715367632 169984
1783657439220 -0.003982490408816375 172032
1783657439989 -0.005094857748190407 174080
1783657440755 -0.0005366173281800002 176128
1783657441486 -0.0012650767021114007 178176
1783657442151 -0.00011788562369474676 180224
1783657442881 -0.0004604152709362097 182272
1783657443573 -0.0008729711880732793 184320
1783657444268 -0.003500328071822878 186368
1783657445047 -0.00011446985809016041 188416
1783657445749 -0.00016306322868331335 190464
1783657446492 -0.0006248117751965765 192512
1783657447277 -0.002068662655801745 194560
1783657448053 -0.00011209045987925492 196608
1783657448803 -0.0009417954179298249 198656
1783657449580 -0.003436927992879646 200704
1783657450379 -0.001514965786554967 202752
1783657451091 -0.0005740244268963579 204800
1783657451871 -0.002673467512067873 206848
1783657452808 -0.0012633820842893329 208896
1783657453568 -0.0003186539724993054 210944
1783657454340 -0.002288823921844596 212992
1783657455088 -0.00012900815636385232 215040
1783657455825 -0.004843523489398649 217088
1783657456630 -2.917905294452794e-05 219136
1783657457405 -0.0041177741240971955 221184
1783657458128 0.00010415598626423161 223232
1783657458906 -0.0030426208104472607 225280
1783657459678 -0.0003006707411259413 227328
1783657460461 -0.001491996463300893 229376
1783657461353 0.00017592624499229714 231424
1783657462173 -0.001264951340999687 233472
1783657462924 -0.0009494686710240785 235520
1783657463675 -0.0007216562808025628 237568
1783657464413 -0.0028655447276833 239616
1783657465149 0.0006028487259754911 241664
1783657465909 -0.0009123883537540678 243712
1783657466625 -0.0005274448049021885 245760
1783657467419 -0.0014933895981812384 247808
1783657468130 -8.796312613412738e-05 249856
1783657468918 -0.0003606139580369927 251904
1783657469654 -0.0005962809154880233 253952
1783657470337 0.0006490429659606889 256000
1783657471115 -0.0034199736546725035 258048
1783657471907 -0.0018815412477124482 260096
1783657472699 -0.0011951057858823333 262144
1783657473494 -0.0019821162914013257 264192
1783657474217 -0.001964652619790286 266240
1783657474958 -0.0007536648590757977 268288
1783657475670 -0.0002451428626955021 270336
1783657476457 -0.0009797133534448221 272384
1783657477243 -0.0005490938128787093 274432
1783657478035 -0.001792283343093004 276480
1783657478763 -0.002374483236053493 278528
1783657479425 -0.00103196274721995 280576
1783657480196 -0.0006590390112251043 282624
1783657480950 -0.002032720614806749 284672
1783657481743 -0.0004112039823667146 286720
1783657482414 -0.0007506820511480328 288768
1783657483112 -0.0017335349293716718 290816
1783657483898 -0.0007039187476038933 292864
1783657484708 -0.0007734542668913491 294912
1783657485530 -0.0009736687388794962 296960
1783657486278 -0.004126687337702606 299008
1783657486994 7.81062408350408e-06 301056
1783657487796 -0.0010665446861821692 303104
1783657488492 0.0002488806676410604 305152
1783657489192 0.00024047783881542273 307200
1783657489937 -0.0006242958261282183 309248
1783657490709 0.0003395502135390416 311296
1783657491526 0.0002720289776334539 313344
1783657492331 -0.0002781484399747569 315392
1783657493088 -0.0004052295298606623 317440
1783657493836 -0.0054996611434035 319488
1783657494574 8.185794285964221e-05 321536
1783657495297 -0.0008818449641694315 323584
1783657496099 0.00019573474855860695 325632
1783657496767 -0.0017274431957048364 327680
1783657497649 -0.00036021897176397033 329728
1783657498443 8.565281859773677e-05 331776
1783657499190 -0.003953051647840766 333824
1783657500046 -0.0006483477518486325 335872
1783657500850 -0.0010154597293876577 337920
1783657501600 -0.001692160491074901 339968
1783657502390 -0.0019448604180070106 342016
1783657503124 -7.292347800103016e-05 344064
1783657503772 -0.001477757832617499 346112
1783657504581 1.9616531062638387e-05 348160
1783657505254 -0.0007643345597898588 350208
1783657505924 -0.0014467255650743027 352256
1783657506712 -3.214005846530199e-05 354304
1783657507482 -0.00023853319544286933 356352
1783657508316 -0.002659485260664951 358400
1783657509232 -0.001170132640254451 360448
1783657510003 -0.00020909967133775353 362496
1783657510774 -0.0009823350046644919 364544
1783657511565 -0.00028843960899394006 366592
1783657512386 -0.0005323872792359907 368640
1783657513261 -0.0021982671751175076 370688
1783657514038 -0.0008575482352171093 372736
1783657514731 -0.0021383394887379836 374784
1783657515417 -0.0012589477992150933 376832
1783657516132 -7.385068238363601e-05 378880
1783657516890 -0.0002960430192615604 380928
1783657517674 -0.0047786435097805224 382976
1783657518558 -0.0006138690150692128 385024
1783657519340 -0.0053149497198319295 387072
1783657520144 -0.0011849647089547943 389120
1783657520865 -0.006861939004011219 391168
1783657521508 -0.0024616424743726384 393216
1783657522166 -0.0011851583767565899 395264
1783657522977 -0.0017829318912845338 397312
1783657523746 -0.0015164356118475553 399360
1783657524391 -0.0017551853925397154 401408
1783657525071 -0.00048238699673675 403456
1783657525793 -0.0006288452386797871 405504
1783657526489 0.00016522070654900745 407552
1783657527212 -0.001060326918377541 409600
1783657527899 0.0005023194498789962 411648
1783657528696 -5.617002898361534e-06 413696
1783657529362 0.00018303002434549853 415744
1783657530091 -0.0014663040783489123 417792
1783657530928 -0.0006324760652205441 419840
1783657531678 -0.001125138773204526 421888
1783657532406 -0.0015232721234497149 423936
1783657533062 -0.0017256653627555352 425984
1783657533788 -0.007942948371237435 428032
1783657534462 -0.0011977697467955295 430080
1783657535111 -0.0004974187941115815 432128
1783657535862 -0.0031059753473527962 434176
1783657536539 -0.0008905288850655779 436224
1783657537259 -0.0015267835442500655 438272
1783657537999 -0.0025346181137138046 440320
1783657538749 -0.00035824632504954934 442368
1783657539517 -0.004604113884852268 444416
1783657540171 -0.0013677352962986333 446464
1783657540926 2.6423360395710915e-05 448512
1783657541732 -0.0005821018712595105 450560
1783657542457 -0.0010010969126597047 452608
1783657543258 0.0004362836843938567 454656
1783657544047 -0.00031562783624394797 456704
1783657544744 0.0003356932975293603 458752
1783657545514 -0.0028084479599783663 460800
1783657546284 -0.0002300648447999265 462848
1783657547074 -0.0010782238095998764 464896
1783657547826 -0.0012989754832233302 466944
1783657548599 -0.0010174411145271733 468992
1783657549391 -0.000279728712484939 471040
1783657550138 -0.0038906948357180227 473088
1783657550891 -0.0008962113515735837 475136
1783657551697 -0.002006763272220269 477184
1783657552467 -0.001158586183009902 479232
1783657553144 0.0006455076927522896 481280
1783657553824 0.00016121601220220327 483328
1783657554487 -0.0017377639414917212 485376
1783657555243 -5.1045701184193604e-05 487424
1783657555889 -0.003352069943503011 489472
1783657556643 -0.002024064255238045 491520
1783657557471 -0.00499697678242228 493568
1783657558249 0.00037559232077910565 495616
1783657558958 -0.0005161425506230444 497664
1783657559618 -9.407355901203118e-05 499712
1783657560528 -0.0011172951435582945 501760
1783657561261 -0.0018370950438111322 503808
1783657561961 -0.005363152664358495 505856
1783657562711 -0.0033742429404810537 507904
1783657563371 -0.003612049935327377 509952
1783657564141 -0.0017512799713585991 512000
1783657564872 -0.0059579500048130285 514048
1783657565695 -0.004389041092508705 516096
1783657566490 0.0005037871032982366 518144
1783657567271 -0.002464639241225086 520192
1783657568053 -0.0017678567382972687 522240
1783657568770 -0.00026138722023461014 524288
1783657569432 -0.0003913230248144828 526336
1783657570142 0.00011836192788905464 528384
1783657570938 -0.001771104201907292 530432
1783657571695 -0.003536453801643802 532480
1783657572413 -0.002007783459703205 534528
1783657573065 0.0002594197685539257 536576
1783657573803 -0.002166353453503689 538624
1783657574498 0.0003706976895045955 540672
1783657575266 -0.000652088663628092 542720
1783657576054 -0.0003050542509299703 544768
1783657576842 -0.0013486962016031612 546816
1783657577563 4.419634205987677e-05 548864
1783657578252 0.00035224466046201997 550912
1783657579037 -0.001510753543698229 552960
1783657579682 -0.0008167004980350612 555008
1783657580345 -0.0029483268517651595 557056
1783657581093 -0.0004690079622378107 559104
1783657581793 -0.0010612589849188225 561152
1783657582574 -0.0012838680740969721 563200
1783657583332 -0.0004778399561473634 565248
1783657584153 -0.0021051298135716934 567296
1783657584904 0.00018299177827429958 569344
1783657585547 -0.0018558150441094767 571392
1783657586322 -0.0017384103339281864 573440
1783657587080 -0.005528085210244171 575488
1783657587869 -0.001183169111754978 577536
1783657588620 -0.0005254538627923466 579584
1783657589485 -0.002000385899009416 581632
1783657590268 -0.0009247782909369562 583680
1783657590978 -0.003680136116599897 585728
1783657591621 -0.0002561819874244975 587776
1783657592379 -0.002479337501426926 589824
1783657593159 -0.0019066859895247035 591872
1783657593862 0.0003875667207466904 593920
1783657594677 -0.004860923789237859 595968
1783657595391 -0.0013819230043736752 598016
1783657596119 -0.003033613473235164 600064
1783657596911 -0.0009220693063980434 602112
1783657597602 -0.0007963002608448733 604160
1783657598386 0.0003134545077045914 606208
1783657599290 -0.0015451851722900756 608256
1783657600073 -0.003150890817778418 610304
1783657600735 -0.00035902274248655885 612352
1783657601411 -0.0005257375923974905 614400
1783657602141 -1.2311345926718786e-05 616448
1783657602816 -0.0002924908658314962 618496
1783657603526 0.00020896592832286842 620544
1783657604264 -0.00210540496482281 622592
1783657604985 -9.642315126257017e-05 624640
1783657605690 -0.0008678344638610724 626688
1783657606474 0.00041594150025048293 628736
1783657607115 -0.0016461131672258489 630784
1783657607845 -0.0035909512607759098 632832
1783657608613 -0.0007312906600418501 634880
1783657609270 -0.00426401715958491 636928
1783657610057 0.0002785875431072782 638976
1783657610800 -0.0009923575144057395 641024
1783657611618 0.0009669123446656158 643072
1783657612326 2.6600537239573896e-06 645120
1783657612997 -0.003221160499379039 647168
1783657613738 -0.0017286882684857119 649216
1783657614457 -0.0002762864860414993 651264
1783657615235 -0.0012008807570964564 653312
1783657615955 -0.0011359988602634985 655360
1783657616739 3.0055027309572324e-05 657408
1783657617529 0.00015334344789152965 659456
1783657618284 -0.0012955604179296643 661504
1783657618943 -0.0004723195233964361 663552
1783657619701 -0.001389366399962455 665600
1783657620548 -0.0021854736987734213 667648
1783657621308 -0.0026327031264372636 669696
1783657622082 -0.0032734368687670212 671744
1783657622865 -0.0024233228068624157 673792
1783657623695 -0.0006252359962672926 675840
1783657624501 -0.005284519647830166 677888
1783657625433 -0.0014782362013647798 679936
1783657626230 -0.0014669781921838876 681984
1783657626964 -0.0016952718360698782 684032
1783657627722 -0.0007454266233253293 686080
1783657628533 0.0009911021443258505 688128
1783657629378 -0.0014114832447376102 690176
1783657630182 -0.000888873721123673 692224
1783657630922 -0.002314603563718265 694272
1783657631806 -0.00031471404145122506 696320
1783657632641 -0.0016797293901618104 698368
1783657633499 -0.0017716156580718234 700416
1783657634247 0.0005700825422536582 702464
1783657635087 -0.0024702125338080805 704512
1783657635926 -0.0024856312666088343 706560
1783657636741 -0.00041103676630882546 708608
1783657637580 5.802688428957481e-05 710656
1783657638357 0.00016393127225455828 712704
1783657639179 -0.00012658700870815665 714752
1783657639993 0.0001629978432902135 716800
1783657640816 0.00035735249548451975 718848
1783657641653 -0.001982093326660106 720896
1783657642404 0.0008363633514818503 722944
1783657643225 0.0005830565933138132 724992
1783657643931 -0.0006323628549580462 727040
1783657644847 0.00015301876919693314 729088
1783657645629 -0.0018859695446735714 731136
1783657646505 -0.00043371452193241566 733184
1783657647314 -0.002886143913201522 735232
1783657648132 -0.001072570634278236 737280
1783657648900 -0.0016147910901054274 739328
1783657649747 -0.001355091040750267 741376
1783657650560 -0.00172468777600443 743424
1783657651359 -0.00646683949889848 745472
1783657652231 -0.00018369189638178796 747520
1783657653066 -0.0026247770256304648 749568
1783657653835 -0.0007089365572028328 751616
1783657654579 -0.004492909945838619 753664
1783657655350 0.00040225467455456965 755712
1783657656270 -0.0007427242089761421 757760
1783657657071 -0.0048477763448318 759808
1783657657907 -0.0009417674955329858 761856
1783657658765 -0.0014146100438665599 763904
1783657659587 -0.0022411172358260956 765952
1783657660451 -0.0008409742804360576 768000
1783657661297 -0.0012286064666113816 770048
1783657662109 -0.0017672572648734786 772096
1783657662894 -0.0004956749289704021 774144
1783657663657 -0.0004405488980410155 776192
1783657664431 -9.176137609756552e-05 778240
1783657665254 -0.00018873638691729866 780288
1783657666117 -0.00016415621939813718 782336
1783657666923 -0.0010262090690957848 784384
1783657667779 -0.0006158825781312771 786432
1783657668652 -0.0009505881789664272 788480
1783657669493 -0.00031376182232634164 790528
1783657670242 0.00015068939683260396 792576
1783657671083 -0.0040879416410462 794624
1783657671851 0.0006484865953098051 796672
1783657672613 -0.0012165516563982237 798720
1783657673490 0.00035218093398725614 800768
1783657674221 -0.0020642790477722883 802816
1783657674927 0.0002653352639754303 804864
1783657675768 -0.0004985982559446711 806912
1783657676598 -0.000790710182627663 808960
1783657677411 -0.00022475079276773613 811008
1783657678241 -0.0014243116238503717 813056
1783657678990 0.00019310464631416835 815104
1783657679824 -0.0010337446437915787 817152
1783657680627 -0.0007529668691859115 819200
1783657681386 -0.0004264118215360213 821248
1783657682162 -0.001401156321662711 823296
1783657683043 -0.0013001960978726856 825344
1783657683907 -0.0012211483553983271 827392
1783657684703 -0.0007022561949270312 829440
1783657685534 -0.0011326146304782014 831488
1783657686428 -0.0008045078902796376 833536
1783657687267 -0.0010166154097532853 835584
1783657688086 -0.0008132770672091283 837632
1783657688934 0.0001952039856405463 839680
1783657690000 0.00047292589806602336 841728
1783657690826 -0.002847699448466301 843776
1783657691596 -0.0004640384577214718 845824
1783657692436 -0.0007123591822164599 847872
1783657693279 -0.0008322411813423969 849920
1783657694108 -0.00032594888034509495 851968
1783657694944 1.990652526728809e-05 854016
1783657695861 -0.002035703999354155 856064
1783657696793 -0.0010454068797116634 858112
1783657697699 -0.001486351222411031 860160
1783657698605 -0.00046686418500030413 862208
1783657699438 0.00041699155553942546 864256
1783657700316 -0.0027624439317150973 866304
1783657701186 -0.0014253790868679062 868352
1783657701951 0.00022969327255850658 870400
1783657702766 -0.0001829033062676899 872448
1783657703674 2.2695665393257514e-05 874496
1783657704469 -0.0012224871534272097 876544
1783657705415 -4.8428159061586484e-05 878592
1783657706258 0.00039759821083862334 880640
1783657707114 -0.0008751114764891099 882688
1783657707991 -0.0014251147003960796 884736
1783657708816 -0.00047208182331814896 886784
1783657709586 0.00020651892555179074 888832
1783657710555 -0.0011105325356766116 890880
1783657711377 -0.0012515982925833669 892928
1783657712255 -0.0012719614533125423 894976
1783657713202 -0.0005383496572903823 897024
1783657714086 -0.0005769425551989116 899072
1783657714845 -0.0001309013932768721 901120
1783657715747 -0.0005248846318863798 903168
1783657716533 -0.0017784266674425453 905216
1783657717492 -0.0025372065319970716 907264
1783657718358 8.916751539800316e-06 909312
1783657719217 -0.0009890858382277656 911360
1783657720108 -0.0002707364546949975 913408
1783657720994 0.00016711319767637178 915456
1783657721873 -0.00013525417307391763 917504
1783657722713 -0.001677264619502239 919552
1783657723570 -0.00033478928889962845 921600
1783657724524 -0.002083449904603185 923648
1783657725392 0.0007136105705285445 925696
1783657726214 -0.005938660713582067 927744
1783657727148 6.254414620343596e-05 929792
1783657728010 -0.0008647487993584946 931840
1783657728793 -1.1780019121943042e-05 933888
1783657729640 -0.00348226342612179 935936
1783657730409 -0.003017754730535671 937984
1783657731314 -2.3790318664396182e-05 940032
1783657732119 -0.0035336880064278375 942080
1783657733036 -0.0029317513908608817 944128
1783657733848 -0.004343764121585991 946176
1783657734710 -0.0008142358201439492 948224
1783657735552 -0.0003256883464928251 950272
1783657736432 -0.00043983175964967813 952320
1783657737257 -0.0018672005317057483 954368
1783657738134 -0.00117830966701149 956416
1783657738964 -0.0008467220068268944 958464
1783657739819 -6.595879131054971e-05 960512
1783657740613 -0.002407934378425125 962560
1783657741414 -0.0013255728699732572 964608
1783657742146 -0.0004746986051031854 966656
1783657742996 0.00022346591867972165 968704
1783657743748 0.000617829409748083 970752
1783657744399 -0.0003069691520067863 972800
1783657745128 -0.0032418348018836696 974848
1783657745906 -0.0005611727610812522 976896
1783657746643 -0.0015182081770035438 978944
1783657747455 -0.0004695963980339002 980992
1783657748220 -0.00066203755341121 983040
1783657748991 5.062713353254367e-05 985088
1783657749767 0.0002735442394623533 987136
1783657750441 -0.0004703516933659557 989184
1783657751106 -0.0011995248351013288 991232
1783657751871 -0.0010468597065482754 993280
1783657752594 -0.0017927642147697043 995328
1783657753381 0.0003095051542914007 997376
1783657754066 -0.0005948207181063481 999424
