1783657378898 2387.0504146663275 2048
1783657379636 2566.1976002135425 4096
1783657380370 2636.676581069009 6144
1783657381143 2639.480707254087 8192
1783657381818 2710.409557677355 10240
1783657382512 2747.6309260636954 12288
1783657383246 2753.3675958723443 14336
1783657383918 2787.0231586273158 16384
1783657384630 2796.7235119127185 18432
1783657385385 2788.236497099157 20480
1783657386169 2771.0680494916696 22528
1783657387061 2724.2647548814343 24576
1783657387791 2730.2960572508346 26624
1783657388504 2739.9632767394232 28672
1783657389286 2731.5660368590597 30720
1783657389991 2741.749771376146 32768
1783657390656 2759.5010490832483 34816
1783657391343 2771.0998973169017 36864
1783657392081 2771.327288383073 38912
1783657392834 2768.6746324524206 40960
1783657393508 2780.4180019679943 43008
1783657394167 2793.799802067135 45056
1783657394822 2806.8280218783943 47104
1783657395589 2800.8202896683765 49152
1783657396331 2799.091161091015 51200
1783657397112 2791.870290223714 53248
1783657397834 2793.5411168648698 55296
1783657398629 2785.1620390362214 57344
1783657399374 2783.9098771183485 59392
1783657400079 2787.706483838173 61440
1783657400850 2783.2374015688406 63488
1783657401510 2792.2629524762838 65536
1783657402147 2803.496802523611 67584
1783657402896 2801.3533665802906 69632
1783657403620 2802.11804941162 71680
1783657404370 2800.1290556747294 73728
1783657405036 2806.946427973399 75776
1783657405708 2812.741182919453 77824
1783657406437 2812.6808001433815 79872
1783657407096 2819.3188557472627 81920
1783657407880 2813.9166553870245 83968
1783657408662 2808.960332970611 86016
1783657409445 2804.068987014413 88064
1783657410152 2806.166709281187 90112
1783657410811 2812.2003107957885 92160
1783657411599 2807.1894864845203 94208
1783657412244 2814.1636984854185 96256
1783657412925 2817.9028076789446 98304
1783657413632 2819.4564393309124 100352
1783657414336 2821.226764393217 102400
1783657415149 2814.5781765047627 104448
1783657415816 2819.1116192916656 106496
1783657416471 2824.3926084387167 108544
1783657417190 2824.8251365239016 110592
1783657417912 2825.0473937374504 112640
1783657418687 2821.5549857383517 114688
1783657419379 2823.818790045424 116736
1783657420135 2821.8090603506475 118784
1783657420906 2818.8292426496623 120832
1783657421709 2813.851939257482 122880
1783657422497 2810.0897061536766 124928
1783657423257 2808.092993772559 126976
1783657423949 2810.406374166728 129024
1783657424707 2808.636663803054 131072
1783657425464 2807.0107545603 133120
1783657426219 2805.5137532483814 135168
1783657426916 2807.4071981467705 137216
1783657427612 2809.305496879085 139264
1783657428385 2806.839532859279 141312
1783657429160 2804.3504104913745 143360
1783657429920 2802.781954178392 145408
1783657430655 2802.535689798879 147456
1783657431323 2805.8234370600558 149504
1783657432054 2805.772071441294 151552
1783657432805 2804.667320628209 153600
1783657433572 2802.8374845144886 155648
1783657434323 2801.826099750852 157696
1783657435003 2804.3296236532697 159744
1783657435807 2800.7713811277536 161792
1783657436459 2804.5701478064207 163840
1783657437150 2806.401371870785 165888
1783657437841 2808.2320879602175 167936
1783657438509 2811.0613400713 169984
1783657439220 2811.8826982378077 172032
1783657439989 2810.0574811708357 174080
1783657440755 2808.3518455768644 176128
1783657441486 2808.273660037932 178176
1783657442151 2811.1157032713877 180224
1783657442881 2811.0268213329173 182272
1783657443573 2812.603508280823 184320
1783657444268 2814.0230105524993 186368
1783657445047 2811.8605344982384 188416
1783657445749 2812.9602777033056 190464
1783657446492 2812.3304127415217 192512
1783657447277 2810.0541131941804 194560
1783657448053 2808.153745545069 196608
1783657448803 2807.3136497626865 198656
1783657449580 2805.474834800425 200704
1783657450379 2802.7878837432136 202752
1783657451091 2803.4932274627013 204800
1783657451871 2801.6403801892307 206848
1783657452808 2793.917816041544 208896
1783657453568 2792.9145468052775 210944
1783657454340 2791.4965683963505 212992
1783657455088 2790.9852392162397 215040
1783657455825 2790.8554725328936 217088
1783657456630 2788.323081981758 219136
1783657457405 2786.918407043203 221184
1783657458128 2787.3309600159687 223232
1783657458906 2785.8253436011814 225280
1783657459678 2784.580331461241 227328
1783657460461 2782.9704455504293 229376
1783657461353 2777.7437092777623 231424
1783657462173 2775.01706808319 233472
1783657462924 2774.6005853048846 235520
1783657463675 2774.187728572624 237568
1783657464413 2774.17297439031 239616
1783657465149 2774.2661604943996 241664
1783657465909 2773.5695341342057 243712
1783657466625 2774.278259919055 245760
1783657467419 2772.534600501114 247808
1783657468130 2773.3915463577828 249856
1783657468918 2771.891702809202 251904
1783657469654 2771.96161752765 253952
1783657470337 2773.6425157391363 256000
1783657471115 2772.47193512189 258048
1783657471907 2770.88741723745 260096
1783657472699 2769.352778160265 262144
1783657473494 2767.7181847927523 264192
1783657474217 2768.2214213233356 266240
1783657474958 2768.172955092382 268288
1783657475670 2768.9858324958195 270336
1783657476457 2767.647248601997 272384
1783657477243 2766.3710089916754 274432
1783657478035 2764.929119555151 276480
1783657478763 2765.269778537116 278528
1783657479425 2767.4294788575003 280576
1783657480196 2766.588224937252 282624
1783657480950 2766.211817509225 284672
1783657481743 2764.8143734878095 286720
1783657482414 2766.6599526859377 288768
1783657483112 2767.763268408545 290816
1783657483898 2766.569639834899 292864
1783657484708 2764.7665408559715 294912
1783657485530 2762.668231934031 296960
1783657486278 2762.5039884888433 299008
1783657486994 2763.134823257283 301056
1783657487796 2761.61007110896 303104
1783657488492 2762.738581544242 305152
1783657489192 2763.7707821782046 307200
1783657489937 2763.6741294589783 309248
1783657490709 2762.9068884401195 311296
1783657491526 2761.0750860304433 313344
1783657492331 2759.5551826017904 315392
1783657493088 2759.1836483578154 317440
1783657493836 2759.0510589795203 319488
1783657494574 2759.1515333886127 321536
1783657495297 2759.6132131055765 323584
1783657496099 2758.1941495570936 325632
1783657496767 2759.92783103259 327680
1783657497649 2756.7007795918034 329728
1783657498443 2755.527878383137 331776
1783657499190 2755.4498844591276 333824
1783657500046 2752.9072162995108 335872
1783657500850 2751.5690550684067 337920
1783657501600 2751.4323996832213 339968
1783657502390 2750.426389728929 342016
1783657503124 2750.651891385111 344064
1783657503772 2752.774871043203 346112
1783657504581 2751.34819940873 348160
1783657505254 2752.8932764911115 350208
1783657505924 2754.4785955530274 352256
1783657506712 2753.5444368445583 354304
1783657507482 2752.973857346353 356352
1783657508316 2751.0722979106195 358400
1783657509232 2747.4733602002984 360448
1783657510003 2746.936599428114 362496
1783657510774 2746.4150590420595 364544
1783657511565 2745.4860273604413 366592
1783657512386 2743.9593110079018 368640
1783657513261 2741.3387477238484 370688
1783657514038 2740.7477701114553 372736
1783657514731 2741.8315332286866 374784
1783657515417 2743.043518099988 376832
1783657516132 2743.679633844994 378880
1783657516890 2743.4423672305848 380928
1783657517674 2742.6991735933966 382976
1783657518558 2740.0348696168458 385024
1783657519340 2739.3500607206047 387072
1783657520144 2738.2647369976016 389120
1783657520865 2738.783650514463 391168
1783657521508 2740.7810273093783 393216
1783657522166 2742.477820533252 395264
1783657522977 2741.2612221459913 397312
1783657523746 2740.8495482532408 399360
1783657524391 2742.762585733752 401408
1783657525071 2744.0107732256492 403456
1783657525793 2744.47114792831 405504
1783657526489 2745.391484808465 407552
1783657527212 2745.810115025195 409600
1783657527899 2746.8957998661954 411648
1783657528696 2745.948339266069 413696
1783657529362 2747.4017328001937 415744
1783657530091 2747.7115005519236 417792
1783657530928 2746.055946409592 419840
1783657531678 2745.9800722239816 421888
1783657532406 2746.3018849736723 423936
1783657533062 2747.885909286596 425984
1783657533788 2748.2226545508106 428032
1783657534462 2749.4776902489807 430080
1783657535111 2751.161864551891 432128
1783657535862 2751.039701537444 434176
1783657536539 2752.215922978042 436224
1783657537259 2752.6333406012295 438272
1783657537999 2752.6989865435644 440320
1783657538749 2752.5908123398926 442368
1783657539517 2752.1870979038363 444416
1783657540171 2753.7201387068376 446464
1783657540926 2753.5340661959453 448512
1783657541732 2752.4754097045984 450560
1783657542457 2752.8000927565213 452608
1783657543258 2751.8463616855242 454656
1783657544047 2751.1067850853733 456704
1783657544744 2751.8837131951273 458752
1783657545514 2751.459673034386 460800
1783657546284 2751.041299878797 462848
1783657547074 2750.2989907972005 464896
1783657547826 2750.188814296251 466944
1783657548599 2749.726815980533 468992
1783657549391 2748.967934532974 471040
1783657550138 2748.9342702228464 473088
1783657550891 2748.809499709027 475136
1783657551697 2747.8473053173075 477184
1783657552467 2747.45820425163 479232
1783657553144 2748.532385500513 481280
1783657553824 2749.557770298046 483328
1783657554487 2750.8261855384594 485376
1783657555243 2750.652297864639 487424
1783657555889 2752.175723188672 489472
1783657556643 2752.017805445159 491520
1783657557471 2750.7332524337694 493568
1783657558249 2750.2280732405766 495616
1783657558958 2750.7652895153524 497664
1783657559618 2752.0471371453973 499712
1783657560528 2749.5426136081073 501760
1783657561261 2749.715453516567 503808
1783657561961 2750.3882322906097 505856
1783657562711 2750.3051552157453 507904
1783657563371 2751.562170480197 509952
1783657564141 2751.1934181810234 512000
1783657564872 2751.3933201630143 514048
1783657565695 2750.2354055231945 516096
1783657566490 2749.497052886697 518144
1783657567271 2748.9774079435283 520192
1783657568053 2748.4374164660703 522240
1783657568770 2748.850168449607 524288
1783657569432 2750.037808613351 526336
1783657570142 2750.5388172668736 528384
1783657570938 2749.8047912185534 530432
1783657571695 2749.6198134990605 532480
1783657572413 2750.0047767031288 534528
1783657573065 2751.3161340759675 536576
1783657573803 2751.398494542662 538624
1783657574498 2752.095828615172 540672
1783657575266 2751.761628481226 542720
1783657576054 2751.1530969526657 544768
1783657576842 2750.5535197128115 546816
1783657577563 2750.869280099931 548864
1783657578252 2751.6371648895156 550912
1783657579037 2751.0760541033137 552960
1783657579682 2752.4386989336535 555008
1783657580345 2753.538320707536 557056
1783657581093 2753.4802401665215 559104
1783657581793 2754.075327570259 561152
1783657582574 2753.5649904848847 563200
1783657583332 2753.3845448346806 565248
1783657584153 2752.3523119219444 567296
1783657584904 2752.2616950589922 569344
1783657585547 2753.599374040343 571392
1783657586322 2753.1854152639767 573440
1783657587080 2752.9984641947535 575488
1783657587869 2752.4072559860774 577536
1783657588620 2752.315025934237 579584
1783657589485 2750.7445608882354 581632
1783657590268 2750.2466859915426 583680
1783657590978 2750.6913131085144 585728
1783657591621 2751.999680009075 587776
1783657592379 2751.820702726402 589824
1783657593159 2751.368132366975 591872
1783657593862 2751.891112878885 593920
1783657594677 2750.9979612454845 595968
1783657595391 2751.37475709111 598016
1783657596119 2751.5881219912812 600064
1783657596911 2750.9820768470026 602112
1783657597602 2751.654535370763 604160
1783657598386 2751.1586223752433 606208
1783657599290 2749.179714342144 608256
1783657600073 2748.7063264951234 610304
1783657600735 2749.727730289085 612352
1783657601411 2750.570968872637 614400
1783657602141 2750.7600377802337 616448
1783657602816 2751.6085277153165 618496
1783657603526 2752.021771425374 620544
1783657604264 2752.1031059225434 622592
1783657604985 2752.3747877452665 624640
1783657605690 2752.847938466188 626688
1783657606474 2752.369467452766 628736
1783657607115 2753.6091774438237 630784
1783657607845 2753.7713828275914 632832
1783657608613 2753.4833292691683 634880
1783657609270 2754.5203756006217 636928
1783657610057 2753.9948758707674 638976
1783657610800 2754.0045983613595 641024
1783657611618 2753.137365151333 643072
1783657612326 2753.55546822546 645120
1783657612997 2754.4058785503016 647168
1783657613738 2754.434621275875 649216
1783657614457 2754.7191892792493 651264
1783657615235 2754.3220930918183 653312
1783657615955 2754.593023659457 655360
1783657616739 2754.120274052051 657408
1783657617529 2753.5951778707677 659456
1783657618284 2753.462890197882 661504
1783657618943 2754.430521570339 663552
1783657619701 2754.2652512410073 665600
1783657620548 2753.0976128114016 667648
1783657621308 2752.9118545367287 669696
1783657622082 2752.57113765469 671744
1783657622865 2752.1366936057257 673792
1783657623695 2751.1676672231197 675840
1783657624501 2750.482535178377 677888
1783657625433 2748.3962357254954 679936
1783657626230 2747.82064544216 681984
1783657626964 2747.9488768964784 684032
1783657627722 2747.811842296287 686080
1783657628533 2747.0858834337037 688128
1783657629378 2746.003801874879 690176
1783657630182 2745.3652931454376 692224
1783657630922 2745.4374454327885 694272
1783657631806 2743.944961527989 696320
1783657632641 2742.990961461364 698368
1783657633499 2741.787077554426 700416
1783657634247 2741.7813757493195 702464
1783657635087 2740.783645191981 704512
1783657635926 2739.8125577849755 706560
1783657636741 2739.1013840938203 708608
1783657637580 2738.137782867705 710656
1783657638357 2737.8246992442796 712704
1783657639179 2737.051681663928 714752
1783657639993 2736.3616342201453 716800
1783657640816 2735.590022728228 718848
1783657641653 2734.675223125364 720896
1783657642404 2734.6454499869737 722944
1783657643225 2733.9088763052227 724992
1783657643931 2734.351204154242 727040
1783657644847 2732.6356625729222 729088
1783657645629 2732.301933802325 731136
1783657646505 2731.0199867404713 733184
1783657647314 2730.420168396332 735232
1783657648132 2729.7340401832957 737280
1783657648900 2729.557340944437 739328
1783657649747 2728.587301503871 741376
1783657650560 2727.954458490342 743424
1783657651359 2727.4765163370053 745472
1783657652231 2726.27449184036 747520
1783657653066 2725.439858443116 749568
1783657653835 2725.2635764789566 751616
1783657654579 2725.344274815673 753664
1783657655350 2725.153195911634 755712
1783657656270 2723.499449795451 757760
1783657657071 2723.021413613002 759808
1783657657907 2722.206973743921 761856
1783657658765 2721.178444499227 763904
1783657659587 2720.5044747971738 765952
1783657660451 2719.438245832143 768000
1783657661297 2718.5493810511325 770048
1783657662109 2717.980142350987 772096
1783657662894 2717.682350637718 774144
1783657663657 2717.5906238664056 776192
1783657664431 2717.4021116990875 778240
1783657665254 2716.7470287169494 780288
1783657666117 2715.7154864797303 782336
1783657666923 2715.2313104322134 784384
1783657667779 2714.276205902251 786432
1783657668652 2713.16429729305 788480
1783657669493 2712.3614486682827 790528
1783657670242 2712.42378093517 792576
1783657671083 2711.6240346222708 794624
1783657671851 2711.503996948612 796672
1783657672613 2711.4429395551306 798720
1783657673490 2710.3287525543196 800768
1783657674221 2710.5577687181326 802816
1783657674927 2711.009569974315 804864
1783657675768 2710.2243956201864 806912
1783657676598 2709.5508383050624 808960
1783657677411 2709.0384279697373 811008
1783657678241 2708.3647335462906 813056
1783657678990 2708.4307034751987 815104
1783657679824 2707.7307208133907 817152
1783657680627 2707.313127358064 819200
1783657681386 2707.2963628040256 821248
1783657682162 2707.124726064872 823296
1783657683043 2706.0160569640084 825344
1783657683907 2705.0695212260657 827392
1783657684703 2704.72142748238 829440
1783657685534 2704.079944871377 831488
1783657686428 2702.8814864677543 833536
1783657687267 2702.1653814228557 835584
1783657688086 2701.6316699870026 837632
1783657688934 2700.850382488848 839680
1783657690000 2698.185179863797 841728
1783657690826 2697.6095439949227 843776
1783657691596 2697.5147026635245 845824
1783657692436 2696.825803751187 847872
1783657693279 2696.108388664733 849920
1783657694108 2695.519302948656 851968
1783657694944 2694.8741782665675 854016
1783657695861 2693.535403735639 856064
1783657696793 2692.0856807353925 858112
1783657697699 2690.8642712155147 860160
1783657698605 2689.6449310631806 862208
1783657699438 2689.048456969795 864256
1783657700316 2688.076286614137 866304
1783657701186 2687.1748518059 868352
1783657701951 2687.1531351495596 870400
1783657702766 2686.7136451562415 872448
1783657703674 2685.516722078429 874496
1783657704469 2685.245510187071 876544
1783657705415 2683.7456832431712 878592
1783657706258 2683.09302854563 880640
1783657707114 2682.333260854598 882688
1783657707991 2681.4161592746736 884736
1783657708816 2680.9138983982657 886784
1783657709586 2680.8671953727726 888832
1783657710555 2679.216582860274 890880
1783657711377 2678.7485624824794 892928
1783657712255 2677.845730795263 894976
1783657713202 2676.3885594594344 897024
1783657714086 2675.4442299123098 899072
1783657714845 2675.489704903952 901120
1783657715747 2674.412467659015 903168
1783657716533 2674.2515801309346 905216
1783657717492 2672.729271767228 907264
1783657718358 2671.9469770308497 909312
1783657719217 2671.2173106737823 911360
1783657720108 2670.2483500578173 913408
1783657720994 2669.3207919036277 915456
1783657721873 2668.4521709437436 917504
1783657722713 2667.897001935464 919552
1783657723570 2667.204155740373 921600
1783657724524 2665.7729074260296 923648
1783657725392 2665.0052345875047 925696
1783657726214 2664.5929453768345 927744
1783657727148 2663.332954386937 929792
1783657728010 2662.625277430642 931840
1783657728793 2662.5207729793374 933888
1783657729640 2661.9305329130534 935936
1783657730409 2661.934705546758 937984
1783657731314 2660.91403600159 940032
1783657732119 2660.6472405317695 942080
1783657733036 2659.5437266925273 944128
1783657733848 2659.2309521513794 946176
1783657734710 2658.5413206227713 948224
1783657735552 2658.0093055041807 950272
1783657736432 2657.2020020576115 952320
1783657737257 2656.795098147777 954368
1783657738134 2656.0142569329546 956416
1783657738964 2655.5848025608675 958464
1783657739819 2654.9644047747174 960512
1783657740613 2654.8024884176034 962560
1783657741414 2654.5873712834295 964608
1783657742146 2654.8720946520366 966656
1783657742996 2654.298404387807 968704
1783657743748 2654.4420293769144 970752
1783657744399 2655.3161742997704 972800
1783657745128 2655.6250417291653 974848
1783657745906 2655.5714243328716 976896
1783657746643 2655.8160902465497 978944
1783657747455 2655.5269833767466 980992
1783657748220 2655.570653341938 983040
1783657748991 2655.5707421164984 985088
1783657749767 2655.534122545012 987136
1783657750441 2656.233812113536 989184
1783657751106 2656.985962837189 991232
1783657751871 2657.0237291223175 993280
1783657752594 2657.3692723529475 995328
1783657753381 2657.252624256322 997376
1783657754066 2657.8558343460313 999424
