1783657378898 41.396192997694016 2048
1783657379636 38.00974449515343 4096
1783657380370 34.47153523564339 6144
1783657381143 33.79473130404949 8192
1783657381818 40.95457722246647 10240
1783657382512 48.70646408200264 12288
1783657383246 52.505964919924736 14336
1783657383918 52.282599955797195 16384
1783657384630 51.46463629603386 18432
1783657385385 51.87911322712898 20480
1783657386169 51.9562623500824 22528
1783657387061 48.3550088852644 24576
1783657387791 44.9711057394743 26624
1783657388504 47.1678661108017 28672
1783657389286 51.37997668981552 30720
1783657389991 47.16171154379845 32768
1783657390656 50.24071151018143 34816
1783657391343 50.72712689638138 36864
1783657392081 58.774430841207504 38912
1783657392834 61.056786850094795 40960
1783657393508 63.63678780198097 43008
1783657394167 50.428540125489235 45056
1783657394822 36.715489849448204 47104
1783657395589 29.969419330358505 49152
1783657396331 43.357629634439945 51200
1783657397112 62.720553159713745 53248
1783657397834 58.92575695365667 55296
1783657398629 96.8123567700386 57344
1783657399374 66.21942191570997 59392
1783657400079 57.782363429665565 61440
1783657400850 54.801015704870224 63488
1783657401510 53.128625355660915 65536
1783657402147 49.59634831547737 67584
1783657402896 65.39824068173766 69632
1783657403620 85.6345192193985 71680
1783657404370 94.29811273515224 73728
1783657405036 101.71785604953766 75776
1783657405708 90.86173598468304 77824
1783657406437 106.68611815571785 79872
1783657407096 79.63839230686426 81920
1783657407880 88.49791760742664 83968
1783657408662 87.00699508190155 86016
1783657409445 105.0279820561409 88064
1783657410152 61.73474761098623 90112
1783657410811 54.150575555860996 92160
1783657411599 74.44570824503899 94208
1783657412244 75.3952305316925 96256
1783657412925 46.54139411076903 98304
1783657413632 50.329650204628706 100352
1783657414336 57.93476317077875 102400
1783657415149 60.17861441522837 104448
1783657415816 61.01264359802008 106496
1783657416471 83.62324077636003 108544
1783657417190 72.28400982171297 110592
1783657417912 90.08564300835133 112640
1783657418687 91.97446041554213 114688
1783657419379 70.21067423000932 116736
1783657420135 90.9715416431427 118784
1783657420906 79.98092913627625 120832
1783657421709 89.83740232139826 122880
1783657422497 88.9238321185112 124928
1783657423257 97.53867405653 126976
1783657423949 77.04204581677914 129024
1783657424707 67.56606706231833 131072
1783657425464 87.96959868818521 133120
1783657426219 57.72988296300173 135168
1783657426916 69.00010211765766 137216
1783657427612 69.73774830251932 139264
1783657428385 49.0072875674814 141312
1783657429160 60.8958930298686 143360
1783657429920 74.64649765193462 145408
1783657430655 71.55934691429138 147456
1783657431323 48.25374882668257 149504
1783657432054 52.29213026538491 151552
1783657432805 62.89996783807874 153600
1783657433572 63.81397284567356 155648
1783657434323 75.61190273240209 157696
1783657435003 63.43499545753002 159744
1783657435807 63.87342496216297 161792
1783657436459 52.35893540084362 163840
1783657437150 65.1518424525857 165888
1783657437841 53.16027601994574 167936
1783657438509 66.13842218369246 169984
1783657439220 66.31241340190172 172032
1783657439989 66.38315869495273 174080
1783657440755 54.07946640625596 176128
1783657441486 67.06139489635825 178176
1783657442151 54.60416763648391 180224
1783657442881 55.07970887795091 182272
1783657443573 55.475230345502496 184320
1783657444268 55.81607007980347 186368
1783657445047 55.91063159331679 188416
1783657445749 56.239782113581896 190464
1783657446492 66.56172139942646 192512
1783657447277 65.30175921320915 194560
1783657448053 55.257295805960894 196608
1783657448803 55.67867365851998 198656
1783657449580 40.80159302800894 200704
1783657450379 50.14734157547355 202752
1783657451091 57.50848475843668 204800
1783657451871 71.8240293264389 206848
1783657452808 56.57112544029951 208896
1783657453568 55.81212966144085 210944
1783657454340 57.180389650166035 212992
1783657455088 57.71826860308647 215040
1783657455825 68.06241705268621 217088
1783657456630 57.01849504932761 219136
1783657457405 56.96259256824851 221184
1783657458128 42.61217853613198 223232
1783657458906 55.90075027011335 225280
1783657459678 57.415709152817726 227328
1783657460461 60.06075195595622 229376
1783657461353 54.797847313806415 231424
1783657462173 58.324320055544376 233472
1783657462924 70.80505783110857 235520
1783657463675 58.309856444597244 237568
1783657464413 57.84082561172545 239616
1783657465149 57.96948353946209 241664
1783657465909 58.052151940763 243712
1783657466625 57.955040615051985 245760
1783657467419 70.18934177979827 247808
1783657468130 57.482805363833904 249856
1783657468918 57.53607140108943 251904
1783657469654 57.473774744197726 253952
1783657470337 70.34719005972147 256000
1783657471115 55.11767117679119 258048
1783657471907 70.68751281499863 260096
1783657472699 54.82341938465834 262144
1783657473494 80.9178325086832 264192
1783657474217 56.168000128120184 266240
1783657474958 56.59915217384696 268288
1783657475670 56.75985960662365 270336
1783657476457 57.12080499343574 272384
1783657477243 70.5602219067514 274432
1783657478035 56.87258361838758 276480
1783657478763 57.03106374293566 278528
1783657479425 56.35292640142143 280576
1783657480196 57.4902938939631 282624
1783657480950 69.53759207203984 284672
1783657481743 57.62494296953082 286720
1783657482414 71.1246026866138 288768
1783657483112 57.42408945411444 290816
1783657483898 57.59312056005001 292864
1783657484708 71.2509560212493 294912
1783657485530 56.22642619907856 296960
1783657486278 56.95970940962434 299008
1783657486994 67.94373374059796 301056
1783657487796 62.99750469997525 303104
1783657488492 56.76783148571849 305152
1783657489192 65.6663885563612 307200
1783657489937 56.57108793593943 309248
1783657490709 57.151555731892586 311296
1783657491526 57.572661120444536 313344
1783657492331 57.798870239406824 315392
1783657493088 57.64111542329192 317440
1783657493836 94.74584008008242 319488
1783657494574 54.40165177732706 321536
1783657495297 63.85851261019707 323584
1783657496099 54.51195598393679 325632
1783657496767 50.039922032505274 327680
1783657497649 52.73149944283068 329728
1783657498443 65.66648611426353 331776
1783657499190 52.76739275455475 333824
1783657500046 58.645044673234224 335872
1783657500850 58.49223258346319 337920
1783657501600 57.237352564930916 339968
1783657502390 51.5491724088788 342016
1783657503124 66.75229390710592 344064
1783657503772 56.9333013985306 346112
1783657504581 58.656986743211746 348160
1783657505254 58.08612092025578 350208
1783657505924 58.579398065805435 352256
1783657506712 58.71919964067638 354304
1783657507482 58.7252045404166 356352
1783657508316 58.41702966764569 358400
1783657509232 58.29437998868525 360448
1783657510003 68.88457722216845 362496
1783657510774 57.727432265877724 364544
1783657511565 57.85639410093427 366592
1783657512386 56.83701232820749 368640
1783657513261 70.4566840082407 370688
1783657514038 55.67736957594752 372736
1783657514731 57.55065916851163 374784
1783657515417 67.63735180348158 376832
1783657516132 54.08421599492431 378880
1783657516890 69.07832451537251 380928
1783657517674 56.188482880592346 382976
1783657518558 57.91863228753209 385024
1783657519340 57.25638232752681 387072
1783657520144 58.83003297075629 389120
1783657520865 104.11456944048405 391168
1783657521508 57.02232549712062 393216
1783657522166 57.135995380580425 395264
1783657522977 64.88430884480476 397312
1783657523746 66.34957652539015 399360
1783657524391 57.19967847317457 401408
1783657525071 71.57055102288723 403456
1783657525793 58.05464310199022 405504
1783657526489 58.27548694610596 407552
1783657527212 58.1784907002002 409600
1783657527899 58.10442087426782 411648
1783657528696 58.141946628689766 413696
1783657529362 58.10016620717943 415744
1783657530091 70.85731394588947 417792
1783657530928 56.96066948398948 419840
1783657531678 57.687926622107625 421888
1783657532406 57.74685896374285 423936
1783657533062 57.69114012271166 425984
1783657533788 124.88031288981438 428032
1783657534462 56.11209089308977 430080
1783657535111 50.270990297198296 432128
1783657535862 67.17449999973178 434176
1783657536539 56.19315022602677 436224
1783657537259 53.32074050232768 438272
1783657537999 54.60191326588392 440320
1783657538749 55.2262223996222 442368
1783657539517 63.78107525035739 444416
1783657540171 55.04375081509352 446464
1783657540926 55.653747856616974 448512
1783657541732 55.569295570254326 450560
1783657542457 55.43121219240129 452608
1783657543258 56.28525198251009 454656
1783657544047 69.53014085069299 456704
1783657544744 55.83788437396288 458752
1783657545514 55.94199973158538 460800
1783657546284 54.804965276271105 462848
1783657547074 57.0836456567049 464896
1783657547826 55.9661327265203 466944
1783657548599 57.660094710066915 468992
1783657549391 56.73978198133409 471040
1783657550138 55.261881997808814 473088
1783657550891 56.06022603996098 475136
1783657551697 55.549675434827805 477184
1783657552467 59.85867376625538 479232
1783657553144 43.60833826288581 481280
1783657553824 46.153404626995325 483328
1783657554487 37.952967358753085 485376
1783657555243 40.820767141878605 487424
1783657555889 21.45907505787909 489472
1783657556643 26.587630819529295 491520
1783657557471 21.475276770070195 493568
1783657558249 24.392999909818172 495616
1783657558958 25.728197592310607 497664
1783657559618 27.955721789970994 499712
1783657560528 22.493558084592223 501760
1783657561261 18.174251067452133 503808
1783657561961 14.424845663830638 505856
1783657562711 17.883200709708035 507904
1783657563371 15.040166292339563 509952
1783657564141 36.046131054870784 512000
1783657564872 24.9430646430701 514048
1783657565695 60.708814684301615 516096
1783657566490 47.32182432897389 518144
1783657567271 48.487426137551665 520192
1783657568053 59.05026152357459 522240
1783657568770 66.32470804080367 524288
1783657569432 76.40424847602844 526336
1783657570142 63.73656549677253 528384
1783657570938 63.68325327336788 530432
1783657571695 51.99877907708287 532480
1783657572413 61.26056529767811 534528
1783657573065 60.90088925883174 536576
1783657573803 62.743960386142135 538624
1783657574498 60.013350531458855 540672
1783657575266 57.32154100947082 542720
1783657576054 60.59177572838962 544768
1783657576842 63.102120108902454 546816
1783657577563 60.23376813158393 548864
1783657578252 61.09419071674347 550912
1783657579037 56.72054349631071 552960
1783657579682 60.41783877648413 555008
1783657580345 59.17929282411933 557056
1783657581093 72.42959697172046 559104
1783657581793 59.957385782152414 561152
1783657582574 59.51638270355761 563200
1783657583332 57.57609919831157 565248
1783657584153 57.92745277285576 567296
1783657584904 69.27753645926714 569344
1783657585547 56.60951605439186 571392
1783657586322 53.957181598991156 573440
1783657587080 57.43872943520546 575488
1783657587869 60.21099088899791 577536
1783657588620 60.126987194642425 579584
1783657589485 60.07117296755314 581632
1783657590268 58.532808016985655 583680
1783657590978 59.378701163455844 585728
1783657591621 58.784684566780925 587776
1783657592379 58.66456848755479 589824
1783657593159 68.7858052123338 591872
1783657593862 55.90333285368979 593920
1783657594677 96.23981937766075 595968
1783657595391 65.20630371198058 598016
1783657596119 68.14843561127782 600064
1783657596911 54.96687339246273 602112
1783657597602 53.681349489837885 604160
1783657598386 63.91024843417108 606208
1783657599290 56.896118093281984 608256
1783657600073 55.42081200517714 610304
1783657600735 55.866193080320954 612352
1783657601411 56.932246970012784 614400
1783657602141 56.963660676032305 616448
1783657602816 57.349604124203324 618496
1783657603526 57.66833746060729 620544
1783657604264 71.20788696035743 622592
1783657604985 57.14043730869889 624640
1783657605690 57.56282362528145 626688
1783657606474 57.69371836259961 628736
1783657607115 57.036078782752156 630784
1783657607845 69.48581712692976 632832
1783657608613 56.72840667888522 634880
1783657609270 74.89836037904024 636928
1783657610057 56.7771819550544 638976
1783657610800 56.69953675195575 641024
1783657611618 56.47192009538412 643072
1783657612326 57.21215989254415 645120
1783657612997 69.71245301887393 647168
1783657613738 55.75037731602788 649216
1783657614457 56.46399610303342 651264
1783657615235 70.26798643544316 653312
1783657615955 56.90406296774745 655360
1783657616739 57.27526446990669 657408
1783657617529 70.42672343924642 659456
1783657618284 56.309199914336205 661504
1783657618943 56.759990602731705 663552
1783657619701 69.3348378278315 665600
1783657620548 56.23015722259879 667648
1783657621308 67.34801686555147 669696
1783657622082 55.511989541351795 671744
1783657622865 62.9541235268116 673792
1783657623695 55.10416485182941 675840
1783657624501 55.43229681625962 677888
1783657625433 69.10941576957703 679936
1783657626230 54.092608731240034 681984
1783657626964 57.71825650706887 684032
1783657627722 56.46935351379216 686080
1783657628533 58.62380677089095 688128
1783657629378 68.41741674393415 690176
1783657630182 57.082967825233936 692224
1783657630922 55.299336006864905 694272
1783657631806 58.77172524295747 696320
1783657632641 58.670314222574234 698368
1783657633499 58.99197404459119 700416
1783657634247 72.68281083740294 702464
1783657635087 58.515854217112064 704512
1783657635926 57.01419274136424 706560
1783657636741 58.3109882324934 708608
1783657637580 58.01488561555743 710656
1783657638357 58.29303735308349 712704
1783657639179 57.81611776351929 714752
1783657639993 57.76915393024683 716800
1783657640816 58.8788498416543 718848
1783657641653 58.77685717865825 720896
1783657642404 58.872284963727 722944
1783657643225 60.86129671148956 724992
1783657643931 59.05294605344534 727040
1783657644847 59.03983002528548 729088
1783657645629 71.97375475615263 731136
1783657646505 58.232824141159654 733184
1783657647314 71.40191508829594 735232
1783657648132 57.34269215352833 737280
1783657648900 57.51006018742919 739328
1783657649747 57.80242660269141 741376
1783657650560 70.5678684040904 743424
1783657651359 62.999131839722395 745472
1783657652231 56.93747232668102 747520
1783657653066 56.98571649938822 749568
1783657653835 56.68844059482217 751616
1783657654579 58.02369352243841 753664
1783657655350 58.197947861626744 755712
1783657656270 70.97799178212881 757760
1783657657071 67.22504175454378 759808
1783657657907 56.87708416953683 761856
1783657658765 56.8947635833174 763904
1783657659587 56.353587444871664 765952
1783657660451 56.45861869677901 768000
1783657661297 50.92694713547826 770048
1783657662109 57.896882032975554 772096
1783657662894 56.79541994072497 774144
1783657663657 55.31702324561775 776192
1783657664431 53.05247524380684 778240
1783657665254 51.98314803466201 780288
1783657666117 70.24353303387761 782336
1783657666923 50.57509705424309 784384
1783657667779 52.40556965395808 786432
1783657668652 57.21384545043111 788480
1783657669493 55.62463242188096 790528
1783657670242 56.14768033288419 792576
1783657671083 53.23306270502508 794624
1783657671851 53.26057945564389 796672
1783657672613 55.35220020823181 798720
1783657673490 55.30320783518255 800768
1783657674221 70.36344998702407 802816
1783657674927 61.170191023498774 804864
1783657675768 59.92435587383807 806912
1783657676598 57.87964430823922 808960
1783657677411 59.38060828112066 811008
1783657678241 56.554160606116056 813056
1783657678990 58.590418100357056 815104
1783657679824 69.34408101066947 817152
1783657680627 59.21097147092223 819200
1783657681386 59.28839261084795 821248
1783657682162 73.78205429017544 823296
1783657683043 55.48837646469474 825344
1783657683907 57.96844481676817 827392
1783657684703 57.52208161726594 829440
1783657685534 59.82600463181734 831488
1783657686428 73.04778775200248 833536
1783657687267 59.128322249278426 835584
1783657688086 58.6517013926059 837632
1783657688934 58.824430733919144 839680
1783657690000 58.37317349947989 841728
1783657690826 57.374849958345294 843776
1783657691596 58.29992849379778 845824
1783657692436 57.949024230241776 847872
1783657693279 58.98853078298271 849920
1783657694108 74.3571801148355 851968
1783657694944 58.09519755654037 854016
1783657695861 58.03809363767505 856064
1783657696793 56.92297500744462 858112
1783657697699 56.16793180257082 860160
1783657698605 54.89272087812424 862208
1783657699438 58.38500014692545 864256
1783657700316 58.68779869005084 866304
1783657701186 58.965800542384386 868352
1783657701951 58.660902915522456 870400
1783657702766 58.71960107423365 872448
1783657703674 71.46044321730733 874496
1783657704469 57.784111481159925 876544
1783657705415 57.774563340470195 878592
1783657706258 57.38425326347351 880640
1783657707114 57.961168460547924 882688
1783657707991 56.97435467503965 884736
1783657708816 58.06468228250742 886784
1783657709586 57.960928006097674 888832
1783657710555 69.63006522506475 890880
1783657711377 57.35358353704214 892928
1783657712255 57.81207103282213 894976
1783657713202 56.90367624349892 897024
1783657714086 56.66246423870325 899072
1783657714845 58.08265780471265 901120
1783657715747 57.908520424738526 903168
1783657716533 70.92061262577772 905216
1783657717492 66.30422349274158 907264
1783657718358 56.75780093297362 909312
1783657719217 56.95290399342775 911360
1783657720108 56.29306795075536 913408
1783657720994 57.17036610469222 915456
1783657721873 57.471273666247725 917504
1783657722713 57.37830934114754 919552
1783657723570 57.98400843888521 921600
1783657724524 57.30833537876606 923648
1783657725392 57.78566216304898 925696
1783657726214 82.49022438377142 927744
1783657727148 56.98172656074166 929792
1783657728010 56.48563138395548 931840
1783657728793 55.86866342276335 933888
1783657729640 67.7640838548541 935936
1783657730409 56.72696441784501 937984
1783657731314 57.34861337020993 940032
1783657732119 65.57389546185732 942080
1783657733036 58.58588433638215 944128
1783657733848 71.11827179044485 946176
1783657734710 57.844195153564215 948224
1783657735552 53.87124392576516 950272
1783657736432 57.22186955809593 952320
1783657737257 56.47052997723222 954368
1783657738134 59.16025844961405 956416
1783657738964 59.15617164596915 958464
1783657739819 60.49650326371193 960512
1783657740613 71.37525949627161 962560
1783657741414 57.3061536885798 964608
1783657742146 56.7594695314765 966656
1783657742996 58.199870869517326 968704
1783657743748 56.024900363758206 970752
1783657744399 58.24793487414718 972800
1783657745128 66.4293232448399 974848
1783657745906 58.69006381556392 976896
1783657746643 57.85474334470928 978944
1783657747455 59.540133994072676 980992
1783657748220 59.904281524941325 983040
1783657748991 59.50696675479412 985088
1783657749767 58.3640963435173 987136
1783657750441 58.30107024125755 989184
1783657751106 69.95942044258118 991232
1783657751871 58.206970889121294 993280
1783657752594 58.15554331615567 995328
1783657753381 58.468491930514574 997376
1783657754066 71.60439925640821 999424
