1775485149454 -31.010839 5
1775485149474 -29.631279 10
1775485149487 -30.471106 13
1775485149515 -27.575084 20
1775485149555 -32.297026 31
1775485149569 -30.758346 34
1775485149603 -31.287952 43
1775485149632 -33.370902 51
1775485149652 -28.887967 56
1775485149678 -31.146818 63
1775485149714 -29.967865 67
1775485149751 -30.933923 72
1775485149770 -29.919079 75
1775485149802 -28.767034 80
1775485149828 -28.964692 84
1775485149854 -31.617886 88
1775485149909 -26.544924 98
1775485149929 -31.008724 101
1775485149941 -30.411914 103
1775485149954 -30.142364 106
1775485149971 -29.477272 110
1775485149999 -27.961336 117
1775485150023 -32.518875 123
1775485150042 -30.378534 128
