1775485149454 5.0 5
1775485149474 5.0 10
1775485149487 3.0 13
1775485149515 7.0 20
1775485149555 11.0 31
1775485149569 3.0 34
1775485149603 9.0 43
1775485149632 8.0 51
1775485149652 5.0 56
1775485149678 7.0 63
1775485149714 4.0 67
1775485149751 5.0 72
1775485149770 3.0 75
1775485149802 5.0 80
1775485149828 4.0 84
1775485149854 4.0 88
1775485149909 10.0 98
1775485149929 3.0 101
1775485149941 2.0 103
1775485149954 3.0 106
1775485149971 4.0 110
1775485149999 7.0 117
1775485150023 6.0 123
1775485150042 5.0 128
