1783629326110 1.3301507569849491 2048
1783629326865 1.3219705568626523 4096
1783629327728 1.320761381648481 6144
1783629328568 1.293882348574698 8192
1783629329341 1.2842303533107042 10240
1783629330163 1.295205687172711 12288
1783629330978 1.2503924295306206 14336
1783629331847 1.2796618407592177 16384
1783629332716 1.2160469135269523 18432
1783629333562 1.2142128543928266 20480
1783629334281 1.2068058121949434 22528
1783629335207 1.190449989400804 24576
1783629335990 1.2106013763695955 26624
1783629336729 1.241945649497211 28672
1783629337644 1.261928723193705 30720
1783629338514 1.218227168545127 32768
1783629339439 1.2550922501832247 34816
1783629340254 1.1949846558272839 36864
1783629341202 1.139324601739645 38912
1783629342117 1.21253680344671 40960
1783629343052 1.1371681652963161 43008
1783629343974 1.1333404257893562 45056
1783629344835 1.123634671792388 47104
1783629345740 1.1089055109769106 49152
1783629346631 1.1939498987048864 51200
1783629347505 1.188083766028285 53248
1783629348320 1.1614336566999555 55296
1783629349162 1.1165224928408861 57344
1783629350087 1.172696408815682 59392
1783629350925 1.1541803739964962 61440
1783629351701 1.0480809211730957 63488
1783629352491 1.177388058975339 65536
1783629353385 1.1344471974298358 67584
1783629354325 1.1239897646009922 69632
1783629355108 1.1722852680832148 71680
1783629355969 1.183630719780922 73728
1783629356814 1.0772957233712077 75776
1783629357724 1.026034353300929 77824
1783629358665 1.0725374221801758 79872
1783629359461 1.0010062661021948 81920
1783629360294 1.0815398264676332 83968
1783629361025 1.0396304936148226 86016
1783629361855 1.135353034362197 88064
1783629362688 1.0788248162716627 90112
1783629363561 1.0549119636416435 92160
1783629364471 1.0735409492626786 94208
1783629365474 1.1318928766995668 96256
1783629366393 1.0099777351133525 98304
1783629367454 1.093108526431024 100352
1783629368420 1.0234203222207725 102400
1783629369235 1.0689584463834763 104448
1783629370183 0.9992592097260058 106496
1783629371080 0.9971944401040673 108544
1783629372120 0.9177737776190042 110592
1783629373047 1.0466001317836344 112640
1783629373985 0.9779445552267134 114688
1783629374885 1.0415573450736701 116736
1783629375743 0.9932965110056102 118784
1783629376568 0.9525200007483363 120832
1783629377510 0.981430402956903 122880
1783629378352 0.9644769923761487 124928
1783629379218 0.9642704976722598 126976
1783629380067 0.8898487174883485 129024
1783629381014 0.904449590947479 131072
1783629381926 0.9638458611443639 133120
1783629382807 0.9326759977266192 135168
1783629383787 0.9779986306093633 137216
1783629384677 0.8985110609792173 139264
1783629385502 0.7959607834927738 141312
1783629386513 0.7726319571956992 143360
1783629387356 0.8623460968956351 145408
1783629388267 0.8309205090627074 147456
1783629389226 0.8871630895882845 149504
1783629390168 0.8941144421696663 151552
1783629391048 0.828603885602206 153600
1783629391939 0.8186973901465535 155648
1783629392925 0.8946193880401552 157696
1783629393777 0.8195136389695108 159744
1783629394632 0.8296067044138908 161792
1783629395452 0.9227723693475127 163840
1783629396343 0.8780416380614042 165888
1783629397338 0.9241122505627573 167936
1783629398278 0.9743402497842908 169984
1783629399322 0.791919038631022 172032
1783629400270 0.9109694054350257 174080
1783629401216 0.8607517969794571 176128
1783629402177 0.8219030923210084 178176
1783629403224 0.8711743028834462 180224
1783629404272 0.8898016968742013 182272
1783629405152 0.9016521289013326 184320
1783629406153 0.8539553508162498 186368
1783629407163 0.9574450175277889 188416
1783629408103 0.8208876154385507 190464
1783629409077 0.826311859767884 192512
1783629410000 0.8737777541391551 194560
1783629410894 0.8948331703431904 196608
1783629411854 0.8767298334278166 198656
1783629412804 0.9345769104547799 200704
1783629413771 0.9042349387891591 202752
1783629414700 0.7348184105940163 204800
1783629415676 0.790592233184725 206848
1783629416612 0.8232139023020864 208896
1783629417537 0.8875402742996812 210944
1783629418411 0.89087188616395 212992
1783629419295 0.7962130359373987 215040
1783629420214 0.8780031185597181 217088
1783629421140 0.8055961010977626 219136
1783629421978 0.8876241790130734 221184
1783629422736 0.8904547761194408 223232
1783629423560 0.9188839327543974 225280
1783629424415 0.8242369685322046 227328
1783629425203 0.8649955987930298 229376
1783629426032 0.8069512075744569 231424
1783629426861 0.8583844504319131 233472
1783629427693 0.9020911138504744 235520
1783629428487 0.8731613662093878 237568
1783629429293 0.9605458877049387 239616
1783629430100 0.8855164861306548 241664
1783629430777 0.8287799712270498 243712
1783629431583 0.8956565926782787 245760
1783629432401 0.8991488520987332 247808
1783629433195 0.9318887991830707 249856
1783629434003 0.9383103172294796 251904
1783629434833 0.9576956927776337 253952
1783629435610 0.8561817011795938 256000
1783629436415 0.8911881665699184 258048
1783629437285 0.9133609244599938 260096
1783629438052 0.9982301988638937 262144
1783629438873 0.8455416793003678 264192
1783629439693 0.9324162355624139 266240
1783629440474 0.8704361780546606 268288
1783629441295 0.8580865892581642 270336
1783629442133 0.8397903218865395 272384
1783629442924 0.8916783961467445 274432
1783629443775 0.8876628754660487 276480
1783629444626 0.8719135252758861 278528
1783629445428 0.7935802191495895 280576
1783629446253 0.863672761246562 282624
1783629447044 0.971722244285047 284672
1783629447792 0.8330756579525769 286720
1783629448581 0.890661486890167 288768
1783629449351 0.8489120858721435 290816
1783629450082 0.9197550523094833 292864
1783629450847 0.9263908839784563 294912
1783629451723 0.7992416983470321 296960
1783629452462 0.9262559516355395 299008
1783629453325 0.7869576518423855 301056
1783629454159 0.9119541910476983 303104
1783629454894 0.8708555814810097 305152
1783629455616 0.9367020511999726 307200
1783629456344 0.9009713716804981 309248
1783629457114 0.9581312397494912 311296
1783629457896 0.8691334640607238 313344
1783629458726 0.9518549195490777 315392
1783629459448 0.8606654363684356 317440
1783629460313 0.9219679646193981 319488
1783629461182 0.7258955901488662 321536
1783629461961 0.8805706459097564 323584
1783629462770 0.9348697625100613 325632
1783629463588 0.9311046926304698 327680
1783629464293 0.8204226321540773 329728
1783629465109 0.8279290953651071 331776
1783629465948 0.8816915322095156 333824
1783629466723 0.9193846411071718 335872
1783629467578 0.7818502909503877 337920
1783629468404 0.7632579510100186 339968
1783629469144 0.8089551785960793 342016
1783629469927 0.9037809553556144 344064
1783629470771 0.8819256820715964 346112
1783629471544 0.887392365373671 348160
1783629472363 0.8838562765158713 350208
1783629473242 0.8035641796886921 352256
1783629474080 0.7785564404912293 354304
1783629474812 0.8416385077871382 356352
1783629475665 0.7184539753943682 358400
1783629476494 0.8201545048505068 360448
1783629477284 0.9037953149527311 362496
1783629478091 0.9685041853226721 364544
1783629478941 0.9027444655075669 366592
1783629479693 0.8956786361522973 368640
1783629480547 0.7860441105440259 370688
1783629481539 0.9001600714400411 372736
1783629482362 0.7625592569820583 374784
1783629483112 0.9079871820285916 376832
1783629483959 0.8134794416837394 378880
1783629484773 0.876490343362093 380928
1783629485645 0.9257291681133211 382976
1783629486367 0.8913588770665228 385024
1783629487147 0.8185039828531444 387072
1783629487957 0.8569960771128535 389120
1783629488697 0.7443389887921512 391168
1783629489401 0.8550068545155227 393216
1783629490250 0.881663822568953 395264
1783629490959 0.8682112437672913 397312
1783629491736 0.8079096414148808 399360
1783629492573 0.7185098314657807 401408
