1783629326110 0.005174884950974956 2048
1783629326865 0.0032441407165606506 4096
1783629327728 0.003917310204997193 6144
1783629328568 0.0028251098628970794 8192
1783629329341 0.0010089807183248922 10240
1783629330163 0.004887162533123046 12288
1783629330978 0.003579457050363999 14336
1783629331847 0.0042612922479747795 16384
1783629332716 0.00206506802351214 18432
1783629333562 0.006447355932323262 20480
1783629334281 0.004560916044283658 22528
1783629335207 0.00668757358653238 24576
1783629335990 0.008160077944921795 26624
1783629336729 0.004018785213702358 28672
1783629337644 0.003289226893684827 30720
1783629338514 0.007661231014935765 32768
1783629339439 0.005977118846203666 34816
1783629340254 0.0062669618127983995 36864
1783629341202 0.00512075064034434 38912
1783629342117 0.003794646378082689 40960
1783629343052 0.0010409001406515017 43008
1783629343974 0.0027419003235991113 45056
1783629344835 0.005973948136670515 47104
1783629345740 0.0038937044009799138 49152
1783629346631 0.0071143841778393835 51200
1783629347505 0.007503704124246724 53248
1783629348320 0.003585864935303107 55296
1783629349162 0.0035896480112569407 57344
1783629350087 -0.00046495899005094543 59392
1783629350925 0.0061781139665981755 61440
1783629351701 0.00293651080573909 63488
1783629352491 0.006333183504466433 65536
1783629353385 0.0019405547573114745 67584
1783629354325 0.003860786135192029 69632
1783629355108 0.006466037062637042 71680
1783629355969 0.005348880782548804 73728
1783629356814 0.0029549588507506996 75776
1783629357724 0.003933172440156341 77824
1783629358665 0.005017878786020447 79872
1783629359461 0.009368175866256934 81920
1783629360294 0.004144293714489322 83968
1783629361025 0.005278916920360643 86016
1783629361855 0.0037871335225645453 88064
1783629362688 0.005699618777725846 90112
1783629363561 0.015377933283161838 92160
1783629364471 0.004211855433823075 94208
1783629365474 0.0074101572899962775 96256
1783629366393 0.005797132791485637 98304
1783629367454 0.009456138526729774 100352
1783629368420 0.003675861000374425 102400
1783629369235 0.004803546471521258 104448
1783629370183 0.0044201502605574206 106496
1783629371080 0.00467841461795615 108544
1783629372120 0.006532883307954762 110592
1783629373047 0.008341571003256831 112640
1783629373985 0.0051264358626212925 114688
1783629374885 0.00976332801656099 116736
1783629375743 0.0030048914995859377 118784
1783629376568 -0.0004979179284418933 120832
1783629377510 0.0032621398349874653 122880
1783629378352 0.006487385762738995 124928
1783629379218 0.0026352836066507734 126976
1783629380067 0.006591090670553967 129024
1783629381014 0.002568058014730923 131072
1783629381926 0.007183479981904384 133120
1783629382807 0.005379064241424203 135168
1783629383787 0.001827507330744993 137216
1783629384677 0.0051703561475733295 139264
1783629385502 0.003011055800016038 141312
1783629386513 0.0008224125849665143 143360
1783629387356 0.002215350374171976 145408
1783629388267 0.0013938416668679565 147456
1783629389226 0.0017936029325937852 149504
1783629390168 0.001396834952174686 151552
1783629391048 0.0021761665047961287 153600
1783629391939 0.006593886770133395 155648
1783629392925 0.002273362028063275 157696
1783629393777 0.003379771012987476 159744
1783629394632 0.0038970401365077123 161792
1783629395452 0.006240380600502249 163840
1783629396343 0.0007213300414150581 165888
1783629397338 -0.0005669110178132541 167936
1783629398278 0.004728272106149234 169984
1783629399322 0.0032010362701839767 172032
1783629400270 2.983642480103299e-05 174080
1783629401216 0.0017945545914699323 176128
1783629402177 0.0024918815615819767 178176
1783629403224 0.00372634351515444 180224
1783629404272 0.0020109454126213677 182272
1783629405152 0.002145726408343762 184320
1783629406153 -0.0004861775232711807 186368
1783629407163 0.0026382218493381515 188416
1783629408103 0.00019227551092626527 190464
1783629409077 0.002310602598299738 192512
1783629410000 0.0012928731594001874 194560
1783629410894 0.003008325795235578 196608
1783629411854 0.002755878733296413 198656
1783629412804 0.008116268654703163 200704
1783629413771 0.0025286560266977176 202752
1783629414700 0.002382878024945967 204800
1783629415676 0.00279213202156825 206848
1783629416612 0.0057332220749231055 208896
1783629417537 0.001403212758305017 210944
1783629418411 0.0033696177779347636 212992
1783629419295 0.004988612861779984 215040
1783629420214 0.0053913311785436235 217088
1783629421140 0.004649525631975848 219136
1783629421978 0.0007214927536551841 221184
1783629422736 0.006336491052934434 223232
1783629423560 0.002098558412399143 225280
1783629424415 0.004809843972907402 227328
1783629425203 0.005392727172875311 229376
1783629426032 0.002526683900214266 231424
1783629426861 0.004466785227123182 233472
1783629427693 0.0004652269490179606 235520
1783629428487 0.0045715520609519444 237568
1783629429293 0.002532829428673722 239616
1783629430100 0.0025125931133516133 241664
1783629430777 0.008778492694546003 243712
1783629431583 0.002849772383342497 245760
1783629432401 0.0009094181805266999 247808
1783629433195 0.006016067723976448 249856
1783629434003 0.005954188665782567 251904
1783629434833 -0.00019318568956805393 253952
1783629435610 0.0021596337828668766 256000
1783629436415 0.0026474467013031244 258048
1783629437285 0.00769185114040738 260096
1783629438052 0.001218427212734241 262144
1783629438873 0.0023574875594931655 264192
1783629439693 0.0028381859156070277 266240
1783629440474 0.007979525391419884 268288
1783629441295 0.0012121608742745593 270336
1783629442133 0.0018014891247730702 272384
1783629442924 0.005362709205655847 274432
1783629443775 0.001777321369445417 276480
1783629444626 0.003390000478248112 278528
1783629445428 0.0013661044431501068 280576
1783629446253 0.004514460473728832 282624
1783629447044 0.005987434677081183 284672
1783629447792 0.006752625427907333 286720
1783629448581 0.004215763205138501 288768
1783629449351 0.0034471569379093125 290816
1783629450082 0.0030605385909439065 292864
1783629450847 0.005265751307888422 294912
1783629451723 0.0018507855493226089 296960
1783629452462 0.002864832124032546 299008
1783629453325 0.0010748178756330162 301056
1783629454159 0.006403865692846011 303104
1783629454894 0.00505861135025043 305152
1783629455616 0.007713511324254796 307200
1783629456344 0.007019920136372093 309248
1783629457114 0.0036216815205989406 311296
1783629457896 0.0027187697996851057 313344
1783629458726 0.0019812375467154197 315392
1783629459448 0.0014115019148448482 317440
1783629460313 0.0014205530096660368 319488
1783629461182 0.002255136234452948 321536
1783629461961 0.0023555818625027314 323584
1783629462770 0.0033254266236326657 325632
1783629463588 0.005273790236969944 327680
1783629464293 0.0020017692222609185 329728
1783629465109 0.0016721470674383454 331776
1783629465948 0.0013116814006934874 333824
1783629466723 0.002676978983799927 335872
1783629467578 0.001380076770146843 337920
1783629468404 0.00209342225571163 339968
1783629469144 0.0023701933459960856 342016
1783629469927 0.0018058279165416025 344064
1783629470771 0.001107502612285316 346112
1783629471544 0.0037987972973496653 348160
1783629472363 0.0017993265428231098 350208
1783629473242 0.003149893651425373 352256
1783629474080 0.00039686357195023447 354304
1783629474812 0.0010113412208738737 356352
1783629475665 0.00038923969987081364 358400
1783629476494 0.0032973637571558356 360448
1783629477284 0.005570044289925136 362496
1783629478091 0.0021894241363042966 364544
1783629478941 0.004173367560724728 366592
1783629479693 0.0011956122616538778 368640
1783629480547 0.0022604769401368685 370688
1783629481539 0.005161630833754316 372736
1783629482362 0.004547674740024377 374784
1783629483112 0.002880506195651833 376832
1783629483959 -0.00021041709987912327 378880
1783629484773 0.0018414302176097408 380928
1783629485645 0.005350005747459363 382976
1783629486367 0.001319239345320966 385024
1783629487147 0.001692666883172933 387072
1783629487957 0.0036484136726357974 389120
1783629488697 0.0038684357641614042 391168
1783629489401 0.0020767736932612024 393216
1783629490250 0.0013586024506366812 395264
1783629490959 0.00356498306064168 397312
1783629491736 -0.0005490399780683219 399360
1783629492573 0.0007629537503817119 401408
