1783629326110 0.2 2048
1783629326865 0.1 4096
1783629327728 0.05 6144
1783629328568 0.025 8192
1783629329341 0.0125 10240
1783629330163 0.00625 12288
1783629330978 0.003125 14336
1783629331847 0.0015625 16384
1783629332716 0.00078125 18432
1783629333562 0.00078125 20480
1783629334281 0.000390625 22528
1783629335207 0.000390625 24576
1783629335990 0.000390625 26624
1783629336729 0.0001953125 28672
1783629337644 9.765625e-05 30720
1783629338514 9.765625e-05 32768
1783629339439 9.765625e-05 34816
1783629340254 9.765625e-05 36864
1783629341202 9.765625e-05 38912
1783629342117 4.8828125e-05 40960
1783629343052 2.44140625e-05 43008
1783629343974 1.220703125e-05 45056
1783629344835 1.220703125e-05 47104
1783629345740 6.103515625e-06 49152
1783629346631 6.103515625e-06 51200
1783629347505 6.103515625e-06 53248
1783629348320 3.0517578125e-06 55296
1783629349162 1.52587890625e-06 57344
1783629350087 7.62939453125e-07 59392
1783629350925 7.62939453125e-07 61440
1783629351701 3.814697265625e-07 63488
1783629352491 3.814697265625e-07 65536
1783629353385 1.9073486328125e-07 67584
1783629354325 9.5367431640625e-08 69632
1783629355108 9.5367431640625e-08 71680
1783629355969 9.5367431640625e-08 73728
1783629356814 4.76837158203125e-08 75776
1783629357724 2.384185791015625e-08 77824
1783629358665 2.384185791015625e-08 79872
1783629359461 2.384185791015625e-08 81920
1783629360294 1.1920928955078126e-08 83968
1783629361025 1.1920928955078126e-08 86016
1783629361855 5.960464477539063e-09 88064
1783629362688 5.960464477539063e-09 90112
1783629363561 5.960464477539063e-09 92160
1783629364471 2.9802322387695314e-09 94208
1783629365474 2.9802322387695314e-09 96256
1783629366393 2.9802322387695314e-09 98304
1783629367454 2.9802322387695314e-09 100352
1783629368420 1.4901161193847657e-09 102400
1783629369235 7.450580596923829e-10 104448
1783629370183 3.7252902984619143e-10 106496
1783629371080 1.8626451492309571e-10 108544
1783629372120 1.8626451492309571e-10 110592
1783629373047 1.8626451492309571e-10 112640
1783629373985 1.8626451492309571e-10 114688
1783629374885 1.8626451492309571e-10 116736
1783629375743 9.313225746154786e-11 118784
1783629376568 4.656612873077393e-11 120832
1783629377510 2.3283064365386964e-11 122880
1783629378352 2.3283064365386964e-11 124928
1783629379218 1.1641532182693482e-11 126976
1783629380067 1.1641532182693482e-11 129024
1783629381014 5.820766091346741e-12 131072
1783629381926 5.820766091346741e-12 133120
1783629382807 5.820766091346741e-12 135168
1783629383787 2.9103830456733705e-12 137216
1783629384677 2.9103830456733705e-12 139264
1783629385502 1.4551915228366853e-12 141312
1783629386513 7.275957614183426e-13 143360
1783629387356 3.637978807091713e-13 145408
1783629388267 1.8189894035458566e-13 147456
1783629389226 9.094947017729283e-14 149504
1783629390168 4.5474735088646414e-14 151552
1783629391048 2.2737367544323207e-14 153600
1783629391939 2.2737367544323207e-14 155648
1783629392925 1.1368683772161604e-14 157696
1783629393777 5.684341886080802e-15 159744
1783629394632 2.842170943040401e-15 161792
1783629395452 2.842170943040401e-15 163840
1783629396343 1.4210854715202005e-15 165888
1783629397338 7.105427357601002e-16 167936
1783629398278 3.552713678800501e-16 169984
1783629399322 1.7763568394002506e-16 172032
1783629400270 8.881784197001253e-17 174080
1783629401216 4.4408920985006264e-17 176128
1783629402177 2.2204460492503132e-17 178176
1783629403224 1.1102230246251566e-17 180224
1783629404272 5.551115123125783e-18 182272
1783629405152 2.7755575615628915e-18 184320
1783629406153 1.3877787807814458e-18 186368
1783629407163 6.938893903907229e-19 188416
1783629408103 3.4694469519536144e-19 190464
1783629409077 1.7347234759768072e-19 192512
1783629410000 8.673617379884036e-20 194560
1783629410894 4.336808689942018e-20 196608
1783629411854 2.168404344971009e-20 198656
1783629412804 2.168404344971009e-20 200704
1783629413771 1.0842021724855045e-20 202752
1783629414700 5.4210108624275225e-21 204800
1783629415676 2.7105054312137612e-21 206848
1783629416612 2.7105054312137612e-21 208896
1783629417537 1.3552527156068806e-21 210944
1783629418411 6.776263578034403e-22 212992
1783629419295 3.3881317890172015e-22 215040
1783629420214 3.3881317890172015e-22 217088
1783629421140 1.6940658945086008e-22 219136
1783629421978 8.470329472543004e-23 221184
1783629422736 8.470329472543004e-23 223232
1783629423560 4.235164736271502e-23 225280
1783629424415 2.117582368135751e-23 227328
1783629425203 2.117582368135751e-23 229376
1783629426032 1.0587911840678755e-23 231424
1783629426861 5.2939559203393774e-24 233472
1783629427693 2.6469779601696887e-24 235520
1783629428487 1.3234889800848444e-24 237568
1783629429293 6.617444900424222e-25 239616
1783629430100 3.308722450212111e-25 241664
1783629430777 3.308722450212111e-25 243712
1783629431583 1.6543612251060554e-25 245760
1783629432401 8.271806125530277e-26 247808
1783629433195 8.271806125530277e-26 249856
1783629434003 8.271806125530277e-26 251904
1783629434833 4.1359030627651386e-26 253952
1783629435610 2.0679515313825693e-26 256000
1783629436415 1.0339757656912847e-26 258048
1783629437285 1.0339757656912847e-26 260096
1783629438052 5.169878828456423e-27 262144
1783629438873 2.5849394142282116e-27 264192
1783629439693 1.2924697071141058e-27 266240
1783629440474 1.2924697071141058e-27 268288
1783629441295 6.462348535570529e-28 270336
1783629442133 3.2311742677852645e-28 272384
1783629442924 3.2311742677852645e-28 274432
1783629443775 1.6155871338926323e-28 276480
1783629444626 8.077935669463161e-29 278528
1783629445428 4.0389678347315807e-29 280576
1783629446253 2.0194839173657903e-29 282624
1783629447044 2.0194839173657903e-29 284672
1783629447792 2.0194839173657903e-29 286720
1783629448581 1.0097419586828952e-29 288768
1783629449351 5.048709793414476e-30 290816
1783629450082 2.524354896707238e-30 292864
1783629450847 2.524354896707238e-30 294912
1783629451723 1.262177448353619e-30 296960
1783629452462 6.310887241768095e-31 299008
1783629453325 3.1554436208840474e-31 301056
1783629454159 3.1554436208840474e-31 303104
1783629454894 3.1554436208840474e-31 305152
1783629455616 3.1554436208840474e-31 307200
1783629456344 3.1554436208840474e-31 309248
1783629457114 1.5777218104420237e-31 311296
1783629457896 7.888609052210118e-32 313344
1783629458726 3.944304526105059e-32 315392
1783629459448 1.9721522630525296e-32 317440
1783629460313 9.860761315262648e-33 319488
1783629461182 4.930380657631324e-33 321536
1783629461961 2.465190328815662e-33 323584
1783629462770 1.232595164407831e-33 325632
1783629463588 1.232595164407831e-33 327680
1783629464293 6.162975822039155e-34 329728
1783629465109 3.0814879110195775e-34 331776
1783629465948 1.5407439555097888e-34 333824
1783629466723 7.703719777548944e-35 335872
1783629467578 3.851859888774472e-35 337920
1783629468404 1.925929944387236e-35 339968
1783629469144 9.62964972193618e-36 342016
1783629469927 4.81482486096809e-36 344064
1783629470771 2.407412430484045e-36 346112
1783629471544 1.2037062152420225e-36 348160
1783629472363 6.018531076210112e-37 350208
1783629473242 3.009265538105056e-37 352256
1783629474080 1.504632769052528e-37 354304
1783629474812 7.52316384526264e-38 356352
1783629475665 3.76158192263132e-38 358400
1783629476494 1.88079096131566e-38 360448
1783629477284 1.88079096131566e-38 362496
1783629478091 9.4039548065783e-39 364544
1783629478941 4.70197740328915e-39 366592
1783629479693 2.350988701644575e-39 368640
1783629480547 1.1754943508222876e-39 370688
1783629481539 1.1754943508222876e-39 372736
1783629482362 5.877471754111438e-40 374784
1783629483112 2.938735877055719e-40 376832
1783629483959 1.4693679385278595e-40 378880
1783629484773 7.346839692639297e-41 380928
1783629485645 7.346839692639297e-41 382976
1783629486367 3.6734198463196487e-41 385024
1783629487147 1.8367099231598243e-41 387072
1783629487957 9.183549615799122e-42 389120
1783629488697 4.591774807899561e-42 391168
1783629489401 2.2958874039497804e-42 393216
1783629490250 1.1479437019748902e-42 395264
1783629490959 5.739718509874451e-43 397312
1783629491736 2.8698592549372255e-43 399360
1783629492573 1.4349296274686128e-43 401408
