1783629326110 -159.91429548468108 2048
1783629326865 -161.71598229773053 4096
1783629327728 -184.15322232663843 6144
1783629328568 -155.57773630252683 8192
1783629329341 -180.11183408016532 10240
1783629330163 -129.9293617105117 12288
1783629330978 -143.7339110794319 14336
1783629331847 -148.87122633651393 16384
1783629332716 -216.11401155964663 18432
1783629333562 -210.90855144635702 20480
1783629334281 -217.3166052659517 22528
1783629335207 -201.12617912679494 24576
1783629335990 -184.59516347986008 26624
1783629336729 -178.52540725145724 28672
1783629337644 -158.1154239967551 30720
1783629338514 -142.6977434540637 32768
1783629339439 -130.39355069390302 34816
1783629340254 -139.17133144104636 36864
1783629341202 -155.09087844328707 38912
1783629342117 -158.7498845737228 40960
1783629343052 -136.8497902877476 43008
1783629343974 -92.98381260715156 45056
1783629344835 -100.12946805504704 47104
1783629345740 -91.23790948579652 49152
1783629346631 -90.58002645723947 51200
1783629347505 -82.69273441371115 53248
1783629348320 -80.9961160361452 55296
1783629349162 -93.0208767416589 57344
1783629350087 -100.81568805355849 59392
1783629350925 -95.39491027591544 61440
1783629351701 -97.21948304039954 63488
1783629352491 -91.13229252517029 65536
1783629353385 -125.26790469015995 67584
1783629354325 -121.31332884541003 69632
1783629355108 -94.86398329500585 71680
1783629355969 -79.05063492271624 73728
1783629356814 -53.02433270282798 75776
1783629357724 -63.6865953847459 77824
1783629358665 -69.74450565966355 79872
1783629359461 -84.1976706531803 81920
1783629360294 -64.88934855232974 83968
1783629361025 -51.27368444665277 86016
1783629361855 -35.565011147790756 88064
1783629362688 -28.779795821243255 90112
1783629363561 -16.566440355484573 92160
1783629364471 -30.683237619867338 94208
1783629365474 -33.19910008606869 96256
1783629366393 -30.224732149950928 98304
1783629367454 -32.99960093821153 100352
1783629368420 -17.06237539031529 102400
1783629369235 -15.669062924096398 104448
1783629370183 0.7460616742096906 106496
1783629371080 13.814540964243903 108544
1783629372120 20.036278338586282 110592
1783629373047 7.784050323468662 112640
1783629373985 11.696795388352578 114688
1783629374885 6.90133405542457 116736
1783629375743 -14.650299170315805 118784
1783629376568 -19.512527955757438 120832
1783629377510 -28.5484382601553 122880
1783629378352 -28.10410049919845 124928
1783629379218 -32.690439548561514 126976
1783629380067 -35.728400077155335 129024
1783629381014 -41.993677105544656 131072
1783629381926 -37.309193639584606 133120
1783629382807 -30.997929859833015 135168
1783629383787 -14.70545020837364 137216
1783629384677 -10.610427264143174 139264
1783629385502 17.675876998501856 141312
1783629386513 28.868014775903692 143360
1783629387356 54.33047896631448 145408
1783629388267 77.13857824826361 147456
1783629389226 103.85418816694103 149504
1783629390168 134.07966453854078 151552
1783629391048 150.64557975319653 153600
1783629391939 168.0906895286369 155648
1783629392925 185.03152402049875 157696
1783629393777 166.8434776853235 159744
1783629394632 166.9423974492501 161792
1783629395452 149.6808228535945 163840
1783629396343 122.01281100024573 165888
1783629397338 112.95099770662068 167936
1783629398278 96.46729159147121 169984
1783629399322 106.67517335155367 172032
1783629400270 103.46299661900188 174080
1783629401216 138.2884521916927 176128
1783629402177 141.79473438985104 178176
1783629403224 154.60273757703666 180224
1783629404272 162.60026018210056 182272
1783629405152 165.07973635138814 184320
1783629406153 153.05602923879638 186368
1783629407163 115.79076573588536 188416
1783629408103 115.98447957104386 190464
1783629409077 118.51497717618027 192512
1783629410000 97.12299079948039 194560
1783629410894 123.49128572445173 196608
1783629411854 149.28060276392335 198656
1783629412804 151.71570897918204 200704
1783629413771 162.9992457504421 202752
1783629414700 193.12767995883866 204800
1783629415676 205.88267309662652 206848
1783629416612 207.08194649043907 208896
1783629417537 155.6153349538659 210944
1783629418411 122.04735763542837 212992
1783629419295 110.05796298502185 215040
1783629420214 94.07277578849359 217088
1783629421140 116.57956672379653 219136
1783629421978 114.61830284587401 221184
1783629422736 77.7093539694316 223232
1783629423560 59.162558456424065 225280
1783629424415 36.46110435931401 227328
1783629425203 63.08538880811866 229376
1783629426032 111.61245407487709 231424
1783629426861 128.711688743391 233472
1783629427693 113.333861330113 235520
1783629428487 81.5344194694092 237568
1783629429293 70.50390626823577 239616
1783629430100 68.30108600075344 241664
1783629430777 71.50574334023642 243712
1783629431583 79.88306492212759 245760
1783629432401 87.05343487572034 247808
1783629433195 46.56804092831548 249856
1783629434003 28.970760040466523 251904
1783629434833 13.436271759712138 253952
1783629435610 32.6171214962833 256000
1783629436415 44.372169254958365 258048
1783629437285 56.722716876713 260096
1783629438052 31.7265864880709 262144
1783629438873 33.29241217747666 264192
1783629439693 36.38782248538015 266240
1783629440474 49.65373888595722 268288
1783629441295 55.527882650461336 270336
1783629442133 46.10360650112357 272384
1783629442924 39.21672323764649 274432
1783629443775 61.30433071238234 276480
1783629444626 86.04493934888559 278528
1783629445428 97.76505001590641 280576
1783629446253 98.8695822847857 282624
1783629447044 117.25123143537583 284672
1783629447792 127.91728827551272 286720
1783629448581 121.99042434396355 288768
1783629449351 97.9426644928608 290816
1783629450082 85.12259569566828 292864
1783629450847 72.59511410736079 294912
1783629451723 92.87274264054257 296960
1783629452462 102.75751573478581 299008
1783629453325 92.24980352209903 301056
1783629454159 116.57820179559016 303104
1783629454894 144.96802765725414 305152
1783629455616 156.85608972518554 307200
1783629456344 136.41088471197403 309248
1783629457114 138.7262533970446 311296
1783629457896 144.0594730117421 313344
1783629458726 132.10576683708732 315392
1783629459448 135.11608631284048 317440
1783629460313 134.47120458711737 319488
1783629461182 151.62084012431438 321536
1783629461961 144.15128577010972 323584
1783629462770 159.3321518121621 325632
1783629463588 170.68730122417088 327680
1783629464293 167.3025510480464 329728
1783629465109 155.46148450048247 331776
1783629465948 154.0448240044278 333824
1783629466723 157.2643918196821 335872
1783629467578 147.66288976502284 337920
1783629468404 165.15566359974787 339968
1783629469144 173.21398110535657 342016
1783629469927 145.41746382955324 344064
1783629470771 143.68011948916688 346112
1783629471544 147.55827077211467 348160
1783629472363 156.12981473728672 350208
1783629473242 181.80202851063694 352256
1783629474080 187.49769940071178 354304
1783629474812 184.48076657504978 356352
1783629475665 161.89346640085228 358400
1783629476494 138.64079775074725 360448
1783629477284 150.29901309137685 362496
1783629478091 101.5602839166931 364544
1783629478941 99.20435480757689 366592
1783629479693 100.52314663453885 368640
1783629480547 96.97325567718859 370688
1783629481539 120.6987201339507 372736
1783629482362 142.38012526035124 374784
1783629483112 159.15132734175648 376832
1783629483959 152.26140980720305 378880
1783629484773 142.42389357961642 380928
1783629485645 141.23038730725295 382976
1783629486367 145.4014148295092 385024
1783629487147 144.89487917967563 387072
1783629487957 133.9288939956115 389120
1783629488697 137.98908637543028 391168
1783629489401 150.79407563696486 393216
1783629490250 171.4012751214304 395264
1783629490959 188.0048754565181 397312
1783629491736 190.18984957890254 399360
1783629492573 190.17345509167586 401408
