1783629326110 -0.007334230373089667 2048
1783629326865 -0.0032576499070273712 4096
1783629327728 -0.004773014967213385 6144
1783629328568 -0.006762545497622341 8192
1783629329341 -0.005645566550811054 10240
1783629330163 -0.0050277359841857105 12288
1783629330978 -0.006117262864790973 14336
1783629331847 -0.0033830637112259865 16384
1783629332716 -0.002418828931695316 18432
1783629333562 -0.0035121458968205843 20480
1783629334281 -0.002983558009873377 22528
1783629335207 -0.004709834582172334 24576
1783629335990 0.002825435258273501 26624
1783629336729 -0.0046206698498281185 28672
1783629337644 -0.005535247808438726 30720
1783629338514 -0.006514933513244614 32768
1783629339439 -0.00689173179489444 34816
1783629340254 -0.005843160721269669 36864
1783629341202 -0.004055843122841907 38912
1783629342117 -0.0054665921270498075 40960
1783629343052 -0.0012947447630722309 43008
1783629343974 -0.0007828636280464707 45056
1783629344835 -0.0062175406637834385 47104
1783629345740 -0.003873535148159135 49152
1783629346631 -0.004793837109900778 51200
1783629347505 -0.008215407786337892 53248
1783629348320 -0.0031792584268259816 55296
1783629349162 -0.007244854110467713 57344
1783629350087 -0.0018830361750588054 59392
1783629350925 -0.009258554313419154 61440
1783629351701 -0.00423331827732909 63488
1783629352491 -0.006102009807364084 65536
1783629353385 -0.004773455879330868 67584
1783629354325 -0.006076758952985983 69632
1783629355108 -0.006881608726871491 71680
1783629355969 -0.004784374385053525 73728
1783629356814 -0.0014232022549549583 75776
1783629357724 -0.005666571089022909 77824
1783629358665 -0.005815022883325582 79872
1783629359461 -0.007809998094671755 81920
1783629360294 -0.004741634329548106 83968
1783629361025 -0.0028832720290665748 86016
1783629361855 -0.005024792317271931 88064
1783629362688 -0.004288558349799132 90112
1783629363561 -0.010731048485467909 92160
1783629364471 -0.00244949986517895 94208
1783629365474 -0.005164322867130977 96256
1783629366393 -0.002423626330710249 98304
1783629367454 -0.005214729128056206 100352
1783629368420 -0.0017187243174703326 102400
1783629369235 -0.004436667135450989 104448
1783629370183 -0.007297168685909128 106496
1783629371080 -0.0035793724564427976 108544
1783629372120 -0.004993627462681616 110592
1783629373047 -0.010684932643926004 112640
1783629373985 -0.0016054779407568276 114688
1783629374885 -0.0072838764117477695 116736
1783629375743 -0.007583905327919638 118784
1783629376568 -0.001574003017594805 120832
1783629377510 -0.0014200997011357686 122880
1783629378352 -0.006420213227102067 124928
1783629379218 -0.001363308692816645 126976
1783629380067 -0.0027612278681772295 129024
1783629381014 -0.00508535456538084 131072
1783629381926 -0.005687131828381098 133120
1783629382807 -0.005708805023459718 135168
1783629383787 -0.003108734541456215 137216
1783629384677 -0.0034600330218381714 139264
1783629385502 -0.0029695790326513816 141312
1783629386513 -0.00425825831189286 143360
1783629387356 -0.0019547472402337007 145408
1783629388267 -0.0022939724858588306 147456
1783629389226 -0.00021741782802564558 149504
1783629390168 -0.002655264313943917 151552
1783629391048 -0.0011969671286351513 153600
1783629391939 -0.004925916386127938 155648
1783629392925 -0.002025171692366712 157696
1783629393777 -0.0026960190807585604 159744
1783629394632 -0.0015983729172148742 161792
1783629395452 -0.0017499260156910168 163840
1783629396343 -0.0012385439404170029 165888
1783629397338 -0.0014367459134518867 167936
1783629398278 -0.0016315348220814485 169984
1783629399322 -0.0015209156590572093 172032
1783629400270 -0.0016723978587833699 174080
1783629401216 -0.0022120708799775457 176128
1783629402177 -0.0019453539734968217 178176
1783629403224 -0.0023812149574951036 180224
1783629404272 -0.00355085463161231 182272
1783629405152 -0.0035591473679232877 184320
1783629406153 -0.0003739131389011163 186368
1783629407163 -0.002727950582993799 188416
1783629408103 -0.002168935359804891 190464
1783629409077 -0.0018181677187385503 192512
1783629410000 -0.0012058603260811651 194560
1783629410894 -0.0020043827244080603 196608
1783629411854 -0.0007696170032431837 198656
1783629412804 -0.0002767554615275003 200704
1783629413771 -0.0014597462577512488 202752
1783629414700 -0.0022806071865488775 204800
1783629415676 -0.002761973624728853 206848
1783629416612 -0.0024819936297717504 208896
1783629417537 -0.0011006919012288563 210944
1783629418411 -0.002380590740358457 212992
1783629419295 -0.001503819443314569 215040
1783629420214 -0.004830879131986876 217088
1783629421140 -0.0031770658897585236 219136
1783629421978 -0.0020738379389513284 221184
1783629422736 -0.004211298219161108 223232
1783629423560 -0.0013447439578158082 225280
1783629424415 -0.004914097424261854 227328
1783629425203 -0.0008554311807529302 229376
1783629426032 -0.0010930735606962116 231424
1783629426861 -0.002801440889015794 233472
1783629427693 -0.0019558491003408562 235520
1783629428487 -0.0043153908554813825 237568
1783629429293 -0.001626145300178905 239616
1783629430100 -0.0012767572334269062 241664
1783629430777 -0.0035913977098971372 243712
1783629431583 -0.001052927551427274 245760
1783629432401 0.0005447165767691331 247808
1783629433195 -0.0027099556318717077 249856
1783629434003 -0.002245473599032266 251904
1783629434833 4.0358932892559096e-05 253952
1783629435610 -0.001196425495436415 256000
1783629436415 -0.0008899132408259902 258048
1783629437285 -0.005472974322401569 260096
1783629438052 -0.000630298181931721 262144
1783629438873 -0.0008455973875243217 264192
1783629439693 -0.002134932805347489 266240
1783629440474 -0.0038161807624419453 268288
1783629441295 -0.0003389338708075229 270336
1783629442133 -0.00043383840056776535 272384
1783629442924 -0.002135225044185063 274432
1783629443775 -0.0033323859115625964 276480
1783629444626 -0.0031500319482802297 278528
1783629445428 -0.0007753206500638044 280576
1783629446253 -0.002925544880781672 282624
1783629447044 -0.0015994630648492603 284672
1783629447792 -0.0018553957361291396 286720
1783629448581 -0.005614740395685658 288768
1783629449351 -0.0032528612173337024 290816
1783629450082 -0.0012965889654878993 292864
1783629450847 -0.002427403989713639 294912
1783629451723 -0.0003060105118493084 296960
1783629452462 -0.00399002030644624 299008
1783629453325 -0.0005576369057962438 301056
1783629454159 -0.0007451006877090549 303104
1783629454894 -0.001576724795086193 305152
1783629455616 -0.004453315588762052 307200
1783629456344 -0.0025372926120326156 309248
1783629457114 -0.003814927982602967 311296
1783629457896 -0.0007877697371441172 313344
1783629458726 -0.0016895389162527863 315392
1783629459448 -0.002458747787386528 317440
1783629460313 -0.0007149546963773901 319488
1783629461182 -0.0013554476427088957 321536
1783629461961 -0.0007739742122794269 323584
1783629462770 -1.2428559784893878e-05 325632
1783629463588 -0.0014016342684044503 327680
1783629464293 -4.415719195094425e-05 329728
1783629465109 -0.0024641374529892346 331776
1783629465948 -0.0019123591700918041 333824
1783629466723 -0.003320771978906123 335872
1783629467578 -0.0013920080691605108 337920
1783629468404 -0.0011223525907553267 339968
1783629469144 -0.001031707861329778 342016
1783629469927 -0.0014538525501848198 344064
1783629470771 0.00013378404491959373 346112
1783629471544 -0.0030356435800058534 348160
1783629472363 -0.002761462868875242 350208
1783629473242 0.0002513536719561671 352256
1783629474080 0.0002738185849011643 354304
1783629474812 9.772413977771066e-05 356352
1783629475665 -0.000372079844964901 358400
1783629476494 -0.0033246215207327623 360448
1783629477284 -0.0028808800525439437 362496
1783629478091 -0.0025034390218934277 364544
1783629478941 -0.0020407779102242785 366592
1783629479693 -0.0025404492298548575 368640
1783629480547 -0.001313328319156426 370688
1783629481539 -0.001159534433099907 372736
1783629482362 -0.0032293775457219454 374784
1783629483112 -0.0008186778850358678 376832
1783629483959 -0.0028066997783753322 378880
1783629484773 -0.0002220577825937653 380928
1783629485645 -0.0016700996020517778 382976
1783629486367 -0.0010395228728157235 385024
1783629487147 -0.00028772289806511253 387072
1783629487957 -0.0017115983137045987 389120
1783629488697 -0.0019977444262622157 391168
1783629489401 -0.0014959382424422074 393216
1783629490250 -0.0007698325480305357 395264
1783629490959 -0.0027640270945994416 397312
1783629491736 -0.0017371918256685603 399360
1783629492573 -0.0003441198878135765 401408
