1783629326110 1410.0200548171997 2048
1783629326865 1539.2902874946594 4096
1783629327728 1670.4975380897522 6144
1783629328568 1144.578929901123 8192
1783629329341 1060.1857509613037 10240
1783629330163 702.0313923358917 12288
1783629330978 896.5122177600861 14336
1783629331847 894.0939402580261 16384
1783629332716 963.5163428783417 18432
1783629333562 926.3118517398834 20480
1783629334281 767.675041437149 22528
1783629335207 1021.6002173423767 24576
1783629335990 612.79412150383 26624
1783629336729 648.5548343658447 28672
1783629337644 414.31095492839813 30720
1783629338514 673.6235129833221 32768
1783629339439 239.87115544080734 34816
1783629340254 731.248044013977 36864
1783629341202 652.4613090753555 38912
1783629342117 389.99816489219666 40960
1783629343052 401.9054592847824 43008
1783629343974 405.38637924194336 45056
1783629344835 421.88425183296204 47104
1783629345740 247.44933152198792 49152
1783629346631 228.17745262384415 51200
1783629347505 232.58081579208374 53248
1783629348320 283.40114998817444 55296
1783629349162 518.0430401563644 57344
1783629350087 334.0310027003288 59392
1783629350925 151.55346781015396 61440
1783629351701 597.0109270811081 63488
1783629352491 140.97882279753685 65536
1783629353385 336.1240527033806 67584
1783629354325 275.85881584882736 69632
1783629355108 145.8926038146019 71680
1783629355969 112.73000705242157 73728
1783629356814 325.0905984044075 75776
1783629357724 346.8999453783035 77824
1783629358665 196.55183243751526 79872
1783629359461 263.36089634895325 81920
1783629360294 191.9930258989334 83968
1783629361025 289.3151002526283 86016
1783629361855 105.02185562252998 88064
1783629362688 135.69652169942856 90112
1783629363561 137.3711722791195 92160
1783629364471 170.46539640426636 94208
1783629365474 89.54567843675613 96256
1783629366393 220.51856714487076 98304
1783629367454 42.35463359951973 100352
1783629368420 102.3482138812542 102400
1783629369235 94.90055322647095 104448
1783629370183 96.29494659602642 106496
1783629371080 29.419734448194504 108544
1783629372120 21.43809600174427 110592
1783629373047 28.070406019687653 112640
1783629373985 20.293999068439007 114688
1783629374885 24.636457338929176 116736
1783629375743 154.14200116693974 118784
1783629376568 24.29450199007988 120832
1783629377510 84.65930940210819 122880
1783629378352 20.871785797178745 124928
1783629379218 22.365743778645992 126976
1783629380067 19.533272434026003 129024
1783629381014 127.35191336274147 131072
1783629381926 19.923966720700264 133120
1783629382807 60.334579311311245 135168
1783629383787 17.238517586141825 137216
1783629384677 13.900160852819681 139264
1783629385502 101.91692131757736 141312
1783629386513 21.27205628529191 143360
1783629387356 118.44178552180529 145408
1783629388267 46.60104412585497 147456
1783629389226 80.48452132940292 149504
1783629390168 89.37757834792137 151552
1783629391048 59.92809374630451 153600
1783629391939 97.61254569888115 155648
1783629392925 97.54457694292068 157696
1783629393777 82.30821140110493 159744
1783629394632 105.31303979456425 161792
1783629395452 171.0162534415722 163840
1783629396343 243.55551302433014 165888
1783629397338 148.7367748990655 167936
1783629398278 143.34285654872656 169984
1783629399322 160.35534493625164 172032
1783629400270 206.70326203107834 174080
1783629401216 151.26850451529026 176128
1783629402177 183.6350938230753 178176
1783629403224 73.47431753575802 180224
1783629404272 149.21484778821468 182272
1783629405152 76.15827932953835 184320
1783629406153 199.85047522187233 186368
1783629407163 391.1095513999462 188416
1783629408103 75.21298922598362 190464
1783629409077 144.56128768622875 192512
1783629410000 216.66480550169945 194560
1783629410894 192.52208533883095 196608
1783629411854 69.63861690461636 198656
1783629412804 47.828701205551624 200704
1783629413771 50.60198909789324 202752
1783629414700 116.60697531700134 204800
1783629415676 63.97005504369736 206848
1783629416612 78.66547386348248 208896
1783629417537 457.46417385339737 210944
1783629418411 322.2424124479294 212992
1783629419295 131.46059992909431 215040
1783629420214 176.08533273637295 217088
1783629421140 147.62090039253235 219136
1783629421978 327.21253204345703 221184
1783629422736 358.2664280086756 223232
1783629423560 165.31683738529682 225280
1783629424415 208.47720177471638 227328
1783629425203 123.31099392473698 229376
1783629426032 114.91820013523102 231424
1783629426861 82.49040046334267 233472
1783629427693 256.19274036586285 235520
1783629428487 262.06542244553566 237568
1783629429293 135.3644885569811 239616
1783629430100 64.13144955039024 241664
1783629430777 120.14219518005848 243712
1783629431583 204.47274966537952 245760
1783629432401 250.1585821211338 247808
1783629433195 217.639122068882 249856
1783629434003 191.0349407196045 251904
1783629434833 294.557446539402 253952
1783629435610 201.1429328918457 256000
1783629436415 197.57274255156517 258048
1783629437285 223.202601313591 260096
1783629438052 398.26182156801224 262144
1783629438873 116.75654185563326 264192
1783629439693 282.01980766654015 266240
1783629440474 246.97013488411903 268288
1783629441295 189.402539357543 270336
1783629442133 115.86363023519516 272384
1783629442924 231.98631685972214 274432
1783629443775 193.83643314242363 276480
1783629444626 133.6112984418869 278528
1783629445428 218.05953845381737 280576
1783629446253 131.14970311522484 282624
1783629447044 148.02856728434563 284672
1783629447792 249.42906165122986 286720
1783629448581 123.40979452431202 288768
1783629449351 201.83445703983307 290816
1783629450082 203.558434933424 292864
1783629450847 160.9062635153532 294912
1783629451723 117.9718166589737 296960
1783629452462 35.513668067753315 299008
1783629453325 130.67912524938583 301056
1783629454159 70.41898278146982 303104
1783629454894 87.11509434878826 305152
1783629455616 41.65407867729664 307200
1783629456344 132.08989141881466 309248
1783629457114 34.375331066548824 311296
1783629457896 123.91429850459099 313344
1783629458726 156.43517644703388 315392
1783629459448 104.85865189880133 317440
1783629460313 152.4912327080965 319488
1783629461182 34.90328872203827 321536
1783629461961 135.52631157636642 323584
1783629462770 110.04176627099514 325632
1783629463588 30.642910555005074 327680
1783629464293 166.2599729448557 329728
1783629465109 242.2245183736086 331776
1783629465948 35.756934612989426 333824
1783629466723 142.07812124490738 335872
1783629467578 141.4070395976305 337920
1783629468404 78.029281899333 339968
1783629469144 183.64514409005642 342016
1783629469927 249.25085893273354 344064
1783629470771 244.39165814220905 346112
1783629471544 45.436874590814114 348160
1783629472363 122.63794827461243 350208
1783629473242 39.086754746735096 352256
1783629474080 109.09243462979794 354304
1783629474812 167.44763523340225 356352
1783629475665 217.89070695638657 358400
1783629476494 236.8910791426897 360448
1783629477284 41.7889703437686 362496
1783629478091 463.0248292684555 364544
1783629478941 239.07136246562004 366592
1783629479693 184.72987005114555 368640
1783629480547 109.04833179712296 370688
1783629481539 133.0847424864769 372736
1783629482362 74.73181189596653 374784
1783629483112 212.24128548055887 376832
1783629483959 118.08902026712894 378880
1783629484773 198.53716444969177 380928
1783629485645 43.51989884674549 382976
1783629486367 239.81108556687832 385024
1783629487147 169.88961566984653 387072
1783629487957 178.95544709265232 389120
1783629488697 107.9962817877531 391168
1783629489401 73.22101145982742 393216
1783629490250 93.4457943290472 395264
1783629490959 130.94024497270584 397312
1783629491736 142.92124196887016 399360
1783629492573 52.655682653188705 401408
