1783659841328 5.6692666336894035 2048
1783659842240 5.653899624943733 4096
1783659843189 5.638843294233084 6144
1783659844130 5.625425044447184 8192
1783659845158 5.624758590012789 10240
1783659846041 5.618565384298563 12288
1783659847015 5.600543133914471 14336
1783659847982 5.587662383913994 16384
1783659848884 5.574326641857624 18432
1783659849840 5.552845787256956 20480
1783659850897 5.536365639418364 22528
1783659852007 5.517214342951775 24576
1783659853012 5.506394851952791 26624
1783659854000 5.488435793668032 28672
1783659854941 5.460475273430347 30720
1783659855871 5.4506496489048 32768
1783659856871 5.445287436246872 34816
1783659857957 5.435451466590166 36864
1783659858946 5.4181457459926605 38912
1783659859941 5.398762281984091 40960
1783659860954 5.386135905981064 43008
1783659861846 5.386415388435125 45056
1783659862825 5.391474470496178 47104
1783659863707 5.390789408236742 49152
1783659864684 5.3823547922074795 51200
1783659865589 5.37272135540843 53248
1783659866525 5.363226156681776 55296
1783659867631 5.346948977559805 57344
1783659868710 5.323869783431292 59392
1783659869714 5.3061769381165504 61440
1783659870736 5.286409936845303 63488
1783659871663 5.2770489901304245 65536
1783659872540 5.280130710452795 67584
1783659873517 5.285592000931501 69632
1783659874518 5.290994733572006 71680
1783659875475 5.28030139952898 73728
1783659876458 5.255661822855473 75776
1783659877400 5.247547321021557 77824
1783659878312 5.2428744323551655 79872
1783659879211 5.239061053842306 81920
1783659880183 5.241040110588074 83968
1783659881100 5.236850302666426 86016
1783659881990 5.228994306176901 88064
1783659882937 5.225944768637419 90112
1783659883876 5.229279208928347 92160
1783659884800 5.231098905205727 94208
1783659885653 5.219637896865606 96256
1783659886560 5.219306509941816 98304
1783659887519 5.219768945127726 100352
1783659888435 5.2091773226857185 102400
1783659889320 5.207036048173904 104448
1783659890350 5.204453103244305 106496
1783659891391 5.198724955320358 108544
1783659892400 5.194327991455793 110592
1783659893351 5.188204657286406 112640
1783659894256 5.186778482049704 114688
1783659895205 5.185804810374975 116736
1783659896260 5.184616193175316 118784
1783659897207 5.180694106966257 120832
1783659898141 5.184953227639198 122880
1783659899080 5.185766324400902 124928
1783659900096 5.186576250940561 126976
1783659901190 5.194706555455923 129024
1783659902162 5.203945141285658 131072
1783659903200 5.209820803254843 133120
1783659904215 5.207664217799902 135168
1783659905116 5.213333938270807 137216
1783659906147 5.219399984925985 139264
1783659907232 5.2229989990592 141312
1783659908197 5.222048748284578 143360
1783659909429 5.2212988547980785 145408
1783659910459 5.228108674287796 147456
1783659911469 5.238587163388729 149504
1783659912513 5.240842513740063 151552
1783659913597 5.24165066331625 153600
1783659914710 5.241969600319862 155648
1783659915784 5.2446389980614185 157696
1783659916767 5.243750456720591 159744
1783659917831 5.229023035615683 161792
1783659918902 5.230741795152426 163840
1783659919967 5.2298585921525955 165888
1783659920976 5.222168385982513 167936
1783659921866 5.222747508436441 169984
1783659922777 5.23029650002718 172032
1783659923827 5.236025795340538 174080
1783659924793 5.232519511133432 176128
1783659925761 5.23068343475461 178176
1783659926782 5.229498624801636 180224
1783659927818 5.225876301527023 182272
1783659928844 5.22012946754694 184320
1783659929829 5.221622198820114 186368
1783659930768 5.220889613032341 188416
1783659931762 5.219921633601189 190464
1783659932828 5.2177576050162315 192512
1783659933845 5.208108261227608 194560
1783659934785 5.201168116182089 196608
1783659935702 5.194681216031313 198656
1783659936711 5.1918996050953865 200704
1783659937620 5.1946075558662415 202752
1783659938624 5.196195967495441 204800
1783659939574 5.1930051147937775 206848
1783659940458 5.183519434183836 208896
1783659941477 5.1734649278223515 210944
1783659942403 5.171324323862791 212992
1783659943406 5.175369746983051 215040
1783659944379 5.1791343577206135 217088
1783659945346 5.168484523892403 219136
1783659946254 5.157239463180304 221184
1783659947272 5.152348663657904 223232
1783659948240 5.14735384657979 225280
1783659949231 5.139269795268774 227328
1783659950211 5.13865477964282 229376
1783659951206 5.133965577930212 231424
1783659952284 5.135034017264843 233472
1783659953271 5.139891140162945 235520
1783659954250 5.1335643902421 237568
1783659955243 5.124703370034695 239616
1783659956179 5.120716392993927 241664
1783659957122 5.117460958659649 243712
1783659958089 5.116273563355207 245760
1783659959096 5.116536997258663 247808
1783659960085 5.122001525014639 249856
1783659961181 5.118757229298353 251904
1783659962283 5.10789143666625 253952
1783659963299 5.099361933767796 256000
1783659964262 5.099692177027464 258048
1783659965224 5.083642438054085 260096
1783659966230 5.067249812185764 262144
1783659967213 5.074031677097082 264192
1783659968359 5.080560859292746 266240
1783659969394 5.081763189285994 268288
1783659970405 5.090896088629961 270336
1783659971553 5.0889646634459496 272384
1783659972624 5.088213630020618 274432
1783659973529 5.088032841682434 276480
1783659974420 5.090570535510778 278528
1783659975332 5.088841702789068 280576
1783659976246 5.078670430928469 282624
1783659977091 5.072794798761606 284672
1783659977989 5.071721527725458 286720
1783659979005 5.064741499722004 288768
1783659980012 5.055542662739754 290816
1783659980905 5.050517987459898 292864
1783659981832 5.05160715430975 294912
1783659982786 5.054822258651257 296960
1783659983733 5.050269365310669 299008
1783659984778 5.0396974459290504 301056
1783659985692 5.03176698833704 303104
1783659986639 5.024201288819313 305152
1783659987580 5.02013324201107 307200
1783659988531 5.020175147801638 309248
1783659989430 5.016681030392647 311296
1783659990396 5.0114422775805 313344
1783659991445 5.004090093076229 315392
1783659992493 5.002308897674084 317440
1783659993468 5.005748249590397 319488
1783659994396 5.00674369931221 321536
1783659995246 5.001281764358282 323584
1783659996124 4.998117178678513 325632
1783659997137 4.999293394386768 327680
1783659998100 4.9933736845850945 329728
1783659998971 4.990248471498489 331776
1783659999836 4.988456454128027 333824
1783660000776 4.984589036554098 335872
1783660001778 4.988799203187227 337920
1783660002668 4.987379994243383 339968
1783660003656 4.984372515231371 342016
1783660004660 4.980101440101862 344064
1783660005568 4.980232190340757 346112
1783660006466 4.982130762189627 348160
1783660007526 4.976229719817638 350208
1783660008519 4.968948021531105 352256
1783660009522 4.966889265924692 354304
1783660010409 4.967872079461813 356352
1783660011434 4.961108427494764 358400
1783660012502 4.955434609204531 360448
1783660013515 4.9496412836015224 362496
1783660014517 4.94877377897501 364544
1783660015450 4.944645646959543 366592
1783660016398 4.945754513144493 368640
1783660017394 4.933908920735121 370688
1783660018365 4.921695094555616 372736
1783660019302 4.924867440015078 374784
1783660020293 4.933159347623587 376832
1783660021305 4.93413557857275 378880
1783660022229 4.939672492444515 380928
1783660023227 4.937362771481276 382976
1783660024128 4.936260547488928 385024
1783660024983 4.933610640466213 387072
1783660025983 4.937136832624674 389120
1783660027124 4.943128179758787 391168
1783660028152 4.950098305940628 393216
1783660029164 4.964242573827505 395264
1783660030154 4.973139151930809 397312
1783660031121 4.979700483381748 399360
1783660032211 4.983107458800077 401408
1783660033310 4.994335517287254 403456
1783660034377 4.995829779654741 405504
1783660035382 4.996385458856821 407552
1783660036426 5.003359206020832 409600
1783660037442 5.013368673622608 411648
1783660038499 5.0171881802380085 413696
1783660039554 5.010530684143305 415744
1783660040635 5.0052895955741405 417792
1783660041629 5.0021621733903885 419840
1783660042756 4.994947656989098 421888
1783660043795 4.993411250412464 423936
1783660044825 4.9873696975409985 425984
1783660045816 4.983003571629524 428032
1783660046704 4.990843761712313 430080
1783660047725 4.9961052015423775 432128
1783660048769 4.994080640375614 434176
1783660049839 4.996456157416105 436224
1783660050954 4.9935501627624035 438272
1783660051996 4.988616026937962 440320
1783660053046 4.995423745363951 442368
1783660054105 4.999052911996841 444416
1783660055169 4.99225702509284 446464
1783660056294 4.988564625382423 448512
1783660057380 4.989822324365377 450560
1783660058380 4.985905580222607 452608
1783660059381 4.9717299900949 454656
1783660060432 4.969465468078852 456704
1783660061510 4.966767407953739 458752
1783660062563 4.972757380455732 460800
1783660063593 4.975094713270664 462848
1783660064626 4.975471865385771 464896
1783660065736 4.9754454754292965 466944
1783660066761 4.966992795467377 468992
1783660067681 4.966592036187649 471040
1783660068669 4.9628157541155815 473088
1783660069738 4.96003358438611 475136
1783660070818 4.963242333382368 477184
1783660071865 4.964139513671398 479232
1783660072888 4.966917250305414 481280
1783660073872 4.973073400557041 483328
1783660074806 4.987344849854708 485376
1783660075747 4.995339710265398 487424
1783660076944 4.992072507739067 489472
1783660077937 4.997715141624212 491520
1783660078910 5.012925878167152 493568
1783660080009 5.014255717396736 495616
1783660081068 5.013032048940659 497664
1783660082152 5.0141384564340115 499712
1783660083142 5.020455125719309 501760
1783660084195 5.028642114251852 503808
1783660085251 5.032966274768114 505856
1783660086345 5.031956966966391 507904
1783660087497 5.038169365376234 509952
1783660088535 5.042935248464346 512000
1783660089603 5.037359237670898 514048
1783660090654 5.035641066730022 516096
1783660091666 5.039202217012644 518144
1783660092700 5.0399929992854595 520192
1783660093621 5.042498257011175 522240
1783660094726 5.04307434335351 524288
1783660095736 5.037442788481712 526336
1783660096780 5.051686502993107 528384
1783660097767 5.054850954562426 530432
1783660098730 5.059605620801449 532480
1783660099874 5.057251445949078 534528
1783660100976 5.045388109982014 536576
1783660102033 5.055142592638731 538624
1783660103101 5.054809812456369 540672
1783660104107 5.045887928456068 542720
1783660105121 5.060723040252924 544768
1783660106184 5.085621565580368 546816
1783660107359 5.093517456203699 548864
1783660108308 5.089680779725313 550912
1783660109316 5.091087739914656 552960
1783660110363 5.099004406481981 555008
1783660111437 5.096474263817072 557056
1783660112508 5.0855267234146595 559104
1783660113526 5.0812596417963505 561152
1783660114592 5.0792903788387775 563200
1783660115668 5.077681764960289 565248
1783660116764 5.071024648845196 567296
1783660117815 5.057617753744125 569344
1783660118951 5.052327465265989 571392
1783660120016 5.047185309231281 573440
1783660121069 5.045453500002623 575488
1783660122137 5.0468186140060425 577536
1783660123219 5.049729924649 579584
1783660124258 5.047638222575188 581632
1783660125188 5.044125076383352 583680
1783660126255 5.033147048205137 585728
1783660127366 5.032442677766085 587776
1783660128461 5.034722950309515 589824
1783660129565 5.031866401433945 591872
1783660130618 5.022274971008301 593920
1783660131705 5.0151924304664135 595968
1783660132697 5.010727092623711 598016
1783660133729 5.009162206202745 600064
1783660134777 5.0081872418522835 602112
1783660135730 4.998986892402172 604160
1783660136738 4.995537295937538 606208
1783660137765 5.002385567873716 608256
1783660138840 5.004677873104811 610304
1783660139891 5.008598770946264 612352
1783660140989 5.008101794868708 614400
1783660142025 5.008049599826336 616448
1783660142955 5.015221495181322 618496
1783660143928 5.02134932205081 620544
1783660144921 5.020301159471273 622592
1783660145855 5.022402297705412 624640
1783660146776 5.030516166239977 626688
1783660147675 5.032866112887859 628736
1783660148646 5.034233458340168 630784
1783660149633 5.029960997402668 632832
1783660150634 5.027955751866102 634880
1783660151633 5.026610147207975 636928
1783660152585 5.026387523859739 638976
1783660153438 5.029860410839319 641024
1783660154367 5.0337286330759525 643072
1783660155373 5.040838990360498 645120
1783660156322 5.036516424268484 647168
1783660157296 5.035695366561413 649216
1783660158149 5.030846521258354 651264
1783660158989 5.026431459933519 653312
1783660159888 5.022487740963697 655360
1783660160829 5.019991159439087 657408
1783660161728 5.012008365243673 659456
1783660162613 4.997714385390282 661504
1783660163612 4.992692973464727 663552
1783660164657 4.990269750356674 665600
1783660165657 4.992214988917112 667648
1783660166621 4.990907307714224 669696
1783660167611 4.985954523086548 671744
1783660168501 4.986327242106199 673792
1783660169459 4.985016997903585 675840
1783660170497 4.9820225313305855 677888
1783660171557 4.972356028854847 679936
1783660172556 4.96736665815115 681984
1783660173512 4.966339256614447 684032
1783660174391 4.970442485064268 686080
1783660175280 4.981727913022041 688128
1783660176250 4.995897330343723 690176
1783660177241 4.99762375280261 692224
1783660178203 4.998774494975805 694272
1783660179183 5.002171363681555 696320
1783660180052 5.003416042774916 698368
1783660180907 5.006699547171593 700416
1783660181841 5.011560648679733 702464
1783660182775 5.0119959600269794 704512
1783660183729 5.00671511888504 706560
1783660184586 5.004965841770172 708608
1783660185572 5.0160726718604565 710656
1783660186623 5.0296157114207745 712704
1783660187667 5.050215847790241 714752
1783660188606 5.068192925304174 716800
1783660189506 5.068117570132017 718848
1783660190372 5.077674221247435 720896
1783660191266 5.0832414627075195 722944
1783660192208 5.082235377281904 724992
1783660193188 5.089913636445999 727040
1783660194119 5.100546590983868 729088
1783660194963 5.1089657209813595 731136
1783660195914 5.115685414522886 733184
1783660196934 5.124720506370068 735232
1783660197885 5.130408074706793 737280
1783660198829 5.127315524965525 739328
1783660199720 5.126702919602394 741376
1783660200694 5.140873458236456 743424
1783660201727 5.146774940192699 745472
1783660202653 5.14643270522356 747520
1783660203543 5.1452337726950645 749568
1783660204379 5.145472440868616 751616
1783660205351 5.1395680867135525 753664
1783660206369 5.137722749263048 755712
1783660207383 5.133821040391922 757760
1783660208369 5.135136008262634 759808
1783660209252 5.1430288553237915 761856
1783660210091 5.147846411913633 763904
1783660211041 5.1465227492153645 765952
1783660211998 5.148966930806637 768000
1783660212954 5.143175944685936 770048
1783660213811 5.133613854646683 772096
1783660214682 5.119662281125784 774144
1783660215681 5.110527649521828 776192
1783660216766 5.11284925788641 778240
1783660217802 5.114367768168449 780288
1783660218865 5.127498682588339 782336
1783660219885 5.130215790122747 784384
1783660220872 5.130769871175289 786432
1783660221792 5.130317661911249 788480
1783660222679 5.137638121843338 790528
1783660223584 5.140999361872673 792576
1783660224571 5.139643747359514 794624
1783660225467 5.148731667548418 796672
1783660226320 5.155349139124155 798720
1783660227256 5.162274312227964 800768
1783660228169 5.165961917489767 802816
1783660229053 5.161727856844664 804864
1783660229902 5.164256367832422 806912
1783660230853 5.163324907422066 808960
1783660231819 5.1598775535821915 811008
1783660232785 5.166147142648697 813056
1783660233693 5.172068070620298 815104
1783660234596 5.174485716968775 817152
1783660235525 5.17002721875906 819200
1783660236510 5.173381425440311 821248
1783660237518 5.182076171040535 823296
1783660238488 5.193270742893219 825344
1783660239394 5.196967497467995 827392
1783660240323 5.195951230823994 829440
1783660241190 5.196346402168274 831488
1783660242127 5.204706534743309 833536
1783660243000 5.206793192774057 835584
1783660243963 5.20527233928442 837632
1783660245027 5.205473642796278 839680
1783660245995 5.21186862885952 841728
1783660246967 5.214137993752956 843776
1783660247946 5.212670970708132 845824
1783660248859 5.217714641243219 847872
1783660249766 5.221433158963919 849920
1783660250656 5.226761791855097 851968
1783660251646 5.238949745893478 854016
1783660252566 5.240286957472563 856064
1783660253435 5.238874763250351 858112
1783660254374 5.243185833096504 860160
1783660255373 5.251302059739828 862208
1783660256357 5.264028877019882 864256
1783660257305 5.269021008163691 866304
1783660258230 5.267725866287947 868352
1783660259134 5.2693053632974625 870400
1783660260081 5.275075778365135 872448
1783660261030 5.273751225322485 874496
1783660261920 5.262077879160643 876544
1783660262904 5.257026180624962 878592
1783660263837 5.258798845112324 880640
1783660264778 5.260424863547087 882688
1783660265665 5.263533763587475 884736
1783660266535 5.26426138728857 886784
1783660267531 5.26310458406806 888832
1783660268503 5.258260045200586 890880
1783660269419 5.249481324106455 892928
1783660270456 5.246290974318981 894976
1783660271352 5.239838697016239 897024
1783660272328 5.240244705229998 899072
1783660273311 5.240626811981201 901120
1783660274289 5.243226446211338 903168
1783660275212 5.244297839701176 905216
1783660276089 5.252001341432333 907264
1783660277109 5.254064220935106 909312
1783660278067 5.255690228193998 911360
1783660279015 5.261118803173304 913408
1783660279954 5.271024510264397 915456
1783660280846 5.2811592891812325 917504
1783660281734 5.285651434212923 919552
1783660282683 5.2927697747945786 921600
1783660283610 5.299435779452324 923648
1783660284473 5.298625394701958 925696
1783660285447 5.288515627384186 927744
1783660286447 5.2914601638913155 929792
1783660287388 5.297231171280146 931840
1783660288268 5.294234201312065 933888
1783660289133 5.289834123104811 935936
1783660290006 5.278467204421759 937984
1783660290922 5.263810500502586 940032
1783660291830 5.265763871371746 942080
1783660292768 5.273584086447954 944128
1783660293762 5.277657192200422 946176
1783660294712 5.295968294143677 948224
1783660295629 5.302456054836512 950272
1783660296525 5.306695830076933 952320
1783660297403 5.327351942658424 954368
1783660298337 5.341260798275471 956416
1783660299240 5.344531036913395 958464
1783660300199 5.348401214927435 960512
1783660301262 5.350582629442215 962560
1783660302264 5.353294409811497 964608
1783660303283 5.351346176117659 966656
1783660304266 5.347213324159384 968704
1783660305189 5.351096771657467 970752
1783660306059 5.365159880369902 972800
1783660306936 5.372359272092581 974848
1783660307870 5.3780549466609955 976896
1783660308728 5.382038127630949 978944
1783660309601 5.397016890347004 980992
1783660310597 5.41025172919035 983040
1783660311541 5.408249214291573 985088
1783660312478 5.419278960675001 987136
1783660313341 5.430046007037163 989184
1783660314321 5.439004052430391 991232
1783660315346 5.444289766252041 993280
1783660316272 5.433937203139067 995328
1783660317186 5.426739830523729 997376
1783660318042 5.422013089060783 999424
