1783659841328 -113.33280944824219 2048
1783659842240 -105.39927291870117 4096
1783659843189 -104.05258750915527 6144
1783659844130 -106.01215362548828 8192
1783659845158 -109.55584658109225 10240
1783659846041 -108.68000742594401 12288
1783659847015 -107.68045086330838 14336
1783659847982 -107.64326362609863 16384
1783659848884 -107.36851577758789 18432
1783659849840 -106.47270278930664 20480
1783659850897 -105.1632179260254 22528
1783659852007 -103.40831260681152 24576
1783659853012 -105.86778945922852 26624
1783659854000 -104.35891380310059 28672
1783659854941 -103.27741737365723 30720
1783659855871 -101.9278003692627 32768
1783659856871 -101.65542640686036 34816
1783659857957 -101.06707992553712 36864
1783659858946 -100.46234512329102 38912
1783659859941 -98.58621330261231 40960
1783659860954 -95.60687789916992 43008
1783659861846 -100.31290702819824 45056
1783659862825 -104.41687545776367 47104
1783659863707 -107.63563194274903 49152
1783659864684 -106.71999168395996 51200
1783659865589 -104.3826457977295 53248
1783659866525 -105.98172149658203 55296
1783659867631 -104.5564338684082 57344
1783659868710 -107.08587074279785 59392
1783659869714 -105.22116050720214 61440
1783659870736 -103.45815238952636 63488
1783659871663 -98.81472530364991 65536
1783659872540 -99.88202075958252 67584
1783659873517 -97.73428058624268 69632
1783659874518 -100.32319316864013 71680
1783659875475 -101.17928504943848 73728
1783659876458 -102.116943359375 75776
1783659877400 -100.48997898101807 77824
1783659878312 -99.52489185333252 79872
1783659879211 -104.49803199768067 81920
1783659880183 -101.61035709381103 83968
1783659881100 -104.08157539367676 86016
1783659881990 -101.27112007141113 88064
1783659882937 -100.8611265182495 90112
1783659883876 -105.27297229766846 92160
1783659884800 -105.20773563385009 94208
1783659885653 -102.04416198730469 96256
1783659886560 -105.47157554626465 98304
1783659887519 -105.68489990234374 100352
1783659888435 -101.34066848754883 102400
1783659889320 -100.85346870422363 104448
1783659890350 -101.2544017791748 106496
1783659891391 -104.05169639587402 108544
1783659892400 -101.48906555175782 110592
1783659893351 -103.40812149047852 112640
1783659894256 -100.96452293395996 114688
1783659895205 -99.96351013183593 116736
1783659896260 -101.38351135253906 118784
1783659897207 -101.42186164855957 120832
1783659898141 -100.37504501342774 122880
1783659899080 -102.70974617004394 124928
1783659900096 -102.58153457641602 126976
1783659901190 -101.05595893859864 129024
1783659902162 -101.65573844909667 131072
1783659903200 -101.19083251953126 133120
1783659904215 -102.17199592590332 135168
1783659905116 -101.42906608581544 137216
1783659906147 -100.0797161102295 139264
1783659907232 -101.86831817626953 141312
1783659908197 -101.27871322631836 143360
1783659909429 -99.22820167541504 145408
1783659910459 -101.20205535888672 147456
1783659911469 -98.99720878601075 149504
1783659912513 -100.55312309265136 151552
1783659913597 -99.42625274658204 153600
1783659914710 -100.16705360412598 155648
1783659915784 -100.90416450500489 157696
1783659916767 -98.92071647644043 159744
1783659917831 -99.13473205566406 161792
1783659918902 -99.47694892883301 163840
1783659919967 -100.00539512634278 165888
1783659920976 -98.74749794006348 167936
1783659921866 -97.10990295410156 169984
1783659922777 -96.7908390045166 172032
1783659923827 -97.14707298278809 174080
1783659924793 -98.36769599914551 176128
1783659925761 -97.70015869140624 178176
1783659926782 -96.43724822998047 180224
1783659927818 -96.16642189025879 182272
1783659928844 -95.96645545959473 184320
1783659929829 -95.86864776611328 186368
1783659930768 -96.67463607788086 188416
1783659931762 -96.34120407104493 190464
1783659932828 -98.84392166137695 192512
1783659933845 -94.03748245239258 194560
1783659934785 -93.26948699951171 196608
1783659935702 -95.53877830505371 198656
1783659936711 -92.8994815826416 200704
1783659937620 -94.35043792724609 202752
1783659938624 -92.6283348083496 204800
1783659939574 -91.83411254882813 206848
1783659940458 -92.58483047485352 208896
1783659941477 -91.64278717041016 210944
1783659942403 -92.1911060333252 212992
1783659943406 -93.30660629272461 215040
1783659944379 -92.4171100616455 217088
1783659945346 -93.81011199951172 219136
1783659946254 -91.87404747009278 221184
1783659947272 -91.60972633361817 223232
1783659948240 -90.5370880126953 225280
1783659949231 -89.96293869018555 227328
1783659950211 -87.29331073760986 229376
1783659951206 -86.76567058563232 231424
1783659952284 -83.56629161834717 233472
1783659953271 -80.9961540222168 235520
1783659954250 -87.6618263244629 237568
1783659955243 -85.41421756744384 239616
1783659956179 -81.09231376647949 241664
1783659957122 -79.24591083526612 243712
1783659958089 -80.74964542388916 245760
1783659959096 -83.21413803100586 247808
1783659960085 -77.84576320648193 249856
1783659961181 -74.46160678863525 251904
1783659962283 -73.29850006103516 253952
1783659963299 -72.55355110168458 256000
1783659964262 -73.34462566375733 258048
1783659965224 -73.35363540649413 260096
1783659966230 -78.48735942840577 262144
1783659967213 -77.30188102722168 264192
1783659968359 -73.45083541870117 266240
1783659969394 -75.02171096801757 268288
1783659970405 -72.15199012756348 270336
1783659971553 -75.02428913116455 272384
1783659972624 -79.84373970031739 274432
1783659973529 -73.85177631378174 276480
1783659974420 -66.15006771087647 278528
1783659975332 -59.13623695373535 280576
1783659976246 -53.33988151550293 282624
1783659977091 -52.512994575500485 284672
1783659977989 -56.41871681213379 286720
1783659979005 -62.216942977905276 288768
1783659980012 -57.89476127624512 290816
1783659980905 -39.94336013793945 292864
1783659981832 -43.141076278686526 294912
1783659982786 -33.144777870178224 296960
1783659983733 -33.60396766662598 299008
1783659984778 -51.974676322937015 301056
1783659985692 -63.002813720703124 303104
1783659986639 -66.48956241607667 305152
1783659987580 -69.29096660614013 307200
1783659988531 -63.27434406280518 309248
1783659989430 -62.75306930541992 311296
1783659990396 -63.3841775894165 313344
1783659991445 -64.61953697204589 315392
1783659992493 -64.60150413513183 317440
1783659993468 -62.762419891357425 319488
1783659994396 -55.558989906311034 321536
1783659995246 -58.83967838287354 323584
1783659996124 -52.37274017333984 325632
1783659997137 -51.98648262023926 327680
1783659998100 -57.99855670928955 329728
1783659998971 -68.88156013488769 331776
1783659999836 -64.50529308319092 333824
1783660000776 -60.196488761901854 335872
1783660001778 -59.30788402557373 337920
1783660002668 -58.39147758483887 339968
1783660003656 -61.33558330535889 342016
1783660004660 -49.88802852630615 344064
1783660005568 -46.03119163513183 346112
1783660006466 -44.96938591003418 348160
1783660007526 -35.54177112579346 350208
1783660008519 -46.38173141479492 352256
1783660009522 -60.24959888458252 354304
1783660010409 -59.402957916259766 356352
1783660011434 -58.16722927093506 358400
1783660012502 -44.14335613250732 360448
1783660013515 -54.52497024536133 362496
1783660014517 -64.61908855438233 364544
1783660015450 -63.21035938262939 366592
1783660016398 -57.39785785675049 368640
1783660017394 -50.4896318435669 370688
1783660018365 -49.55192699432373 372736
1783660019302 -42.88578433990479 374784
1783660020293 -35.72898063659668 376832
1783660021305 -56.10619678497314 378880
1783660022229 -59.21559085845947 380928
1783660023227 -48.372727394104004 382976
1783660024128 -42.57760105133057 385024
1783660024983 -48.128353881835935 387072
1783660025983 -44.01478328704834 389120
1783660027124 -50.80593376159668 391168
1783660028152 -42.71044578552246 393216
1783660029164 -29.77915725708008 395264
1783660030154 -44.975219535827634 397312
1783660031121 -27.654318618774415 399360
1783660032211 -30.857604598999025 401408
1783660033310 -34.78055419921875 403456
1783660034377 -29.51044273376465 405504
1783660035382 -24.196096992492677 407552
1783660036426 -24.3904541015625 409600
1783660037442 -15.278032302856445 411648
1783660038499 -9.788504600524902 413696
1783660039554 -4.12282772064209 415744
1783660040635 -29.017753410339356 417792
1783660041629 -12.468109321594238 419840
1783660042756 -10.70961627960205 421888
1783660043795 -17.765289306640625 423936
1783660044825 -10.572239875793457 425984
1783660045816 -0.2363485336303711 428032
1783660046704 -2.529560661315918 430080
1783660047725 -3.845095634460449 432128
1783660048769 -3.4267791748046874 434176
1783660049839 -48.47941875457764 436224
1783660050954 -49.30639247894287 438272
1783660051996 -49.98365650177002 440320
1783660053046 -56.57249145507812 442368
1783660054105 -53.85828342437744 444416
1783660055169 -51.00761775970459 446464
1783660056294 -48.18336524963379 448512
1783660057380 -46.12856540679932 450560
1783660058380 -55.199728393554686 452608
1783660059381 -52.76623020172119 454656
1783660060432 -52.3993278503418 456704
1783660061510 -52.709442901611325 458752
1783660062563 -45.011107444763184 460800
1783660063593 -36.542802047729495 462848
1783660064626 -22.914943313598634 464896
1783660065736 -23.24262523651123 466944
1783660066761 -28.702291107177736 468992
1783660067681 -50.84718532562256 471040
1783660068669 -48.73686962127685 473088
1783660069738 -28.539432525634766 475136
1783660070818 -25.811248779296875 477184
1783660071865 -18.055824279785156 479232
1783660072888 -7.734905242919922 481280
1783660073872 0.047278213500976565 483328
1783660074806 21.98625030517578 485376
1783660075747 18.667479705810546 487424
1783660076944 18.839420890808107 489472
1783660077937 34.412049293518066 491520
1783660078910 27.097358894348144 493568
1783660080009 -9.759379768371582 495616
1783660081068 -3.3987091064453123 497664
1783660082152 4.7509716033935545 499712
1783660083142 -24.433409118652342 501760
1783660084195 -9.005481910705566 503808
1783660085251 1.030595588684082 505856
1783660086345 -9.0359037399292 507904
1783660087497 -17.21230068206787 509952
1783660088535 -25.50323352813721 512000
1783660089603 -27.042095565795897 514048
1783660090654 -31.021751976013185 516096
1783660091666 -35.19864482879639 518144
1783660092700 -30.10067081451416 520192
1783660093621 -22.320226669311523 522240
1783660094726 -26.67641887664795 524288
1783660095736 -31.041227531433105 526336
1783660096780 -37.12331829071045 528384
1783660097767 -29.273347663879395 530432
1783660098730 -19.62069091796875 532480
1783660099874 -8.310056686401367 534528
1783660100976 -3.53573055267334 536576
1783660102033 1.1421756744384766 538624
1783660103101 -0.8570623397827148 540672
1783660104107 -29.679294967651366 542720
1783660105121 -41.77925567626953 544768
1783660106184 -29.369461631774904 546816
1783660107359 -29.850360488891603 548864
1783660108308 -17.11181640625 550912
1783660109316 -26.392355918884277 552960
1783660110363 -24.587743949890136 555008
1783660111437 -15.920987129211426 557056
1783660112508 -19.846623992919923 559104
1783660113526 -10.435362434387207 561152
1783660114592 -9.12060375213623 563200
1783660115668 -6.756839942932129 565248
1783660116764 3.246864891052246 567296
1783660117815 14.96094036102295 569344
1783660118951 35.31321468353271 571392
1783660120016 49.04108829498291 573440
1783660121069 60.80372142791748 575488
1783660122137 51.44895477294922 577536
1783660123219 34.17821197509765 579584
1783660124258 19.153521728515624 581632
1783660125188 10.370126914978027 583680
1783660126255 -1.5609498977661134 585728
1783660127366 6.725954246520996 587776
1783660128461 12.247577095031739 589824
1783660129565 3.7026254653930666 591872
1783660130618 15.118367958068848 593920
1783660131705 13.708755683898925 595968
1783660132697 12.126936721801759 598016
1783660133729 22.64420928955078 600064
1783660134777 19.58815994262695 602112
1783660135730 13.730397033691407 604160
1783660136738 16.93990364074707 606208
1783660137765 25.337727355957032 608256
1783660138840 27.95567092895508 610304
1783660139891 16.718409919738768 612352
1783660140989 13.903715515136719 614400
1783660142025 10.158939361572266 616448
1783660142955 -17.138294982910157 618496
1783660143928 -9.974671363830566 620544
1783660144921 -4.49314022064209 622592
1783660145855 1.6607872009277345 624640
1783660146776 14.331080055236816 626688
1783660147675 31.78906421661377 628736
1783660148646 44.538312911987305 630784
1783660149633 46.393144607543945 632832
1783660150634 52.04429874420166 634880
1783660151633 53.72432518005371 636928
1783660152585 32.041984748840335 638976
1783660153438 28.015130615234376 641024
1783660154367 38.56857452392578 643072
1783660155373 59.386498641967776 645120
1783660156322 41.019189071655276 647168
1783660157296 38.85123615264892 649216
1783660158149 27.284444046020507 651264
1783660158989 40.84958839416504 653312
1783660159888 18.043630599975586 655360
1783660160829 38.58641300201416 657408
1783660161728 53.569838523864746 659456
1783660162613 58.2306604385376 661504
1783660163612 68.13493633270264 663552
1783660164657 76.4405475616455 665600
1783660165657 84.56964378356933 667648
1783660166621 93.24002342224121 669696
1783660167611 70.34317665100097 671744
1783660168501 82.42818641662598 673792
1783660169459 75.64320793151856 675840
1783660170497 68.91006546020508 677888
1783660171557 44.612875366210936 679936
1783660172556 38.358703231811525 681984
1783660173512 51.25855884552002 684032
1783660174391 34.06008110046387 686080
1783660175280 53.17583694458008 688128
1783660176250 46.01538276672363 690176
1783660177241 47.39228115081787 692224
1783660178203 67.63989429473877 694272
1783660179183 64.25159931182861 696320
1783660180052 25.246831512451173 698368
1783660180907 33.040965461730956 700416
1783660181841 48.53386249542236 702464
1783660182775 35.93158168792725 704512
1783660183729 47.80849685668945 706560
1783660184586 51.17141761779785 708608
1783660185572 64.3312894821167 710656
1783660186623 94.81635704040528 712704
1783660187667 86.51908988952637 714752
1783660188606 79.17724323272705 716800
1783660189506 78.92972202301026 718848
1783660190372 69.71150226593018 720896
1783660191266 104.66821575164795 722944
1783660192208 57.00686244964599 724992
1783660193188 75.23031864166259 727040
1783660194119 91.22251529693604 729088
1783660194963 91.13118743896484 731136
1783660195914 60.58175468444824 733184
1783660196934 69.17781257629395 735232
1783660197885 92.22820930480957 737280
1783660198829 59.10087623596191 739328
1783660199720 42.66529541015625 741376
1783660200694 49.02169532775879 743424
1783660201727 39.32134437561035 745472
1783660202653 18.211345672607422 747520
1783660203543 18.999263954162597 749568
1783660204379 18.072794914245605 751616
1783660205351 32.365909004211424 753664
1783660206369 29.09567184448242 755712
1783660207383 -6.343506240844727 757760
1783660208369 -8.165040969848633 759808
1783660209252 -30.81196174621582 761856
1783660210091 -10.602844429016113 763904
1783660211041 0.43401756286621096 765952
1783660211998 3.1496124267578125 768000
1783660212954 17.722361373901368 770048
1783660213811 16.6396785736084 772096
1783660214682 28.020071029663086 774144
1783660215681 46.3987943649292 776192
1783660216766 57.41328716278076 778240
1783660217802 50.62202129364014 780288
1783660218865 56.51758632659912 782336
1783660219885 53.493126487731935 784384
1783660220872 33.34258117675781 786432
1783660221792 42.387849998474124 788480
1783660222679 47.68826847076416 790528
1783660223584 68.68372097015381 792576
1783660224571 69.33116245269775 794624
1783660225467 86.92132358551025 796672
1783660226320 99.29200325012206 798720
1783660227256 108.65053749084473 800768
1783660228169 111.77548141479492 802816
1783660229053 85.1124921798706 804864
1783660229902 86.04908962249756 806912
1783660230853 49.453823280334475 808960
1783660231819 26.84230613708496 811008
1783660232785 27.29848117828369 813056
1783660233693 19.599010276794434 815104
1783660234596 8.888172721862793 817152
1783660235525 25.584809875488283 819200
1783660236510 61.19563636779785 821248
1783660237518 67.10356559753419 823296
1783660238488 67.4453857421875 825344
1783660239394 78.57970371246338 827392
1783660240323 95.46772785186768 829440
1783660241190 133.42173595428466 831488
1783660242127 154.65067768096924 833536
1783660243000 136.9040033340454 835584
1783660243963 106.66948986053467 837632
1783660245027 105.76851177215576 839680
1783660245995 105.37490921020508 841728
1783660246967 73.4749252319336 843776
1783660247946 80.27692337036133 845824
1783660248859 84.06341018676758 847872
1783660249766 113.14800872802735 849920
1783660250656 113.61557579040527 851968
1783660251646 120.48510704040527 854016
1783660252566 113.79165954589844 856064
1783660253435 150.1930446624756 858112
1783660254374 115.96344413757325 860160
1783660255373 96.83542804718017 862208
1783660256357 111.51327610015869 864256
1783660257305 114.11922664642334 866304
1783660258230 108.88983669281006 868352
1783660259134 102.65330963134765 870400
1783660260081 94.53153896331787 872448
1783660261030 82.0262996673584 874496
1783660261920 41.07447547912598 876544
1783660262904 29.531117630004882 878592
1783660263837 34.81176986694336 880640
1783660264778 32.23141307830811 882688
1783660265665 42.0781307220459 884736
1783660266535 44.867096710205075 886784
1783660267531 2.4806396484375 888832
1783660268503 -5.7055356979370115 890880
1783660269419 -4.631669425964356 892928
1783660270456 2.5409734725952147 894976
1783660271352 17.72610740661621 897024
1783660272328 32.114866065979 899072
1783660273311 64.3293363571167 901120
1783660274289 73.86999053955078 903168
1783660275212 72.61226806640624 905216
1783660276089 60.412957763671876 907264
1783660277109 75.15674438476563 909312
1783660278067 38.84821338653565 911360
1783660279015 45.46912117004395 913408
1783660279954 51.331179237365724 915456
1783660280846 39.49289798736572 917504
1783660281734 34.38545742034912 919552
1783660282683 18.865120887756348 921600
1783660283610 2.7208433151245117 923648
1783660284473 22.17735176086426 925696
1783660285447 3.974027633666992 927744
1783660286447 39.534521484375 929792
1783660287388 55.47620048522949 931840
1783660288268 28.669587516784667 933888
1783660289133 11.381999969482422 935936
1783660290006 -23.856352424621583 937984
1783660290922 -10.316914939880371 940032
1783660291830 14.098551940917968 942080
1783660292768 14.00154800415039 944128
1783660293762 48.01231517791748 946176
1783660294712 62.6559476852417 948224
1783660295629 73.98477745056152 950272
1783660296525 88.16702842712402 952320
1783660297403 109.98510208129883 954368
1783660298337 124.2465705871582 956416
1783660299240 138.37891998291016 958464
1783660300199 118.91178970336914 960512
1783660301262 116.97570304870605 962560
1783660302264 73.42755718231201 964608
1783660303283 28.143335151672364 966656
1783660304266 4.073542213439941 968704
1783660305189 9.309005546569825 970752
1783660306059 10.08919563293457 972800
1783660306936 25.195047760009764 974848
1783660307870 24.48922653198242 976896
1783660308728 53.40545463562012 978944
1783660309601 69.22819213867187 980992
1783660310597 48.993129920959475 983040
1783660311541 54.51957035064697 985088
1783660312478 77.75928554534912 987136
1783660313341 41.35164890289307 989184
1783660314321 39.603162574768064 991232
1783660315346 51.663200569152835 993280
1783660316272 70.64537239074707 995328
1783660317186 85.19241790771484 997376
1783660318042 94.54047470092773 999424
