1783659841328 -0.011361713182850508 2048
1783659842240 -0.012111823845771141 4096
1783659843189 -0.007759272139082896 6144
1783659844130 -0.007320912824070547 8192
1783659845158 -0.0043675311862898525 10240
1783659846041 -0.004416535410200595 12288
1783659847015 -0.006292991707596229 14336
1783659847982 -0.004053456999827176 16384
1783659848884 -0.003683592214656528 18432
1783659849840 -0.0036786272867175285 20480
1783659850897 -0.005283848415274406 22528
1783659852007 -0.0055465920486312825 24576
1783659853012 -0.0033957653504330665 26624
1783659854000 -0.008260961767518893 28672
1783659854941 -0.008366075591766275 30720
1783659855871 -0.0060784536653955 32768
1783659856871 -0.005902940985833993 34816
1783659857957 -0.004797597843207768 36864
1783659858946 -0.006394215160980821 38912
1783659859941 -0.008333391950145597 40960
1783659860954 -0.004578865016810596 43008
1783659861846 -0.005007399875466945 45056
1783659862825 -0.003099163814113126 47104
1783659863707 -0.0063504891404591035 49152
1783659864684 -0.0064024497041828 51200
1783659865589 -0.009569002835633 53248
1783659866525 -0.009609796812583227 55296
1783659867631 -0.004183470653515542 57344
1783659868710 -0.004600457916239975 59392
1783659869714 -0.004123997059650719 61440
1783659870736 -0.004900925032416126 63488
1783659871663 -0.00456734910767409 65536
1783659872540 -0.0057762211763474625 67584
1783659873517 -0.004262081609340385 69632
1783659874518 -0.0042614006270014215 71680
1783659875475 -0.0055847502990218345 73728
1783659876458 -0.006056076652384945 75776
1783659877400 -0.006887233856105013 77824
1783659878312 -0.005821395869133994 79872
1783659879211 -0.007192838060291251 81920
1783659880183 -0.005768606290075695 83968
1783659881100 -0.003287918367277598 86016
1783659881990 -0.005479249939526198 88064
1783659882937 -0.007584648978081532 90112
1783659883876 -0.0030506844850606285 92160
1783659884800 -0.00928506969648879 94208
1783659885653 -0.0021072732815810014 96256
1783659886560 -0.006898975661897566 98304
1783659887519 -0.006673174473689869 100352
1783659888435 -0.002530282519728644 102400
1783659889320 -0.0023747548038954847 104448
1783659890350 -0.004095676769793499 106496
1783659891391 -0.00447066164269927 108544
1783659892400 -0.0056524852334405296 110592
1783659893351 -0.00556997553758265 112640
1783659894256 -0.004964423977071419 114688
1783659895205 -0.0011638040887191892 116736
1783659896260 -0.005119625380757498 118784
1783659897207 -0.003078744279264356 120832
1783659898141 -0.0031405570734932553 122880
1783659899080 -0.0041976894808613 124928
1783659900096 -0.004048940216307528 126976
1783659901190 -0.0050881005481642205 129024
1783659902162 -0.005294623333611526 131072
1783659903200 -0.005641053106955951 133120
1783659904215 -0.0017474591768404935 135168
1783659905116 -0.004107710170501377 137216
1783659906147 -0.0015654602175345644 139264
1783659907232 -0.0031558260338897526 141312
1783659908197 -0.004104297597223194 143360
1783659909429 -0.0036889923248963896 145408
1783659910459 -0.0032734929918660782 147456
1783659911469 -0.003637888426965219 149504
1783659912513 -0.001810879226468387 151552
1783659913597 -0.006474184443504782 153600
1783659914710 -0.004476814116060268 155648
1783659915784 0.00018089755030814558 157696
1783659916767 -0.0026313540402043145 159744
1783659917831 -0.004000758472102461 161792
1783659918902 -0.0045059265903546475 163840
1783659919967 -0.0025370818584633525 165888
1783659920976 -0.0018848224062821828 167936
1783659921866 -0.004091949308531184 169984
1783659922777 -0.0031771125650266185 172032
1783659923827 -0.004278845946828369 174080
1783659924793 -0.0050191545888083056 176128
1783659925761 -0.006476277147157816 178176
1783659926782 -0.0032989548199111596 180224
1783659927818 -0.001132016972405836 182272
1783659928844 -0.003663349059934262 184320
1783659929829 -0.007038684412691509 186368
1783659930768 -0.0044345080059429165 188416
1783659931762 -0.004201461491902592 190464
1783659932828 -0.00444026684272103 192512
1783659933845 -0.004942672590914299 194560
1783659934785 -0.005218644579144893 196608
1783659935702 -0.005816439468617318 198656
1783659936711 -0.0022543283557752147 200704
1783659937620 -0.0019606504029070493 202752
1783659938624 -0.0017436181478842627 204800
1783659939574 -0.005272472553770058 206848
1783659940458 -0.0023213324857351836 208896
1783659941477 -0.004397142882226035 210944
1783659942403 -0.004957571876730071 212992
1783659943406 -0.0049152356950799 215040
1783659944379 -0.0004944242391502485 217088
1783659945346 -0.004378723813715624 219136
1783659946254 -0.006209297796885949 221184
1783659947272 -0.0016625293355900794 223232
1783659948240 -0.002729316216573352 225280
1783659949231 -0.0068016749446542235 227328
1783659950211 -0.00484601753851166 229376
1783659951206 -0.001856903916632291 231424
1783659952284 -0.004542716887954157 233472
1783659953271 -0.005794068278191844 235520
1783659954250 -0.0012317642867856193 237568
1783659955243 -0.00515516463201493 239616
1783659956179 -0.004915752946544671 241664
1783659957122 -0.004726581913928385 243712
1783659958089 -0.0031889051879261388 245760
1783659959096 -0.004735225884360261 247808
1783659960085 -0.001428211064194329 249856
1783659961181 -0.005440418593934737 251904
1783659962283 -0.004689549416070804 253952
1783659963299 -0.0047580845675838646 256000
1783659964262 -0.003432063302170718 258048
1783659965224 -0.004462020417122403 260096
1783659966230 -0.0018495514850656036 262144
1783659967213 -0.006996409321800456 264192
1783659968359 -0.004666493192416965 266240
1783659969394 -0.005450710194054409 268288
1783659970405 -0.004325426498326124 270336
1783659971553 -0.004970724341546884 272384
1783659972624 -0.003535340409143828 274432
1783659973529 -0.007472791676264023 276480
1783659974420 -0.0034062465419992805 278528
1783659975332 -0.0036121036755503155 280576
1783659976246 -0.004914961566100828 282624
1783659977091 -0.004289363349016639 284672
1783659977989 -0.008704225980181945 286720
1783659979005 -0.0013261749227240216 288768
1783659980012 -0.006088578003982548 290816
1783659980905 -0.006770670905098086 292864
1783659981832 -0.005125645864609396 294912
1783659982786 -0.0033476755634183064 296960
1783659983733 -0.006479587715148227 299008
1783659984778 -0.004750108417283627 301056
1783659985692 -0.0045109146303730085 303104
1783659986639 -0.0029351925622904673 305152
1783659987580 -0.005532648039661581 307200
1783659988531 -0.004971260033926228 309248
1783659989430 -0.004569682723740698 311296
1783659990396 -0.00286492893792456 313344
1783659991445 -0.005239934664132306 315392
1783659992493 -0.006015198825480184 317440
1783659993468 -0.0032168072739295894 319488
1783659994396 -0.004997687989089172 321536
1783659995246 -0.005623632918286603 323584
1783659996124 -0.0050928826258314075 325632
1783659997137 -0.001772037880073185 327680
1783659998100 -0.0015230197423079517 329728
1783659998971 -0.002927321598690469 331776
1783659999836 -0.0039572206278535305 333824
1783660000776 -0.004109720564883901 335872
1783660001778 -0.0023681587881583255 337920
1783660002668 -0.007118456807802431 339968
1783660003656 -0.00110729409425403 342016
1783660004660 -0.00612047420872841 344064
1783660005568 -0.006168168147269171 346112
1783660006466 -0.004351393177785212 348160
1783660007526 -0.004936181881930679 350208
1783660008519 -0.0032732010913605336 352256
1783660009522 -0.0018319493246963248 354304
1783660010409 -0.0066751462072716095 356352
1783660011434 -0.0024954196414910257 358400
1783660012502 -0.0031311356724472716 360448
1783660013515 -0.0031939063264871947 362496
1783660014517 -0.004069954597071046 364544
1783660015450 -0.006043826466338942 366592
1783660016398 -0.006264407544222195 368640
1783660017394 -0.001072662889782805 370688
1783660018365 -0.005744120884628501 372736
1783660019302 -0.003142941404803423 374784
1783660020293 -0.006945754143089289 376832
1783660021305 -0.004672140967159066 378880
1783660022229 -0.0047485461363976356 380928
1783660023227 -0.003105550782493083 382976
1783660024128 -0.0034966422954312293 385024
1783660024983 -0.0018752966207102872 387072
1783660025983 -0.0028149213485448854 389120
1783660027124 -0.004421434412506642 391168
1783660028152 -0.0028470709330576938 393216
1783660029164 -0.0012740442543872632 395264
1783660030154 -0.00775974079806474 397312
1783660031121 -0.003369758338521933 399360
1783660032211 -0.0033010115002980456 401408
1783660033310 -0.005240026624960592 403456
1783660034377 -0.002376199103309773 405504
1783660035382 -0.0038760382449254394 407552
1783660036426 -0.00225061960372841 409600
1783660037442 -0.0016656772349961102 411648
1783660038499 -0.001703054931567749 413696
1783660039554 -0.0037184815664659254 415744
1783660040635 -0.002796841010422213 417792
1783660041629 -0.002610915318655316 419840
1783660042756 -0.005949464662990067 421888
1783660043795 -0.00354640381920035 423936
1783660044825 -0.006552328193720314 425984
1783660045816 -0.006116549378930358 428032
1783660046704 -0.0073660462512634695 430080
1783660047725 -0.004328498642280465 432128
1783660048769 -0.007672724832445965 434176
1783660049839 -0.005444476999400649 436224
1783660050954 -0.002257374879263807 438272
1783660051996 0.0019090563509962521 440320
1783660053046 -0.0025249452664866112 442368
1783660054105 -0.0010587433935143054 444416
1783660055169 -0.0028849538684880827 446464
1783660056294 -0.004339628103480209 448512
1783660057380 -0.005930609047936741 450560
1783660058380 -0.004809937858226476 452608
1783660059381 -1.4884408301440999e-05 454656
1783660060432 -0.0035710097290575504 456704
1783660061510 -0.004606286380294478 458752
1783660062563 -0.001626756875339197 460800
1783660063593 -0.0035067772842012346 462848
1783660064626 -0.0021040128158347216 464896
1783660065736 -0.0025294486331404187 466944
1783660066761 -0.0009665160869190004 468992
1783660067681 -0.006685996708256425 471040
1783660068669 -0.0017661971141933464 473088
1783660069738 -0.0015756513639644254 475136
1783660070818 -0.004306399936467642 477184
1783660071865 0.0017645490333961789 479232
1783660072888 -0.002635667244248907 481280
1783660073872 -0.003745560134120751 483328
1783660074806 -0.003687428277771687 485376
1783660075747 -0.002102577011100948 487424
1783660076944 -0.0034453019725333434 489472
1783660077937 -0.00819586683792295 491520
1783660078910 -0.005308357751346193 493568
1783660080009 -0.0024914634122978896 495616
1783660081068 -0.0013333866918401327 497664
1783660082152 -0.008403081745200325 499712
1783660083142 -0.004734467376692919 501760
1783660084195 -0.005792504380224273 503808
1783660085251 -0.0032234281516139163 505856
1783660086345 -0.0054781344333605375 507904
1783660087497 -0.0027313731789035955 509952
1783660088535 -0.0007628034763911273 512000
1783660089603 -0.00280436834145803 514048
1783660090654 -0.005076347812064341 516096
1783660091666 -0.008972715640993556 518144
1783660092700 -0.003842396483378252 520192
1783660093621 -0.004629651321010897 522240
1783660094726 -0.00575131488039915 524288
1783660095736 -0.002006282826187089 526336
1783660096780 4.079590507899411e-05 528384
1783660097767 -0.009005845153296832 530432
1783660098730 -0.0004567251180560561 532480
1783660099874 -0.001149394673120696 534528
1783660100976 -0.005046319231041707 536576
1783660102033 -0.00414580306460266 538624
1783660103101 -0.002647569916007342 540672
1783660104107 -0.006862593161713448 542720
1783660105121 -0.004047817637911066 544768
1783660106184 -0.002957783251986257 546816
1783660107359 -0.0007429314027831424 548864
1783660108308 -0.0060874569389852695 550912
1783660109316 -0.0010768031816041912 552960
1783660110363 -0.003040728515770752 555008
1783660111437 -0.003257916625443613 557056
1783660112508 -0.003264410377596505 559104
1783660113526 -0.004154750738962321 561152
1783660114592 -0.004334912369813537 563200
1783660115668 0.0011635308437689673 565248
1783660116764 -0.005714519982575439 567296
1783660117815 -0.004426803738169838 569344
1783660118951 -0.0022250964684644714 571392
1783660120016 -0.006551688311446924 573440
1783660121069 -0.0031946742892614566 575488
1783660122137 -0.004754886082082521 577536
1783660123219 -0.003492208470561309 579584
1783660124258 -0.0036115699986112304 581632
1783660125188 -0.0018712696819420671 583680
1783660126255 -0.0019652885603136383 585728
1783660127366 -0.0034032658077194355 587776
1783660128461 -0.002313358259925735 589824
1783660129565 -0.004807815246749669 591872
1783660130618 -0.007774547513690777 593920
1783660131705 -0.004178608565780451 595968
1783660132697 -0.003373731176907313 598016
1783660133729 -0.004505213215452386 600064
1783660134777 -0.005390906071625068 602112
1783660135730 -0.0023646958798053674 604160
1783660136738 -0.004211353554637753 606208
1783660137765 -0.0016643013987049926 608256
1783660138840 -0.002618241705931723 610304
1783660139891 -0.002432466719255899 612352
1783660140989 -0.0043890347333217505 614400
1783660142025 -0.003105557112576207 616448
1783660142955 -0.006788133152440423 618496
1783660143928 -0.0007410307953250594 620544
1783660144921 -0.005130789351824205 622592
1783660145855 -0.003881870306940982 624640
1783660146776 -0.001416778741258895 626688
1783660147675 -0.003030447922355961 628736
1783660148646 -0.0022634438355453312 630784
1783660149633 -0.004054827795698657 632832
1783660150634 -0.006975687905651284 634880
1783660151633 -0.0036384639170137234 636928
1783660152585 -0.007035510790956323 638976
1783660153438 -0.007458218975443742 641024
1783660154367 -0.003858563617541222 643072
1783660155373 -0.0021582470035355072 645120
1783660156322 -0.003083835819779779 647168
1783660157296 -0.003803628063906217 649216
1783660158149 -0.004054616014400381 651264
1783660158989 -0.0019593443685153034 653312
1783660159888 -0.002239839384856168 655360
1783660160829 -0.003281604811490979 657408
1783660161728 -0.006727016101649497 659456
1783660162613 -0.004629606923117535 661504
1783660163612 -0.0053177703157416545 663552
1783660164657 -0.0072887417663878296 665600
1783660165657 -0.005237632916760049 667648
1783660166621 -0.002815664149238728 669696
1783660167611 -0.007188612846221076 671744
1783660168501 -0.002940020462119719 673792
1783660169459 -0.004519806807365967 675840
1783660170497 -0.00339672180780326 677888
1783660171557 -0.007471446644558455 679936
1783660172556 -0.0019930830894736573 681984
1783660173512 -0.006242630846827524 684032
1783660174391 -0.004722510666397284 686080
1783660175280 -0.005219372000283329 688128
1783660176250 -0.0037370261416072026 690176
1783660177241 -0.008790451611275785 692224
1783660178203 -0.003665593856567284 694272
1783660179183 -0.002989234773849603 696320
1783660180052 -0.003959507968829712 698368
1783660180907 -0.004622599595677457 700416
1783660181841 -0.002811596012179507 702464
1783660182775 -0.005045236895966809 704512
1783660183729 -0.001399594548274763 706560
1783660184586 -0.0023011668054095935 708608
1783660185572 -0.0022492452117148787 710656
1783660186623 -0.0038046541667426936 712704
1783660187667 -0.002478421345585957 714752
1783660188606 -0.0030469663706753636 716800
1783660189506 -0.004431681511050556 718848
1783660190372 -0.008619004234788008 720896
1783660191266 -0.004426160379807698 722944
1783660192208 -0.003417377782170661 724992
1783660193188 -0.007916328468127176 727040
1783660194119 -0.0020635374639823567 729088
1783660194963 -0.003214170239516534 731136
1783660195914 -0.00239079157836386 733184
1783660196934 -0.00493857605397352 735232
1783660197885 -0.0023886537928774487 737280
1783660198829 -0.000986317314527696 739328
1783660199720 -0.0045209798590803985 741376
1783660200694 -0.002286382750753546 743424
1783660201727 -0.0029240659314382356 745472
1783660202653 -0.0031713889075035695 747520
1783660203543 -0.004331695978180505 749568
1783660204379 -0.006799928796681343 751616
1783660205351 -0.003265665107392124 753664
1783660206369 -0.0030900923593435436 755712
1783660207383 -0.004638105132471537 757760
1783660208369 -0.0026970365179295186 759808
1783660209252 -0.004346140107372776 761856
1783660210091 -0.001724850448226789 763904
1783660211041 -0.0025520591880194843 765952
1783660211998 -0.002531392816308653 768000
1783660212954 -0.001988158812309848 770048
1783660213811 -0.004168733321421314 772096
1783660214682 -0.0034383675192657392 774144
1783660215681 -0.003853406073176302 776192
1783660216766 -0.003048138285521418 778240
1783660217802 -0.0012525056554295588 780288
1783660218865 -0.0020179299426672515 782336
1783660219885 -0.004555363891995512 784384
1783660220872 -0.007141730780858779 786432
1783660221792 -0.0006382964402291691 788480
1783660222679 -0.00774278157405206 790528
1783660223584 -0.005786071109923796 792576
1783660224571 -0.001927150407937006 794624
1783660225467 -0.0026669201761251315 796672
1783660226320 -0.006802449737733696 798720
1783660227256 -0.008032325751628377 800768
1783660228169 -0.0015424491284647956 802816
1783660229053 -0.0038323084136209218 804864
1783660229902 -0.005081846309622051 806912
1783660230853 -0.005123878199810861 808960
1783660231819 -0.008192451892682584 811008
1783660232785 -0.0005273697352095041 813056
1783660233693 -0.004960123918863246 815104
1783660234596 -0.005368622429159586 817152
1783660235525 -0.0029465879997587763 819200
1783660236510 -0.003868117262754822 821248
1783660237518 -0.003220355556550203 823296
1783660238488 -0.0026895594310190063 825344
1783660239394 -0.004565993676806102 827392
1783660240323 -0.00464497069697245 829440
1783660241190 -0.004438878950168146 831488
1783660242127 -0.004850532153795939 833536
1783660243000 -0.0025734856881172163 835584
1783660243963 -0.003177043092364329 837632
1783660245027 -0.006114649284427287 839680
1783660245995 -0.0042525927510723704 841728
1783660246967 -0.002361296765229781 843776
1783660247946 -0.0029157187964301556 845824
1783660248859 -0.002724175290495623 847872
1783660249766 -0.005892421264434233 849920
1783660250656 -0.0027769923181040213 851968
1783660251646 -0.0032173397121368907 854016
1783660252566 -0.0014058508313610218 856064
1783660253435 -0.004631465486454545 858112
1783660254374 -0.005702741067580064 860160
1783660255373 -0.0026567979166429723 862208
1783660256357 -0.0011250662864767946 864256
1783660257305 -0.0051823199246427976 866304
1783660258230 -0.00012468745262594894 868352
1783660259134 -0.0035456714913379983 870400
1783660260081 -0.002193704520323081 872448
1783660261030 -0.00338139069663157 874496
1783660261920 -0.004999045582735562 876544
1783660262904 -0.0027790511667262763 878592
1783660263837 -0.005944929842371494 880640
1783660264778 -0.004626250920409802 882688
1783660265665 -0.006982108094234718 884736
1783660266535 -0.005485855774168158 886784
1783660267531 -0.002678662054677261 888832
1783660268503 -0.008103746054985095 890880
1783660269419 -0.006622355060244445 892928
1783660270456 -0.004898280731140403 894976
1783660271352 -0.003672376729809912 897024
1783660272328 -0.003444134898018092 899072
1783660273311 -0.0021541869937209412 901120
1783660274289 -0.0036976488881919067 903168
1783660275212 -0.007252068127854727 905216
1783660276089 -0.0030170033751346637 907264
1783660277109 -0.005558553653827403 909312
1783660278067 -0.0032891168993955944 911360
1783660279015 -0.005662995179591235 913408
1783660279954 -0.004512825431447709 915456
1783660280846 -0.006249365969779319 917504
1783660281734 -0.004531125425273785 919552
1783660282683 -0.0019615765877460944 921600
1783660283610 -0.0034857455939345527 923648
1783660284473 -0.004019637199235149 925696
1783660285447 -0.0025612591452954803 927744
1783660286447 -0.004263163897121558 929792
1783660287388 -0.003548132309333596 931840
1783660288268 -0.0051428734077489935 933888
1783660289133 -0.0013442527342704125 935936
1783660290006 -0.0037755849189125 937984
1783660290922 -0.005040227537392639 940032
1783660291830 -0.0035855255409842357 942080
1783660292768 -0.004990332976376521 944128
1783660293762 -0.007954471057018964 946176
1783660294712 -0.0068833583463856485 948224
1783660295629 -0.002163690107408911 950272
1783660296525 -0.0026176126575592207 952320
1783660297403 -0.0036400684584805276 954368
1783660298337 -0.005205209399719024 956416
1783660299240 -0.002513264898880152 958464
1783660300199 -0.002443915142066544 960512
1783660301262 -0.0036630886843340704 962560
1783660302264 -0.005064037783085951 964608
1783660303283 -0.005479681132783298 966656
1783660304266 -0.008171723602572456 968704
1783660305189 -0.004047261843879824 970752
1783660306059 -0.004673511924920604 972800
1783660306936 -0.006195944910359685 974848
1783660307870 -0.0009458608456043294 976896
1783660308728 -0.0027076856240455527 978944
1783660309601 -0.004154644229856785 980992
1783660310597 -0.006628466424444923 983040
1783660311541 -0.0043061382821178995 985088
1783660312478 -0.0030725513388460968 987136
1783660313341 -0.0060583140402741265 989184
1783660314321 -0.0028654195593844634 991232
1783660315346 -0.0006993882743699942 993280
1783660316272 -0.004210640487144701 995328
1783660317186 -0.005356567842682125 997376
1783660318042 -0.0027651904201775324 999424
