1783659841328 1812.8347975761433 2048
1783659842240 2006.5252492408315 4096
1783659843189 2054.317277968224 6144
1783659844130 2083.673744176767 8192
1783659845158 2064.496067333367 10240
1783659846041 2103.1565564691023 12288
1783659847015 2103.219515423348 14336
1783659847982 2104.7867336168733 16384
1783659848884 2122.2172952391284 18432
1783659849840 2124.0687110550953 20480
1783659850897 2105.5827897546537 22528
1783659852007 2081.2615477580475 24576
1783659853012 2077.7210472567826 26624
1783659854000 2077.4364599577466 28672
1783659854941 2083.726041678105 30720
1783659855871 2090.832890201883 32768
1783659856871 2088.2253106303488 34816
1783659857957 2075.806426878276 36864
1783659858946 2075.6098665128898 38912
1783659859941 2074.7127607749935 40960
1783659860954 2072.0881074331933 43008
1783659861846 2081.3767799208367 45056
1783659862825 2081.8322093896795 47104
1783659863707 2090.8100633069166 49152
1783659864684 2091.0075009464863 51200
1783659865589 2097.13697487688 53248
1783659866525 2100.385669390439 55296
1783659867631 2090.389674703531 57344
1783659868710 2083.06039037155 59392
1783659869714 2081.630049745198 61440
1783659870736 2079.008242137092 63488
1783659871663 2082.834278212146 65536
1783659872540 2089.714180227827 67584
1783659873517 2089.8512963380613 69632
1783659874518 2088.572883850038 71680
1783659875475 2089.988118404122 73728
1783659876458 2089.83833803333 75776
1783659877400 2091.922623523966 77824
1783659878312 2095.6494252393254 79872
1783659879211 2099.8355318797094 81920
1783659880183 2099.976682216574 83968
1783659881100 2102.977839785339 86016
1783659881990 2107.214328879016 88064
1783659882937 2108.4603242187995 90112
1783659883876 2110.002662591995 92160
1783659884800 2112.1986351224928 94208
1783659885653 2117.6032967914034 96256
1783659886560 2120.3686279877843 98304
1783659887519 2120.674321265435 100352
1783659888435 2122.8624976941187 102400
1783659889320 2126.328410562531 104448
1783659890350 2123.4625597037643 106496
1783659891391 2120.2851106649437 108544
1783659892400 2118.5595817517014 110592
1783659893351 2119.1604996024967 112640
1783659894256 2121.5988164401697 114688
1783659895205 2122.2115523512957 116736
1783659896260 2118.804172283881 118784
1783659897207 2119.523664190788 120832
1783659898141 2120.7167214651586 122880
1783659899080 2121.6948728979937 124928
1783659900096 2119.8656029842177 126976
1783659901190 2115.420091362827 129024
1783659902162 2115.3076048673192 131072
1783659903200 2112.9602665155903 133120
1783659904215 2111.447108325767 135168
1783659905116 2113.6864173637437 137216
1783659906147 2111.700265905911 139264
1783659907232 2108.085725531444 141312
1783659908197 2108.2639007754046 143360
1783659909429 2100.346568370245 145408
1783659910459 2098.6878937990145 147456
1783659911469 2097.686355516665 149504
1783659912513 2095.7291770035954 151552
1783659913597 2092.667818863531 153600
1783659914710 2088.905581932653 155648
1783659915784 2086.323159102453 157696
1783659916767 2086.2897082895647 159744
1783659917831 2084.0585318135168 161792
1783659918902 2081.7441203155477 163840
1783659919967 2079.6149892021135 165888
1783659920976 2079.002276453695 167936
1783659921866 2081.4078997447923 169984
1783659922777 2083.25295412259 172032
1783659923827 2081.593274086715 174080
1783659924793 2082.015106637644 176128
1783659925761 2082.4023744622505 178176
1783659926782 2081.4921108185563 180224
1783659927818 2080.2660278308467 182272
1783659928844 2079.278893381004 184320
1783659929829 2079.2838185184582 186368
1783659930768 2080.3376742808077 188416
1783659931762 2080.131267799446 190464
1783659932828 2078.285704924161 192512
1783659933845 2077.5861064606966 194560
1783659934785 2078.5957846092256 196608
1783659935702 2080.093061060976 198656
1783659936711 2079.5600959413205 200704
1783659937620 2081.1775060875107 202752
1783659938624 2080.7646726450084 204800
1783659939574 2081.4819722085217 206848
1783659940458 2083.543175411846 208896
1783659941477 2082.7984005101375 210944
1783659942403 2083.9661773744965 212992
1783659943406 2083.574557508009 215040
1783659944379 2083.7626004976737 217088
1783659945346 2084.068014704386 219136
1783659946254 2085.5411543154887 221184
1783659947272 2084.8433670709 223232
1783659948240 2085.126669651303 225280
1783659949231 2084.95265884864 227328
1783659950211 2085.120468735044 229376
1783659951206 2084.758007168197 231424
1783659952284 2082.983745694196 233472
1783659953271 2082.90632074939 235520
1783659954250 2082.9777854384347 237568
1783659955243 2082.8067053246064 239616
1783659956179 2083.651787753216 241664
1783659957122 2084.3690877690788 243712
1783659958089 2084.640399887066 245760
1783659959096 2084.2127243363857 247808
1783659960085 2084.105616120736 249856
1783659961181 2082.1402838317163 251904
1783659962283 2080.133029476721 253952
1783659963299 2079.604319064371 256000
1783659964262 2079.9708162156353 258048
1783659965224 2080.335650884903 260096
1783659966230 2079.9770818195725 262144
1783659967213 2080.0035949379194 264192
1783659968359 2077.385061606163 266240
1783659969394 2076.5936738656833 268288
1783659970405 2076.200504487532 270336
1783659971553 2073.6512936882305 272384
1783659972624 2072.3493316297545 274432
1783659973529 2073.636457809565 276480
1783659974420 2075.133537401764 278528
1783659975332 2076.276843285336 280576
1783659976246 2077.382466972974 282624
1783659977091 2079.5290374833676 284672
1783659977989 2080.8349828349965 286720
1783659979005 2080.363540146857 288768
1783659980012 2080.02353021131 290816
1783659980905 2081.3844347746885 292864
1783659981832 2082.2200221466496 294912
1783659982786 2082.6494457576246 296960
1783659983733 2083.1706482591917 299008
1783659984778 2082.2771050427114 301056
1783659985692 2083.276352917318 303104
1783659986639 2083.797988050542 305152
1783659987580 2084.382591857232 307200
1783659988531 2084.829777448509 309248
1783659989430 2085.9925003263183 311296
1783659990396 2086.2075330680386 313344
1783659991445 2085.2800455243528 315392
1783659992493 2084.3847004888426 317440
1783659993468 2084.487771818064 319488
1783659994396 2085.216703151627 321536
1783659995246 2086.994788742543 323584
1783659996124 2088.3784817045157 325632
1783659997137 2087.944770802997 327680
1783659998100 2088.19094471952 329728
1783659998971 2089.6329247424005 331776
1783659999836 2091.137246098162 333824
1783660000776 2091.642289433145 335872
1783660001778 2091.358049474806 337920
1783660002668 2092.5020842737954 339968
1783660003656 2092.3825178816433 342016
1783660004660 2092.0670337756756 344064
1783660005568 2092.9651565785466 346112
1783660006466 2093.9780739052126 348160
1783660007526 2092.942490767545 350208
1783660008519 2092.766835517263 352256
1783660009522 2092.4684022446227 354304
1783660010409 2093.5929032271465 356352
1783660011434 2093.0221618476126 358400
1783660012502 2091.932974058987 360448
1783660013515 2091.520163535636 362496
1783660014517 2091.2504377305854 364544
1783660015450 2091.8081238761874 366592
1783660016398 2092.172160336917 368640
1783660017394 2091.970427271075 370688
1783660018365 2092.0573445396544 372736
1783660019302 2092.5482782126955 374784
1783660020293 2092.405230989364 376832
1783660021305 2092.027526449964 378880
1783660022229 2092.6550999337715 380928
1783660023227 2092.4398225256023 382976
1783660024128 2093.317251939145 385024
1783660024983 2094.715687287836 387072
1783660025983 2094.4671801815025 389120
1783660027124 2092.641405733503 391168
1783660028152 2092.0904909194032 393216
1783660029164 2091.7269430956003 395264
1783660030154 2091.608436402182 397312
1783660031121 2091.737262382557 399360
1783660032211 2090.532445836093 401408
1783660033310 2089.2373801702315 403456
1783660034377 2088.307569094052 405504
1783660035382 2088.0385722553374 407552
1783660036426 2087.3749264398252 409600
1783660037442 2086.9986351346365 411648
1783660038499 2086.2045295781804 413696
1783660039554 2085.4368100186994 415744
1783660040635 2084.4087743386576 417792
1783660041629 2084.2899911298728 419840
1783660042756 2082.8000356826146 421888
1783660043795 2082.22921729377 423936
1783660044825 2081.7625906713915 425984
1783660045816 2081.685518002301 428032
1783660046704 2082.652940484217 430080
1783660047725 2082.275890631768 432128
1783660048769 2081.675000767683 434176
1783660049839 2080.8165189696515 436224
1783660050954 2079.5254886938515 438272
1783660051996 2078.968792287929 440320
1783660053046 2078.3321747381096 442368
1783660054105 2077.6128736174855 444416
1783660055169 2076.862906773026 446464
1783660056294 2075.523774498753 448512
1783660057380 2074.5737552949827 450560
1783660058380 2074.4532896447085 452608
1783660059381 2074.3199042042365 454656
1783660060432 2073.7207297749856 456704
1783660061510 2072.8790558207043 458752
1783660062563 2072.2723823236574 460800
1783660063593 2071.8863723925974 462848
1783660064626 2071.4701211130164 464896
1783660065736 2070.3597222607964 466944
1783660066761 2070.029921471657 468992
1783660067681 2070.663786101303 471040
1783660068669 2070.6727353475167 473088
1783660069738 2069.9540520816718 475136
1783660070818 2069.139368951531 477184
1783660071865 2068.6257449908917 479232
1783660072888 2068.33316299711 481280
1783660073872 2068.389272637575 483328
1783660074806 2068.8798911847252 485376
1783660075747 2069.3142836665497 487424
1783660076944 2067.4980711393514 489472
1783660077937 2067.479158613936 491520
1783660078910 2067.6340366057916 493568
1783660080009 2066.6964742803143 495616
1783660081068 2066.110864278868 497664
1783660082152 2065.322023012653 499712
1783660083142 2065.336742100975 501760
1783660084195 2064.814092341051 503808
1783660085251 2064.276476301588 505856
1783660086345 2063.421237543172 507904
1783660087497 2062.086823197934 509952
1783660088535 2061.7208836663476 512000
1783660089603 2061.1012325050765 514048
1783660090654 2060.624447512353 516096
1783660091666 2060.483098470158 518144
1783660092700 2060.1541378865395 520192
1783660093621 2060.743766882126 522240
1783660094726 2059.844305248859 524288
1783660095736 2059.718655405856 526336
1783660096780 2059.3180446018296 528384
1783660097767 2059.383925257008 530432
1783660098730 2059.628466846977 532480
1783660099874 2058.443087643117 534528
1783660100976 2057.6024561943464 536576
1783660102033 2057.1133147467126 538624
1783660103101 2056.545235290949 540672
1783660104107 2056.465977102014 542720
1783660105121 2056.3317585183318 544768
1783660106184 2055.809438200288 546816
1783660107359 2054.4333738958476 548864
1783660108308 2054.8013865091593 550912
1783660109316 2054.714249011227 552960
1783660110363 2054.3295967554836 555008
1783660111437 2053.745300633695 557056
1783660112508 2053.1933619883703 559104
1783660113526 2053.0341706355334 561152
1783660114592 2052.522644784362 563200
1783660115668 2051.943065587907 565248
1783660116764 2051.2134297743314 567296
1783660117815 2050.829640493891 569344
1783660118951 2049.82030839048 571392
1783660120016 2049.333977285119 573440
1783660121069 2048.94198876206 575488
1783660122137 2048.4437983603384 577536
1783660123219 2047.8511195499893 579584
1783660124258 2047.566778156512 581632
1783660125188 2048.0735052422656 583680
1783660126255 2047.5915010631836 585728
1783660127366 2046.800935862235 587776
1783660128461 2046.1363579332844 589824
1783660129565 2045.4012965163515 591872
1783660130618 2045.04340598891 593920
1783660131705 2044.4389006183428 595968
1783660132697 2044.509249241803 598016
1783660133729 2044.2995105422992 600064
1783660134777 2043.9792518266256 602112
1783660135730 2044.3120770439448 604160
1783660136738 2044.2748265488176 606208
1783660137765 2044.0996223076086 608256
1783660138840 2043.6009092350507 610304
1783660139891 2043.2665196893013 612352
1783660140989 2042.6171313312548 614400
1783660142025 2042.3900361426774 616448
1783660142955 2042.8818759831559 618496
1783660143928 2043.0786154491707 620544
1783660144921 2043.1429646533732 622592
1783660145855 2043.6019041165387 624640
1783660146776 2044.1381377968805 626688
1783660147675 2044.8253192648217 628736
1783660148646 2045.0267694003394 630784
1783660149633 2045.1212365585154 632832
1783660150634 2045.1247784488567 634880
1783660151633 2045.1402700644562 636928
1783660152585 2045.4621893838203 638976
1783660153438 2046.433234833581 641024
1783660154367 2046.9006265412563 643072
1783660155373 2046.8656800740066 645120
1783660156322 2047.2007020804595 647168
1783660157296 2047.3694565033716 649216
1783660158149 2048.320181362743 651264
1783660158989 2049.3477159931385 653312
1783660159888 2049.9897868817657 655360
1783660160829 2050.356545040428 657408
1783660161728 2050.997986036898 659456
1783660162613 2051.717309727214 661504
1783660163612 2051.710669411737 663552
1783660164657 2051.417704181964 665600
1783660165657 2051.4070376791356 667648
1783660166621 2051.620394191798 669696
1783660167611 2051.6754298418987 671744
1783660168501 2052.349637981071 673792
1783660169459 2052.5969562981227 675840
1783660170497 2052.348031567143 677888
1783660171557 2051.9650326603264 679936
1783660172556 2051.957704079871 681984
1783660173512 2052.2160155996844 684032
1783660174391 2052.9470862291187 686080
1783660175280 2053.6114606918522 688128
1783660176250 2053.7821487308606 690176
1783660177241 2053.8169283318507 692224
1783660178203 2054.0328687290476 694272
1783660179183 2054.135913907539 696320
1783660180052 2054.908632611682 698368
1783660180907 2055.761350121264 700416
1783660181841 2056.1371877582806 702464
1783660182775 2056.510165028702 704512
1783660183729 2056.7599930253614 706560
1783660184586 2057.588289121888 708608
1783660185572 2057.6422224857633 710656
1783660186623 2057.314552875799 712704
1783660187667 2057.027157749137 714752
1783660188606 2057.3569038955015 716800
1783660189506 2057.92063487134 718848
1783660190372 2058.680386012729 720896
1783660191266 2059.2722589931304 722944
1783660192208 2059.577342400646 724992
1783660193188 2059.664522081712 727040
1783660194119 2060.032271914625 729088
1783660194963 2060.90304442771 731136
1783660195914 2061.1510080665653 733184
1783660196934 2061.0004040167923 735232
1783660197885 2061.2445045492623 737280
1783660198829 2061.527395243776 739328
1783660199720 2062.118133652389 741376
1783660200694 2062.2264514461426 743424
1783660201727 2061.997268922923 745472
1783660202653 2062.3844625005327 747520
1783660203543 2062.9674534428736 749568
1783660204379 2063.8545992747954 751616
1783660205351 2063.9710413997473 753664
1783660206369 2063.823595649143 755712
1783660207383 2063.7022544931533 757760
1783660208369 2063.7375936474145 759808
1783660209252 2064.35210813987 761856
1783660210091 2065.203714548352 763904
1783660211041 2065.435193116562 765952
1783660211998 2065.6304192851917 768000
1783660212954 2065.824300087956 770048
1783660213811 2066.569777894248 772096
1783660214682 2067.230084632281 774144
1783660215681 2067.1833424507245 776192
1783660216766 2066.66804485262 778240
1783660217802 2066.42298216263 780288
1783660218865 2066.027905813628 782336
1783660219885 2065.874184865874 784384
1783660220872 2065.8940462857186 786432
1783660221792 2066.282019691188 788480
1783660222679 2066.842294045832 790528
1783660223584 2067.3089825760185 792576
1783660224571 2067.3258751504836 794624
1783660225467 2067.8338176728107 796672
1783660226320 2068.570840902197 798720
1783660227256 2068.8580306056783 800768
1783660228169 2069.2677716113935 802816
1783660229053 2069.8310702884537 804864
1783660229902 2070.579175074733 806912
1783660230853 2070.7808467938466 808960
1783660231819 2070.89918780037 811008
1783660232785 2071.0224926532096 813056
1783660233693 2071.44967588599 815104
1783660234596 2071.8989240429764 817152
1783660235525 2072.210269346428 819200
1783660236510 2072.2270884268146 821248
1783660237518 2072.124119973764 823296
1783660238488 2072.2215759059286 825344
1783660239394 2072.647543053274 827392
1783660240323 2072.955397877676 829440
1783660241190 2073.578146110059 831488
1783660242127 2073.8385789828585 833536
1783660243000 2074.429462170389 835584
1783660243963 2074.556489811338 837632
1783660245027 2074.159539605421 839680
1783660245995 2074.258403680153 841728
1783660246967 2074.3372258429326 843776
1783660247946 2074.3826471174184 845824
1783660248859 2074.7579966223066 847872
1783660249766 2075.1658012120974 849920
1783660250656 2075.6528290746205 851968
1783660251646 2075.637496841493 854016
1783660252566 2075.9736370119986 856064
1783660253435 2076.5638290851666 858112
1783660254374 2076.801806231506 860160
1783660255373 2076.7343906244637 862208
1783660256357 2076.748482493941 864256
1783660257305 2076.9354593957805 866304
1783660258230 2077.238662671441 868352
1783660259134 2077.6474224286153 870400
1783660260081 2077.8359773598204 872448
1783660261030 2078.020676324083 874496
1783660261920 2078.48787982236 876544
1783660262904 2078.493648493926 878592
1783660263837 2078.7546694601097 880640
1783660264778 2078.969699018809 882688
1783660265665 2079.447526886791 884736
1783660266535 2080.006319121932 886784
1783660267531 2079.9525791615624 888832
1783660268503 2080.013402142774 890880
1783660269419 2080.3460776247575 892928
1783660270456 2080.091369840258 894976
1783660271352 2080.521115209725 897024
1783660272328 2080.5592603531536 899072
1783660273311 2080.567712842275 901120
1783660274289 2080.5963624998317 903168
1783660275212 2080.891666146775 905216
1783660276089 2081.4010624304283 907264
1783660277109 2081.2303561492267 909312
1783660278067 2081.35567379895 911360
1783660279015 2081.5265755900987 913408
1783660279954 2081.737506195441 915456
1783660280846 2082.173513837568 917504
1783660281734 2082.620744945081 919552
1783660282683 2082.7840758661573 921600
1783660283610 2083.049566035044 923648
1783660284473 2083.6102641925645 925696
1783660285447 2083.6552349733206 927744
1783660286447 2083.5738800371864 929792
1783660287388 2083.7665981921 931840
1783660288268 2084.2482552556808 933888
1783660289133 2084.7937615911187 935936
1783660290006 2085.3020644414414 937984
1783660290922 2085.6081414540386 940032
1783660291830 2085.9475171766776 942080
1783660292768 2086.1499843161814 944128
1783660293762 2086.0910210088487 946176
1783660294712 2086.23679362429 948224
1783660295629 2086.535889693604 950272
1783660296525 2086.926380680954 952320
1783660297403 2087.399103363026 954368
1783660298337 2087.6108905471424 956416
1783660299240 2087.9667719630693 958464
1783660300199 2088.067109597107 960512
1783660301262 2087.692169797903 962560
1783660302264 2087.60088530526 964608
1783660303283 2087.4275997061995 966656
1783660304266 2087.420225063742 968704
1783660305189 2087.6796529394196 970752
1783660306059 2088.1767777261502 972800
1783660306936 2088.642657172701 974848
1783660307870 2088.851605503188 976896
1783660308728 2089.3939310841433 978944
1783660309601 2089.871236135521 980992
1783660310597 2089.8031618156715 983040
1783660311541 2089.9594287104583 985088
1783660312478 2090.1521850668046 987136
1783660313341 2090.6654554487727 989184
1783660314321 2090.6651235894838 991232
1783660315346 2090.4635720296787 993280
1783660316272 2090.7036294582176 995328
1783660317186 2090.9898196087042 997376
1783660318042 2091.5275489146725 999424
