1783659841328 0.35761558217927814 2048
1783659842240 0.22689786198316142 4096
1783659843189 2.7283621230744757 6144
1783659844130 5.22887984191766 8192
1783659845158 13.263582709769253 10240
1783659846041 0.19226681301370263 12288
1783659847015 5.412218608369585 14336
1783659847982 13.411842031870037 16384
1783659848884 0.0900644292414654 18432
1783659849840 2.724502877390478 20480
1783659850897 2.732604815479135 22528
1783659852007 0.11204069768427871 24576
1783659853012 23.878352432046086 26624
1783659854000 0.12502647010842338 28672
1783659854941 0.10478098256862722 30720
1783659855871 5.827183649409562 32768
1783659856871 2.8377821367466822 34816
1783659857957 0.12909316437435336 36864
1783659858946 0.09949914476601407 38912
1783659859941 2.8065549168968573 40960
1783659860954 13.72829395235749 43008
1783659861846 13.710595421725884 45056
1783659862825 13.656881249626167 47104
1783659863707 5.699646314315032 49152
1783659864684 0.10696367407217622 51200
1783659865589 0.21825416962383315 53248
1783659866525 10.813250129460357 55296
1783659867631 0.13988701373455115 57344
1783659868710 2.9131037354818545 59392
1783659869714 2.8374290886858944 61440
1783659870736 0.14141467586159706 63488
1783659871663 11.074741993565112 65536
1783659872540 5.593620353611186 67584
1783659873517 19.465557835879736 69632
1783659874518 10.81549102102872 71680
1783659875475 0.10677367262542248 73728
1783659876458 18.899329419597052 75776
1783659877400 19.025031238910742 77824
1783659878312 7.920216835278552 79872
1783659879211 26.743232929264195 81920
1783659880183 44.40533881238662 83968
1783659881100 33.60639339638874 86016
1783659881990 10.560498468577862 88064
1783659882937 15.621096357121132 90112
1783659883876 18.295176481478848 92160
1783659884800 3.0379357512574643 94208
1783659885653 26.17108652438037 96256
1783659886560 40.75391025422141 98304
1783659887519 31.41093461588025 100352
1783659888435 49.7103482473176 102400
1783659889320 48.30686267511919 104448
1783659890350 41.06391049781814 106496
1783659891391 45.96403545886278 108544
1783659892400 44.98611826868728 110592
1783659893351 51.191110506188124 112640
1783659894256 54.43601725436747 114688
1783659895205 44.44626418501139 116736
1783659896260 54.969365084776655 118784
1783659897207 61.20215321704745 120832
1783659898141 49.193190678954124 122880
1783659899080 45.18505839887075 124928
1783659900096 40.76983108720742 126976
1783659901190 50.06478501064703 129024
1783659902162 49.386065433733165 131072
1783659903200 48.39988061762415 133120
1783659904215 61.67127076955512 135168
1783659905116 53.56678809225559 137216
1783659906147 50.741851644124836 139264
1783659907232 53.06374153122306 141312
1783659908197 50.084344774484634 143360
1783659909429 51.20723492046818 145408
1783659910459 51.48976560262963 147456
1783659911469 48.316304915817454 149504
1783659912513 44.98748165555298 151552
1783659913597 40.75132658518851 153600
1783659914710 42.094637922011316 155648
1783659915784 30.153134031686932 157696
1783659916767 29.45595359033905 159744
1783659917831 42.079963302239776 161792
1783659918902 41.26959026651457 163840
1783659919967 36.613026205450296 165888
1783659920976 43.79954806342721 167936
1783659921866 40.24671661783941 169984
1783659922777 30.747601720737293 172032
1783659923827 29.00764058670029 174080
1783659924793 33.74335623299703 176128
1783659925761 32.52105841296725 178176
1783659926782 32.982800520723686 180224
1783659927818 33.88704415271059 182272
1783659928844 34.69483050517738 184320
1783659929829 31.15469687478617 186368
1783659930768 34.454802461434156 188416
1783659931762 36.3455098150298 190464
1783659932828 35.65790548711084 192512
1783659933845 17.92632687278092 194560
1783659934785 24.188821466406807 196608
1783659935702 30.65084374602884 198656
1783659936711 28.806144467904232 200704
1783659937620 30.61182824987918 202752
1783659938624 24.781549627892673 204800
1783659939574 25.227073123212904 206848
1783659940458 26.298139330698177 208896
1783659941477 27.81918510212563 210944
1783659942403 27.619257799815387 212992
1783659943406 26.210615960881114 215040
1783659944379 28.440981899155304 217088
1783659945346 27.160940140718594 219136
1783659946254 26.685560366138816 221184
1783659947272 23.632166176103055 223232
1783659948240 19.76835889928043 225280
1783659949231 23.98320287722163 227328
1783659950211 16.823714477941394 229376
1783659951206 20.084283474832773 231424
1783659952284 13.71925030159764 233472
1783659953271 21.528155049774796 235520
1783659954250 21.028137784218416 237568
1783659955243 16.3080557922367 239616
1783659956179 14.742310110712424 241664
1783659957122 15.75961747346446 243712
1783659958089 14.092922465177253 245760
1783659959096 18.222197878640145 247808
1783659960085 10.060513464733958 249856
1783659961181 10.844759515719488 251904
1783659962283 14.757592529291287 253952
1783659963299 10.17554121138528 256000
1783659964262 14.296680679777637 258048
1783659965224 15.032913957023993 260096
1783659966230 18.901044739875942 262144
1783659967213 12.90578493475914 264192
1783659968359 17.333788425195962 266240
1783659969394 15.663725586142391 268288
1783659970405 12.41312137292698 270336
1783659971553 20.059769549407065 272384
1783659972624 15.6830381071195 274432
1783659973529 10.709807220846415 276480
1783659974420 11.973874271381646 278528
1783659975332 9.492856310214847 280576
1783659976246 5.952560106059536 282624
1783659977091 12.874993198551238 284672
1783659977989 10.310134224360809 286720
1783659979005 13.107361441012472 288768
1783659980012 7.022748082410544 290816
1783659980905 1.9804613727610558 292864
1783659981832 10.542880517896265 294912
1783659982786 11.744442844763398 296960
1783659983733 8.968295700382441 299008
1783659984778 13.474944992922246 301056
1783659985692 14.094434268772602 303104
1783659986639 14.408838840201497 305152
1783659987580 13.906934168655425 307200
1783659988531 12.020834809634835 309248
1783659989430 13.56134472694248 311296
1783659990396 14.55892600119114 313344
1783659991445 10.332155605312437 315392
1783659992493 19.2271687136963 317440
1783659993468 12.023710917681456 319488
1783659994396 10.478112847078592 321536
1783659995246 14.231465105898678 323584
1783659996124 11.183858473785222 325632
1783659997137 10.987831827253103 327680
1783659998100 13.528920107055455 329728
1783659998971 14.75334300659597 331776
1783659999836 8.72871012892574 333824
1783660000776 12.76831180229783 335872
1783660001778 15.725028982385993 337920
1783660002668 11.026183334179223 339968
1783660003656 14.568732893560082 342016
1783660004660 7.578158856369555 344064
1783660005568 9.045592983718961 346112
1783660006466 10.010589267127216 348160
1783660007526 9.423846257384866 350208
1783660008519 12.187973183579743 352256
1783660009522 14.58109066914767 354304
1783660010409 8.644476889632642 356352
1783660011434 8.692859466653317 358400
1783660012502 8.473415575455874 360448
1783660013515 14.991845614276826 362496
1783660014517 13.288903296925128 364544
1783660015450 9.346853794530034 366592
1783660016398 10.324634415097535 368640
1783660017394 12.156821921467781 370688
1783660018365 5.847994445124641 372736
1783660019302 9.97225083783269 374784
1783660020293 8.59893708769232 376832
1783660021305 16.76939133927226 378880
1783660022229 10.683581662364304 380928
1783660023227 5.353998051257804 382976
1783660024128 10.795567852444947 385024
1783660024983 11.048112691380084 387072
1783660025983 8.900609315838665 389120
1783660027124 14.008655135519803 391168
1783660028152 8.594520240556449 393216
1783660029164 4.661035657860339 395264
1783660030154 12.877935039810836 397312
1783660031121 4.212102788267657 399360
1783660032211 9.927954323822632 401408
1783660033310 7.460745393298566 403456
1783660034377 10.823789270594716 405504
1783660035382 3.7391452016308904 407552
1783660036426 4.7515969830565155 409600
1783660037442 4.191619933582842 411648
1783660038499 8.401816817000508 413696
1783660039554 10.190827727783471 415744
1783660040635 7.287920217961073 417792
1783660041629 2.500059792306274 419840
1783660042756 7.738680151291192 421888
1783660043795 10.087163931690156 423936
1783660044825 9.786083662416786 425984
1783660045816 2.8045092443935573 428032
1783660046704 2.6356410467997193 430080
1783660047725 8.462578732520342 432128
1783660048769 10.05133168073371 434176
1783660049839 13.178608329966664 436224
1783660050954 9.299851580988616 438272
1783660051996 9.034101066179574 440320
1783660053046 13.244110142812133 442368
1783660054105 10.42960796225816 444416
1783660055169 7.905886766500771 446464
1783660056294 12.218175910413265 448512
1783660057380 8.566730023361742 450560
1783660058380 10.755896613467485 452608
1783660059381 9.312279862817377 454656
1783660060432 8.547252076212317 456704
1783660061510 7.967179873026907 458752
1783660062563 8.945352212060243 460800
1783660063593 4.269650485133752 462848
1783660064626 5.159320488106459 464896
1783660065736 7.582980642328039 466944
1783660066761 8.403441150672734 468992
1783660067681 14.779720889404416 471040
1783660068669 6.96409365395084 473088
1783660069738 2.964010019088164 475136
1783660070818 7.576664780266583 477184
1783660071865 8.8519710698165 479232
1783660072888 4.26710317726247 481280
1783660073872 1.4123218916356564 483328
1783660074806 3.4858884252607822 485376
1783660075747 4.693222836591303 487424
1783660076944 7.921595592284575 489472
1783660077937 2.4265415186528116 491520
1783660078910 5.077390925958753 493568
1783660080009 8.385780219687149 495616
1783660081068 5.511941019911319 497664
1783660082152 5.063749206718057 499712
1783660083142 8.637203000485897 501760
1783660084195 4.27159833535552 503808
1783660085251 5.528924632584676 505856
1783660086345 7.8490516799502075 507904
1783660087497 9.901681490242481 509952
1783660088535 7.863062848569825 512000
1783660089603 6.899971284437925 514048
1783660090654 8.992352141533047 516096
1783660091666 6.51285603037104 518144
1783660092700 6.791026366874576 520192
1783660093621 8.628526118118316 522240
1783660094726 8.081117899157107 524288
1783660095736 8.444354741368443 526336
1783660096780 8.063199988566339 528384
1783660097767 6.953847860917449 530432
1783660098730 3.254399425117299 532480
1783660099874 4.6994855920784175 534528
1783660100976 4.828364153625444 536576
1783660102033 6.085767155047506 538624
1783660103101 6.141517390497029 540672
1783660104107 11.514161771163344 542720
1783660105121 6.775989078450948 544768
1783660106184 5.1454844158142805 546816
1783660107359 4.938759019598365 548864
1783660108308 6.392574596218765 550912
1783660109316 7.3211134248413146 552960
1783660110363 6.011908580781892 555008
1783660111437 5.702366088749841 557056
1783660112508 8.190361138433218 559104
1783660113526 6.761035325471312 561152
1783660114592 2.6762948352843523 563200
1783660115668 5.657147243851796 565248
1783660116764 3.67733488464728 567296
1783660117815 3.831264521693811 569344
1783660118951 3.9507006278727204 571392
1783660120016 2.0598548115231097 573440
1783660121069 4.015615640208125 575488
1783660122137 6.721267532557249 577536
1783660123219 5.538034287746996 579584
1783660124258 3.3947365118656307 581632
1783660125188 4.470411093207076 583680
1783660126255 5.295804033288732 585728
1783660127366 5.354505154769868 587776
1783660128461 3.5913223940879107 589824
1783660129565 7.074507693061605 591872
1783660130618 3.443057883530855 593920
1783660131705 4.006675070384517 595968
1783660132697 7.646560938097537 598016
1783660133729 3.1833032469730824 600064
1783660134777 6.068977941758931 602112
1783660135730 4.233153899898753 604160
1783660136738 5.392180780414492 606208
1783660137765 5.851697386242449 608256
1783660138840 1.9199490013998002 610304
1783660139891 5.313191523775458 612352
1783660140989 6.860185634344816 614400
1783660142025 5.641057889442891 616448
1783660142955 11.397607358172536 618496
1783660143928 5.8674640180543065 620544
1783660144921 4.791849920060486 622592
1783660145855 5.122481395956129 624640
1783660146776 3.112047707196325 626688
1783660147675 2.7694521355442703 628736
1783660148646 4.0265737699810416 630784
1783660149633 4.685388226062059 632832
1783660150634 4.8697124514728785 634880
1783660151633 3.080862976843491 636928
1783660152585 4.795354389585555 638976
1783660153438 4.233489928534254 641024
1783660154367 2.690702984109521 643072
1783660155373 1.829776176949963 645120
1783660156322 8.442562310025096 647168
1783660157296 7.657103595789522 649216
1783660158149 3.637494384776801 651264
1783660158989 3.2790472952183336 653312
1783660159888 2.958512768615037 655360
1783660160829 5.156345517374575 657408
1783660161728 2.5223196346778423 659456
1783660162613 5.786315631121397 661504
1783660163612 2.520744986832142 663552
1783660164657 3.355556594673544 665600
1783660165657 1.8150933696888387 667648
1783660166621 3.4205833110027015 669696
1783660167611 6.640253560151905 671744
1783660168501 3.0848706969991326 673792
1783660169459 5.598725765477866 675840
1783660170497 3.896061284467578 677888
1783660171557 3.258341021835804 679936
1783660172556 4.499780116835609 681984
1783660173512 2.565004306845367 684032
1783660174391 6.8060168460942805 686080
1783660175280 2.9843566701747477 688128
1783660176250 7.282976960763335 690176
1783660177241 4.31193013349548 692224
1783660178203 5.035618520341814 694272
1783660179183 3.706397442612797 696320
1783660180052 6.399944252334535 698368
1783660180907 2.4894368255045265 700416
1783660181841 4.314813302829862 702464
1783660182775 3.5678392680129036 704512
1783660183729 5.9472957390826195 706560
1783660184586 4.067789488937706 708608
1783660185572 2.015921099111438 710656
1783660186623 3.985919399186969 712704
1783660187667 3.456382542848587 714752
1783660188606 5.788839173968881 716800
1783660189506 3.8020300494972616 718848
1783660190372 4.270226747728884 720896
1783660191266 2.7912501581013203 722944
1783660192208 4.369436415378004 724992
1783660193188 3.6388533958233893 727040
1783660194119 5.0753538073040545 729088
1783660194963 3.628940760390833 731136
1783660195914 6.404759374912828 733184
1783660196934 2.762176750227809 735232
1783660197885 4.950145534006879 737280
1783660198829 2.651934206718579 739328
1783660199720 4.147792753297836 741376
1783660200694 3.8061631685122848 743424
1783660201727 3.8048986366484314 745472
1783660202653 5.415473447646946 747520
1783660203543 6.33213181886822 749568
1783660204379 4.818715592380613 751616
1783660205351 3.4641154773999006 753664
1783660206369 3.4558803671970963 755712
1783660207383 19.654331733472645 757760
1783660208369 4.492074168752879 759808
1783660209252 6.121391418389976 761856
1783660210091 3.2346805271226913 763904
1783660211041 6.529257195070386 765952
1783660211998 6.775565355317667 768000
1783660212954 6.079872155096382 770048
1783660213811 4.296195120783523 772096
1783660214682 2.076948069036007 774144
1783660215681 3.764976784121245 776192
1783660216766 1.6018696521641687 778240
1783660217802 6.445105358958244 780288
1783660218865 3.4287972806487232 782336
1783660219885 6.01005394756794 784384
1783660220872 4.087617639452219 786432
1783660221792 4.487224246375263 788480
1783660222679 2.964080030331388 790528
1783660223584 6.912172062788159 792576
1783660224571 2.4704042247030884 794624
1783660225467 1.3930661713238806 796672
1783660226320 3.597738611511886 798720
1783660227256 5.154017712920904 800768
1783660228169 4.6539668592158705 802816
1783660229053 5.555186748038977 804864
1783660229902 4.480138173792511 806912
1783660230853 2.836386371636763 808960
1783660231819 6.98986942647025 811008
1783660232785 8.536937894299626 813056
1783660233693 6.020458649843931 815104
1783660234596 8.700436368118972 817152
1783660235525 4.349096052348614 819200
1783660236510 2.7172451242804527 821248
1783660237518 3.7118184964638203 823296
1783660238488 2.8697132726665586 825344
1783660239394 4.051395970629528 827392
1783660240323 2.996946739964187 829440
1783660241190 1.0528651389759034 831488
1783660242127 3.5927849274594337 833536
1783660243000 4.123945627827197 835584
1783660243963 4.047787530114874 837632
1783660245027 5.72295893356204 839680
1783660245995 8.025671976152807 841728
1783660246967 4.662445687688887 843776
1783660247946 2.855455639073625 845824
1783660248859 3.389702015905641 847872
1783660249766 4.251074157655239 849920
1783660250656 2.724706784123555 851968
1783660251646 1.3731771730817854 854016
1783660252566 4.377465903759003 856064
1783660253435 2.8122915499843657 858112
1783660254374 8.052313613938168 860160
1783660255373 2.197420018957928 862208
1783660256357 2.8377496253233403 864256
1783660257305 2.037291146814823 866304
1783660258230 2.2781985183246434 868352
1783660259134 3.3101360166911036 870400
1783660260081 2.3038934303913265 872448
1783660261030 6.339789587073028 874496
1783660261920 5.440658368635923 876544
1783660262904 2.692676804261282 878592
1783660263837 2.426997324684635 880640
1783660264778 4.853479930665344 882688
1783660265665 7.779350616037846 884736
1783660266535 8.32677829824388 886784
1783660267531 8.3601650823839 888832
1783660268503 5.276876743417233 890880
1783660269419 6.7346469378098845 892928
1783660270456 2.247492888243869 894976
1783660271352 5.86076862225309 897024
1783660272328 5.214727552141994 899072
1783660273311 2.6505171591416 901120
1783660274289 3.8253101548179984 903168
1783660275212 4.334603427443653 905216
1783660276089 6.558874166104943 907264
1783660277109 3.9115949887782335 909312
1783660278067 6.270919079892337 911360
1783660279015 3.0818574954755604 913408
1783660279954 5.965043930336833 915456
1783660280846 6.399115735199302 917504
1783660281734 8.785198284313083 919552
1783660282683 6.353098014136776 921600
1783660283610 5.338919698726386 923648
1783660284473 4.386185946408659 925696
1783660285447 4.556580347940326 927744
1783660286447 2.9712902805767953 929792
1783660287388 7.138984381686896 931840
1783660288268 5.808112802915275 933888
1783660289133 10.39730472303927 935936
1783660290006 7.086503959260881 937984
1783660290922 2.772645158926025 940032
1783660291830 3.0173487858846784 942080
1783660292768 5.620361823122948 944128
1783660293762 3.4660752799827605 946176
1783660294712 3.5738450582139194 948224
1783660295629 3.9960287308786064 950272
1783660296525 3.180962692713365 952320
1783660297403 2.978670089272782 954368
1783660298337 2.8924199292669073 956416
1783660299240 3.976127547211945 958464
1783660300199 8.327044778503478 960512
1783660301262 2.33010786306113 962560
1783660302264 8.16612151870504 964608
1783660303283 5.653059338219464 966656
1783660304266 8.581579587422311 968704
1783660305189 4.306178223807365 970752
1783660306059 4.8901757574640214 972800
1783660306936 6.409795605111867 974848
1783660307870 4.031172393122688 976896
1783660308728 2.9233311463613063 978944
1783660309601 3.5805489672347903 980992
1783660310597 7.101392643991858 983040
1783660311541 4.1939554419368505 985088
1783660312478 4.908740672282875 987136
1783660313341 6.528192165773362 989184
1783660314321 4.279532142682001 991232
1783660315346 4.909163740230724 993280
1783660316272 4.3116262666881084 995328
1783660317186 3.586052258964628 997376
1783660318042 2.495062334695831 999424
