1783628218622 -166.79105189999999 2048
1783628219656 -156.53308895 4096
1783628220947 -190.89773965 6144
1783628222083 -208.60608145 8192
1783628223482 -177.10271255 10240
1783628224733 -178.22485799999998 12288
1783628226108 -146.45579560000002 14336
1783628227172 -148.75549049999998 16384
1783628228591 -186.73618560000003 18432
1783628229771 -151.52469455 20480
1783628231248 -163.3008611 22528
1783628232482 -138.444985 24576
1783628233713 -133.99908805 26624
1783628235157 -178.70734800000002 28672
1783628236515 -143.83648125000002 30720
1783628237885 -133.68884015 32768
1783628239132 -155.11139644999997 34816
1783628240554 -138.83709525 36864
1783628241964 -137.37728124999998 38912
1783628243236 -120.06724985000001 40960
1783628244483 -100.64550345 43008
1783628245865 -74.78292435 45056
1783628247051 -92.8462292 47104
1783628248327 -68.9585647 49152
1783628249356 -56.237535550000004 51200
1783628250806 -73.26255509999999 53248
1783628252060 -74.32005280000001 55296
1783628253356 -54.74537264999999 57344
1783628254748 -77.37096165 59392
1783628256109 -68.83151775 61440
1783628257422 -60.73616654999999 63488
1783628258799 -46.09996780000001 65536
1783628260070 -49.069156250000006 67584
1783628261437 -47.812170949999995 69632
1783628262516 -63.03395815000001 71680
1783628264078 -47.47668985 73728
1783628265311 -46.97274224999999 75776
1783628266668 -21.217854449999997 77824
1783628268014 -34.98637 79872
1783628269007 -7.126907899999997 81920
1783628270344 -10.20938825 83968
1783628271392 -0.31415170000000137 86016
1783628272732 10.674282799999997 88064
1783628274048 4.78852215 90112
1783628275380 13.189900649999998 92160
1783628276508 -3.4100407000000006 94208
1783628277886 -9.286116000000002 96256
1783628279073 -10.525373650000002 98304
1783628280426 0.37839094999999967 100352
1783628281821 -6.1354745500000005 102400
1783628282910 -82.836107 104448
1783628284136 -106.30180409999998 106496
1783628285507 -130.2455128 108544
1783628286507 -135.16690035000002 110592
1783628287879 -138.55620100000002 112640
1783628289378 -156.51918154999998 114688
1783628290683 -161.06416835 116736
1783628291826 -97.93520114999998 118784
1783628293135 -89.64052924999999 120832
1783628294227 -76.05900725 122880
1783628295462 -63.21795300000001 124928
1783628296503 -67.94821509999998 126976
1783628297786 -54.949514350000015 129024
1783628299001 -54.12680714999999 131072
1783628300305 -51.69040055000001 133120
1783628301426 -52.19037625 135168
1783628302677 -54.6508492 137216
1783628303869 -61.49291810000001 139264
1783628305112 -66.34917270000001 141312
1783628306239 -75.44579475 143360
1783628307576 -66.91402885 145408
1783628308680 -72.83759649999999 147456
1783628310023 -72.76029679999999 149504
1783628311377 -72.0535743 151552
1783628312348 -72.23567175000001 153600
1783628313540 -63.73678850000001 155648
1783628314533 -58.381329900000004 157696
1783628315756 -57.64214944999999 159744
1783628316843 -56.912102700000005 161792
1783628318410 -55.9193968 163840
1783628319568 -52.87850729999999 165888
1783628320826 -42.37990789999999 167936
1783628321801 -42.63285895 169984
1783628323240 -32.973251299999994 172032
1783628324510 -14.858537649999993 174080
1783628325856 -9.1311553 176128
1783628327020 -5.521841799999999 178176
1783628328362 4.895466900000002 180224
1783628329740 10.4905414 182272
1783628330945 17.080458 184320
1783628332231 18.683822299999996 186368
1783628333400 22.193085949999997 188416
1783628334583 35.764540100000005 190464
1783628335878 44.10318805 192512
1783628337093 16.840758900000008 194560
1783628339527 27.750680400000004 196608
1783628342957 24.44210415 198656
1783628344366 18.08101535 200704
1783628350086 6.781040849999997 202752
1783628352495 2.852937949999999 204800
1783628354046 -6.092980000000002 206848
1783628355464 -5.021956799999996 208896
1783628356955 -18.980829149999998 210944
1783628358532 2.084292750000001 212992
1783628359710 -9.8762309 215040
1783628361126 -7.983419250000002 217088
1783628362358 3.5028553999999987 219136
1783628363869 12.80675325 221184
1783628365087 14.4276981 223232
1783628366473 13.322728649999998 225280
1783628368042 12.705878250000001 227328
1783628369438 18.362249800000004 229376
1783628371094 15.103863200000001 231424
1783628372650 22.761853450000004 233472
1783628374326 28.619700100000006 235520
1783628375809 24.952549050000002 237568
1783628377234 30.259236549999997 239616
1783628378627 24.759904549999995 241664
1783628379857 15.643128399999998 243712
1783628381027 13.81336395 245760
1783628381984 30.100565000000007 247808
1783628383167 33.33291 249856
1783628384365 35.394487549999994 251904
1783628385703 39.337179449999994 253952
1783628386824 37.02752209999999 256000
1783628388139 31.55608919999999 258048
1783628389262 32.439244 260096
1783628390360 53.01423525 262144
1783628391464 55.589805 264192
1783628392668 46.65999295 266240
1783628393803 38.902772950000006 268288
1783628394964 39.2528815 270336
1783628396086 45.33894085000001 272384
1783628397163 34.15404040000001 274432
1783628398312 34.551514399999995 276480
1783628399509 14.108129349999995 278528
1783628400622 21.3218853 280576
1783628401681 36.69200135 282624
1783628402770 41.280643749999996 284672
1783628403883 42.328699 286720
1783628405103 48.01321125 288768
1783628406226 62.02138679999998 290816
1783628407384 71.27406284999999 292864
1783628408470 67.59259370000001 294912
1783628409659 59.368427499999996 296960
1783628410678 26.117077549999998 299008
1783628411871 8.74921125 301056
1783628413034 -3.362987799999999 303104
1783628414115 -18.42385895 305152
1783628415254 -50.7295345 307200
1783628416378 -46.56130319999998 309248
1783628417440 -47.87563185 311296
1783628418597 -46.30274535000001 313344
1783628419683 -19.626921250000002 315392
1783628420840 -19.6899369 317440
1783628421910 8.525760849999994 319488
1783628423115 12.671008849999996 321536
1783628424256 29.088426499999997 323584
1783628425351 30.406719849999995 325632
1783628426300 34.47505604999999 327680
1783628427469 39.790304400000004 329728
