1783628170739 22.0 2048
1783628171471 45.0 4096
1783628172188 66.0 6144
1783628172973 86.0 8192
1783628173679 107.0 10240
1783628174301 126.0 12288
1783628174965 145.0 14336
1783628175581 168.0 16384
1783628176284 191.0 18432
1783628176949 212.0 20480
1783628177651 229.0 22528
1783628178267 250.0 24576
1783628178986 272.0 26624
1783628179622 295.0 28672
1783628180321 316.0 30720
1783628180959 338.0 32768
1783628181655 361.0 34816
1783628182261 383.0 36864
1783628182947 406.0 38912
1783628183685 429.0 40960
1783628184372 450.0 43008
1783628184991 469.0 45056
1783628185594 488.0 47104
1783628186351 509.0 49152
1783628186988 530.0 51200
1783628187717 551.0 53248
1783628188429 570.0 55296
1783628189156 588.0 57344
1783628189889 607.0 59392
1783628190599 628.0 61440
1783628191381 650.0 63488
1783628192174 671.0 65536
1783628192867 690.0 67584
1783628193504 711.0 69632
1783628194127 729.0 71680
1783628194745 748.0 73728
1783628195422 767.0 75776
1783628196016 788.0 77824
1783628196829 809.0 79872
1783628197524 831.0 81920
1783628198151 842.0 83968
1783628198783 862.0 86016
1783628199414 882.0 88064
1783628200109 903.0 90112
1783628200849 922.0 92160
1783628201519 941.0 94208
1783628202181 955.0 96256
1783628202833 973.0 98304
1783628203552 996.0 100352
1783628204267 1019.0 102400
1783628204969 1041.0 104448
1783628205601 1063.0 106496
1783628206252 1085.0 108544
1783628206861 1102.0 110592
1783628207567 1122.0 112640
1783628208189 1143.0 114688
1783628208871 1165.0 116736
1783628209570 1186.0 118784
1783628210274 1208.0 120832
1783628210933 1229.0 122880
1783628211583 1249.0 124928
1783628212300 1272.0 126976
1783628212896 1294.0 129024
1783628213657 1316.0 131072
1783628214414 1338.0 133120
1783628215199 1362.0 135168
1783628215969 1384.0 137216
1783628216695 1406.0 139264
1783628217510 1428.0 141312
1783628218233 1448.0 143360
1783628218999 1470.0 145408
1783628219637 1491.0 147456
1783628220578 1510.0 149504
1783628221310 1530.0 151552
1783628221971 1549.0 153600
1783628222952 1572.0 155648
1783628223764 1588.0 157696
1783628224812 1607.0 159744
1783628225727 1627.0 161792
1783628226475 1646.0 163840
1783628227170 1664.0 165888
1783628228203 1684.0 167936
1783628228984 1704.0 169984
1783628229691 1724.0 172032
1783628230849 1742.0 174080
1783628231640 1761.0 176128
1783628232501 1778.0 178176
1783628233483 1796.0 180224
1783628234587 1813.0 182272
1783628235467 1829.0 184320
1783628236270 1847.0 186368
1783628237354 1861.0 188416
1783628238152 1869.0 190464
1783628238889 1887.0 192512
1783628239929 1904.0 194560
1783628240711 1921.0 196608
1783628241585 1937.0 198656
1783628242474 1953.0 200704
1783628243373 1967.0 202752
1783628244359 1982.0 204800
1783628245455 1993.0 206848
1783628246182 2010.0 208896
1783628246856 2026.0 210944
1783628247831 2042.0 212992
1783628248584 2058.0 215040
1783628249246 2074.0 217088
1783628250313 2085.0 219136
1783628251065 2099.0 221184
1783628251810 2114.0 223232
1783628252820 2127.0 225280
1783628253712 2137.0 227328
1783628254510 2147.0 229376
1783628255611 2158.0 231424
1783628256534 2163.0 233472
1783628257329 2176.0 235520
1783628258400 2189.0 237568
1783628259130 2205.0 239616
1783628259910 2219.0 241664
1783628260998 2229.0 243712
1783628261798 2244.0 245760
1783628262557 2260.0 247808
1783628263250 2273.0 249856
1783628264058 2287.0 251904
1783628264954 2301.0 253952
1783628265585 2314.0 256000
1783628266476 2328.0 258048
1783628267581 2342.0 260096
1783628268317 2354.0 262144
1783628269100 2366.0 264192
1783628269930 2371.0 266240
1783628270672 2383.0 268288
1783628271308 2395.0 270336
1783628272405 2406.0 272384
1783628273425 2418.0 274432
1783628274166 2433.0 276480
1783628274955 2443.0 278528
1783628275597 2456.0 280576
1783628276290 2467.0 282624
1783628277332 2480.0 284672
1783628278063 2494.0 286720
1783628278850 2505.0 288768
1783628279745 2518.0 290816
1783628280416 2529.0 292864
1783628281395 2540.0 294912
1783628282420 2553.0 296960
1783628283173 2568.0 299008
1783628284002 2581.0 301056
1783628285102 2593.0 303104
1783628285814 2609.0 305152
1783628286477 2623.0 307200
1783628287413 2639.0 309248
1783628288293 2655.0 311296
1783628289169 2674.0 313344
1783628290285 2689.0 315392
1783628291013 2707.0 317440
1783628291744 2723.0 319488
1783628292688 2741.0 321536
1783628293435 2760.0 323584
1783628294060 2776.0 325632
1783628294984 2793.0 327680
1783628295760 2813.0 329728
1783628296473 2831.0 331776
1783628297281 2852.0 333824
1783628298080 2871.0 335872
1783628298775 2893.0 337920
1783628299811 2912.0 339968
1783628300575 2930.0 342016
1783628301216 2948.0 344064
1783628302098 2968.0 346112
1783628302921 2988.0 348160
1783628303702 3008.0 350208
1783628304644 3025.0 352256
1783628305410 3044.0 354304
1783628306065 3065.0 356352
1783628307055 3084.0 358400
1783628307849 3102.0 360448
1783628308547 3119.0 362496
1783628309365 3135.0 364544
1783628310083 3149.0 366592
1783628310939 3168.0 368640
1783628311672 3184.0 370688
1783628312349 3201.0 372736
1783628313262 3217.0 374784
1783628313918 3232.0 376832
1783628314680 3247.0 378880
1783628315436 3263.0 380928
1783628316112 3279.0 382976
1783628316761 3295.0 385024
1783628318138 3311.0 387072
1783628318782 3328.0 389120
1783628319414 3342.0 391168
1783628320306 3358.0 393216
1783628321063 3374.0 395264
1783628321728 3385.0 397312
1783628322776 3397.0 399360
1783628323520 3413.0 401408
1783628324237 3431.0 403456
1783628325256 3445.0 405504
1783628326126 3462.0 407552
1783628326961 3476.0 409600
1783628327814 3493.0 411648
1783628328573 3510.0 413696
1783628329480 3526.0 415744
1783628330450 3541.0 417792
1783628331286 3557.0 419840
1783628332171 3573.0 421888
1783628333115 3589.0 423936
1783628333839 3607.0 425984
1783628334535 3624.0 428032
1783628335464 3633.0 430080
1783628336328 3649.0 432128
1783628337218 3664.0 434176
1783628340654 3676.0 436224
1783628342398 3689.0 438272
1783628343415 3704.0 440320
1783628344410 3720.0 442368
1783628349302 3732.0 444416
1783628351715 3745.0 446464
1783628352564 3761.0 448512
1783628353716 3775.0 450560
1783628354762 3790.0 452608
1783628355546 3806.0 454656
1783628356630 3822.0 456704
1783628357732 3837.0 458752
1783628358512 3852.0 460800
1783628359613 3866.0 462848
1783628360765 3881.0 464896
1783628361754 3894.0 466944
1783628362681 3908.0 468992
1783628363655 3921.0 471040
1783628364743 3934.0 473088
1783628365789 3946.0 475136
1783628366738 3955.0 477184
1783628367697 3969.0 479232
1783628368929 3986.0 481280
1783628369798 3997.0 483328
1783628370784 4009.0 485376
1783628372074 4019.0 487424
1783628373008 4030.0 489472
1783628374000 4043.0 491520
1783628375109 4057.0 493568
1783628375915 4073.0 495616
1783628376947 4088.0 497664
1783628378003 4102.0 499712
1783628378193 4103.0 500000
