1783628170739 -164.65484886550257 2048
1783628171471 -143.54020432515566 4096
1783628172188 -160.16192913193998 6144
1783628172973 -263.997269590755 8192
1783628173679 -226.28403694645755 10240
1783628174301 -309.3179273334644 12288
1783628174965 -229.4266705862612 14336
1783628175581 -207.14335595598035 16384
1783628176284 -214.3538426384357 18432
1783628176949 -191.20050627844645 20480
1783628177651 -235.1399756692428 22528
1783628178267 -269.32058783479476 24576
1783628178986 -220.60543052086763 26624
1783628179622 -163.69253837473676 28672
1783628180321 -234.59914502796454 30720
1783628180959 -113.01871951694147 32768
1783628181655 -227.15563002262252 34816
1783628182261 -220.3859568670852 36864
1783628182947 -212.34595801588398 38912
1783628183685 -203.15935409962646 40960
1783628184372 -219.7519900834762 43008
1783628184991 -211.3041913695682 45056
1783628185594 -235.60314501547106 47104
1783628186351 -285.4631900289736 49152
1783628186988 -253.78500462119047 51200
1783628187717 -179.87746092578058 53248
1783628188429 -202.84239235193945 55296
1783628189156 -197.00592340614978 57344
1783628189889 -313.0408075210931 59392
1783628190599 -288.09143047922635 61440
1783628191381 -226.52543595120073 63488
1783628192174 -231.48645469608633 65536
1783628192867 -179.29701124019823 67584
1783628193504 -158.9979603361232 69632
1783628194127 -210.663671677703 71680
1783628194745 -250.56201307906636 73728
1783628195422 -278.95757352005205 75776
1783628196016 -222.85584938927724 77824
1783628196829 -176.2825387428834 79872
1783628197524 -217.9095677837115 81920
1783628198151 -215.67379686574594 83968
1783628198783 -267.47205109541903 86016
1783628199414 -230.33600204633632 88064
1783628200109 -199.11090818167617 90112
1783628200849 -195.8819408906328 92160
1783628201519 -214.45326908349665 94208
1783628202181 -202.4673075279746 96256
1783628202833 -185.2684687925937 98304
1783628203552 -145.13049729626616 100352
1783628204267 -116.41885965063878 102400
1783628204969 -148.01925381763118 104448
1783628205601 -272.90179691484593 106496
1783628206252 -181.50245728783787 108544
1783628206861 -225.4350158661281 110592
1783628207567 -213.72007377059867 112640
1783628208189 -225.89378245327748 114688
1783628208871 -215.13657982727463 116736
1783628209570 -190.07536645278051 118784
1783628210274 -181.9646760141119 120832
1783628210933 -212.38763969061773 122880
1783628211583 -179.69492793037875 124928
1783628212300 -191.27054493293198 126976
1783628212896 -214.847468955618 129024
1783628213657 -190.70083431937132 131072
1783628214414 -180.43894659793924 133120
1783628215199 -162.47407270399407 135168
1783628215969 -196.4606484210317 137216
1783628216695 -169.92022898304484 139264
1783628217510 -148.55100632253178 141312
1783628218233 -203.89886725446186 143360
1783628218999 -178.15951657716747 145408
1783628219637 -178.16673496811515 147456
1783628220578 -240.00934483564475 149504
1783628221310 -229.92059758810137 151552
1783628221971 -244.40677917588482 153600
1783628222952 -180.33865457620743 155648
1783628223764 -208.88947358508966 157696
1783628224812 -194.0108498725311 159744
1783628225727 -187.43045966200856 161792
1783628226475 -218.9200677269668 163840
1783628227170 -195.20909651184994 165888
1783628228203 -173.74986787569463 167936
1783628228984 -147.5101498321 169984
1783628229691 -167.5139638548811 172032
1783628230849 -186.95567393853574 174080
1783628231640 -166.91700838847242 176128
1783628232501 -159.13174729894567 178176
1783628233483 -187.06768521443482 180224
1783628234587 -156.66725684067006 182272
1783628235467 -137.1975695593095 184320
1783628236270 -206.53276398198358 186368
1783628237354 -180.14917580159835 188416
1783628238152 -141.00191879888635 190464
1783628238889 -187.46163171986996 192512
1783628239929 -162.6786955984698 194560
1783628240711 -222.02415878319925 196608
1783628241585 -206.66736668758853 198656
1783628242474 -160.27268489150708 200704
1783628243373 -166.22389604639247 202752
1783628244359 -184.93355963580711 204800
1783628245455 -192.22342583454522 206848
1783628246182 -191.76948454622377 208896
1783628246856 -152.56283658297326 210944
1783628247831 -188.3182179137862 212992
1783628248584 -151.86668018347703 215040
1783628249246 -145.1339495297231 217088
1783628250313 -134.0776872563153 219136
1783628251065 -134.53194471293344 221184
1783628251810 -163.68603384953923 223232
1783628252820 -138.42602165342916 225280
1783628253712 -173.4168468946878 227328
1783628254510 -199.99788874721017 229376
1783628255611 -165.59932328178598 231424
1783628256534 -153.59684458463366 233472
1783628257329 -166.27214351071692 235520
1783628258400 -147.52374846291994 237568
1783628259130 -153.34455368823166 239616
1783628259910 -123.24852612278676 241664
1783628260998 -130.29234546512498 243712
1783628261798 -143.6699595422211 245760
1783628262557 -134.25833184886974 247808
1783628263250 -162.37017731561818 249856
1783628264058 -156.19800871772242 251904
1783628264954 -170.75421919857206 253952
1783628265585 -148.0224270060514 256000
1783628266476 -138.68698149017666 258048
1783628267581 -145.68493128073158 260096
1783628268317 -146.28628929813775 262144
1783628269100 -166.9393089095786 264192
1783628269930 -198.98594501773232 266240
1783628270672 -188.77925278608697 268288
1783628271308 -149.51352608222663 270336
1783628272405 -141.953098702894 272384
1783628273425 -111.6854397667857 274432
1783628274166 -164.5948480738146 276480
1783628274955 -152.6956767871033 278528
1783628275597 -192.80641195130744 280576
1783628276290 -247.27133873723784 282624
1783628277332 -169.74468545844036 284672
1783628278063 -135.34543267904454 286720
1783628278850 -135.81803762369844 288768
1783628279745 -154.3979882191986 290816
1783628280416 -181.12403824911664 292864
1783628281395 -208.0359681082883 294912
1783628282420 -193.96507076147142 296960
1783628283173 -222.45196361374013 299008
1783628284002 -207.0244590254118 301056
1783628285102 -219.48482952307705 303104
1783628285814 -205.47439365927167 305152
1783628286477 -147.53880131803842 307200
1783628287413 -156.4337478958342 309248
1783628288293 -141.1303420175944 311296
1783628289169 -146.66112082545257 313344
1783628290285 -141.4607975954305 315392
1783628291013 -209.30223354836653 317440
1783628291744 -194.40660154198534 319488
1783628292688 -182.70637306867292 321536
1783628293435 -197.64430452536627 323584
1783628294060 -258.40915736072645 325632
1783628294984 -198.0772746849569 327680
1783628295760 -133.9166328784109 329728
1783628296473 -197.44661318579682 331776
1783628297281 -175.4848382129219 333824
1783628298080 -202.09427749905956 335872
1783628298775 -161.049857592495 337920
1783628299811 -181.1436164782987 339968
1783628300575 -137.4255209345061 342016
1783628301216 -158.84217306942168 344064
1783628302098 -124.71656963202665 346112
1783628302921 -122.50851242782669 348160
1783628303702 -122.81586917663228 350208
1783628304644 -126.9703926826484 352256
1783628305410 -114.50928535351784 354304
1783628306065 -117.46958628726527 356352
1783628307055 -162.03274244230835 358400
1783628307849 -155.54012260102334 360448
1783628308547 -163.07078350819984 362496
1783628309365 -150.8877789965441 364544
1783628310083 -184.19814468593248 366592
1783628310939 -177.57178796200438 368640
1783628311672 -201.10945676062062 370688
1783628312349 -195.51175417451722 372736
1783628313262 -165.6811553751169 374784
1783628313918 -182.88025912565314 376832
1783628314680 -182.29369123573892 378880
1783628315436 -142.98252455438325 380928
1783628316112 -173.60671439660513 382976
1783628316761 -182.26227785778082 385024
1783628318138 -184.09911212979088 387072
1783628318782 -211.4429277357477 389120
1783628319414 -189.88161884515074 391168
1783628320306 -167.04485575247617 393216
1783628321063 -192.01795162795128 395264
1783628321728 -206.10982787891902 397312
1783628322776 -162.97252824050722 399360
1783628323520 -134.32316594558202 401408
1783628324237 -138.6576771395247 403456
1783628325256 -127.26386420927183 405504
1783628326126 -156.87076603864017 407552
1783628326961 -149.31875123292423 409600
1783628327814 -148.39349890707325 411648
1783628328573 -170.96769353633394 413696
1783628329480 -163.45403286799282 415744
1783628330450 -150.84030837414142 417792
1783628331286 -155.3572779866473 419840
1783628332171 -152.09109841147526 421888
1783628333115 -158.6191803499888 423936
1783628333839 -130.1800188919742 425984
1783628334535 -97.77264711469624 428032
1783628335464 -114.96013897338321 430080
1783628336328 -126.59383417020481 432128
1783628337218 -125.29676889180871 434176
1783628340654 -212.59850708687304 436224
1783628342398 -248.3408892571819 438272
1783628343415 -147.10718627140264 440320
1783628344410 -133.07109876987727 442368
1783628349302 -176.1503387801418 444416
1783628351715 -154.92354982598923 446464
1783628352564 -110.45638737977103 448512
1783628353716 -154.3529681131113 450560
1783628354762 -143.01846546092884 452608
1783628355546 -116.70124082646294 454656
1783628356630 -125.29264605438098 456704
1783628357732 -109.66046145074014 458752
1783628358512 -105.59075173478796 460800
1783628359613 -94.75824304745304 462848
1783628360765 -98.55057135842101 464896
1783628361754 -136.7336648625763 466944
1783628362681 -122.29780228142042 468992
1783628363655 -99.89742428084068 471040
1783628364743 -91.86687390024021 473088
1783628365789 -78.22268342816098 475136
1783628366738 -82.81901196177671 477184
1783628367697 -99.09106321145666 479232
1783628368929 -141.0744944630631 481280
1783628369798 -118.81427047607937 483328
1783628370784 -133.8793037328267 485376
1783628372074 -141.81528686606114 487424
1783628373008 -118.05264132914617 489472
1783628374000 -125.2451030667082 491520
1783628375109 -106.51311941160573 493568
1783628375915 -119.87516937755159 495616
1783628376947 -92.68580127989695 497664
1783628378003 -115.06439922345007 499712
1783628378193 -108.77017899063637 500000
