1783688025885 91.0 2048
1783688026864 157.0 4096
1783688027753 209.0 6144
1783688028662 245.0 8192
1783688029597 277.0 10240
1783688030458 291.0 12288
1783688031364 304.0 14336
1783688032251 315.0 16384
1783688033225 323.0 18432
1783688034184 332.0 20480
1783688034987 343.0 22528
1783688035840 356.0 24576
1783688036750 366.0 26624
1783688037734 372.0 28672
1783688038620 380.0 30720
1783688039441 387.0 32768
1783688040372 393.0 34816
1783688041364 400.0 36864
1783688042251 407.0 38912
1783688043176 412.0 40960
1783688044230 416.0 43008
1783688045125 421.0 45056
1783688045931 425.0 47104
1783688046853 430.0 49152
1783688047881 434.0 51200
1783688048840 438.0 53248
1783688049791 443.0 55296
1783688050690 447.0 57344
1783688051461 454.0 59392
1783688052409 462.0 61440
1783688053340 469.0 63488
1783688054222 479.0 65536
1783688055111 486.0 67584
1783688056020 492.0 69632
1783688056904 498.0 71680
1783688057825 502.0 73728
1783688058705 506.0 75776
1783688059648 510.0 77824
1783688060614 515.0 79872
1783688061587 519.0 81920
1783688062515 523.0 83968
1783688063475 528.0 86016
1783688064329 533.0 88064
1783688065221 537.0 90112
1783688066049 541.0 92160
1783688066931 545.0 94208
1783688067814 549.0 96256
1783688068634 555.0 98304
1783688069467 559.0 100352
1783688070314 563.0 102400
1783688071207 568.0 104448
1783688072089 575.0 106496
1783688072933 580.0 108544
1783688073775 585.0 110592
1783688074609 590.0 112640
1783688075480 596.0 114688
1783688076349 601.0 116736
1783688077218 609.0 118784
1783688078224 615.0 120832
1783688079131 620.0 122880
1783688080167 626.0 124928
1783688081316 633.0 126976
1783688082400 640.0 129024
1783688083234 645.0 131072
1783688084121 654.0 133120
1783688084964 665.0 135168
1783688085904 673.0 137216
1783688086755 680.0 139264
1783688087622 686.0 141312
1783688088539 692.0 143360
1783688089364 696.0 145408
1783688090292 703.0 147456
1783688091176 707.0 149504
1783688092032 714.0 151552
1783688092904 720.0 153600
1783688093737 727.0 155648
1783688094640 735.0 157696
1783688095582 741.0 159744
1783688096447 747.0 161792
1783688097375 751.0 163840
1783688098390 755.0 165888
1783688099269 760.0 167936
1783688100126 766.0 169984
1783688100933 771.0 172032
1783688101844 776.0 174080
1783688102593 781.0 176128
1783688103368 785.0 178176
1783688104216 789.0 180224
1783688105002 793.0 182272
1783688105831 797.0 184320
1783688106697 802.0 186368
1783688107492 806.0 188416
1783688108371 810.0 190464
1783688109204 815.0 192512
1783688110125 819.0 194560
1783688110919 823.0 196608
1783688111680 829.0 198656
1783688112534 835.0 200704
1783688113382 840.0 202752
1783688114180 845.0 204800
1783688115007 849.0 206848
1783688115839 853.0 208896
1783688116663 858.0 210944
1783688117423 862.0 212992
1783688118338 867.0 215040
1783688119175 873.0 217088
1783688119902 877.0 219136
1783688120714 881.0 221184
1783688121529 886.0 223232
1783688122357 891.0 225280
1783688123137 895.0 227328
1783688123825 899.0 229376
1783688124566 905.0 231424
1783688125337 909.0 233472
1783688126023 913.0 235520
1783688126700 918.0 237568
1783688127578 922.0 239616
1783688128349 927.0 241664
1783688129036 932.0 243712
1783688129892 936.0 245760
1783688130764 940.0 247808
1783688131591 944.0 249856
1783688132377 948.0 251904
1783688133195 952.0 253952
1783688134063 957.0 256000
1783688134927 961.0 258048
1783688135795 965.0 260096
1783688136593 970.0 262144
1783688137338 974.0 264192
1783688138108 978.0 266240
1783688138814 982.0 268288
1783688139564 987.0 270336
1783688140500 991.0 272384
1783688141346 996.0 274432
1783688142229 1000.0 276480
1783688143115 1004.0 278528
1783688143987 1009.0 280576
1783688144749 1014.0 282624
1783688145502 1020.0 284672
1783688146415 1024.0 286720
1783688147287 1029.0 288768
1783688148164 1033.0 290816
1783688149036 1037.0 292864
1783688149841 1041.0 294912
1783688150805 1045.0 296960
1783688151602 1050.0 299008
1783688152364 1054.0 301056
1783688153252 1058.0 303104
1783688154075 1062.0 305152
1783688154916 1067.0 307200
1783688155777 1072.0 309248
1783688156594 1076.0 311296
1783688157423 1080.0 313344
1783688158254 1084.0 315392
1783688159099 1088.0 317440
1783688160000 1093.0 319488
1783688160859 1097.0 321536
1783688161728 1104.0 323584
1783688162573 1108.0 325632
1783688163390 1113.0 327680
1783688164191 1117.0 329728
1783688164910 1121.0 331776
1783688165749 1125.0 333824
1783688166579 1130.0 335872
1783688167422 1134.0 337920
1783688168261 1138.0 339968
1783688169156 1142.0 342016
1783688169910 1147.0 344064
1783688170602 1151.0 346112
1783688171306 1155.0 348160
1783688172260 1159.0 350208
1783688173068 1163.0 352256
1783688173903 1167.0 354304
1783688174734 1171.0 356352
1783688175599 1175.0 358400
1783688176307 1180.0 360448
1783688177056 1184.0 362496
1783688177811 1188.0 364544
1783688178521 1192.0 366592
1783688179246 1196.0 368640
1783688180136 1201.0 370688
1783688180995 1205.0 372736
1783688181921 1209.0 374784
1783688182764 1213.0 376832
1783688183671 1217.0 378880
1783688184463 1222.0 380928
1783688185194 1226.0 382976
1783688186102 1230.0 385024
1783688186992 1235.0 387072
1783688187915 1239.0 389120
1783688188787 1243.0 391168
1783688189603 1247.0 393216
1783688190265 1251.0 395264
1783688191082 1255.0 397312
1783688191901 1259.0 399360
1783688192625 1263.0 401408
1783688193336 1267.0 403456
1783688194115 1271.0 405504
1783688194822 1276.0 407552
1783688195531 1280.0 409600
1783688196315 1284.0 411648
1783688197139 1288.0 413696
1783688197965 1292.0 415744
1783688198716 1296.0 417792
1783688199524 1300.0 419840
1783688200412 1304.0 421888
1783688201214 1308.0 423936
1783688202121 1312.0 425984
1783688204386 1316.0 428032
1783688206574 1322.0 430080
1783688207456 1326.0 432128
1783688208316 1332.0 434176
1783688209206 1336.0 436224
1783688210036 1341.0 438272
1783688210758 1347.0 440320
1783688211530 1353.0 442368
1783688212342 1358.0 444416
1783688213032 1362.0 446464
1783688213862 1366.0 448512
1783688214744 1370.0 450560
1783688215582 1374.0 452608
1783688216333 1379.0 454656
1783688217185 1383.0 456704
1783688217967 1387.0 458752
1783688218767 1391.0 460800
1783688219619 1395.0 462848
1783688220402 1399.0 464896
1783688221269 1403.0 466944
1783688222062 1407.0 468992
1783688222808 1411.0 471040
1783688223609 1415.0 473088
1783688224406 1419.0 475136
1783688225237 1424.0 477184
1783688225919 1428.0 479232
1783688226671 1432.0 481280
1783688227473 1436.0 483328
1783688228160 1440.0 485376
1783688228872 1444.0 487424
1783688229641 1448.0 489472
1783688230467 1453.0 491520
1783688231249 1457.0 493568
1783688232074 1461.0 495616
1783688232778 1465.0 497664
1783688233470 1469.0 499712
1783688234247 1473.0 501760
1783688235059 1477.0 503808
1783688235852 1481.0 505856
1783688236631 1485.0 507904
1783688237414 1489.0 509952
1783688238193 1494.0 512000
1783688238959 1498.0 514048
1783688239742 1502.0 516096
1783688240484 1506.0 518144
1783688241177 1510.0 520192
1783688241881 1514.0 522240
1783688242633 1518.0 524288
1783688243353 1523.0 526336
1783688244078 1527.0 528384
1783688244875 1532.0 530432
1783688245688 1537.0 532480
1783688246464 1541.0 534528
1783688247207 1546.0 536576
1783688247963 1550.0 538624
1783688248682 1554.0 540672
1783688249380 1558.0 542720
1783688250142 1564.0 544768
1783688250823 1568.0 546816
1783688251549 1572.0 548864
1783688252288 1576.0 550912
1783688253056 1580.0 552960
1783688253886 1584.0 555008
1783688254608 1588.0 557056
1783688255371 1592.0 559104
1783688256140 1597.0 561152
1783688256877 1601.0 563200
1783688257592 1605.0 565248
1783688258332 1609.0 567296
1783688259129 1613.0 569344
1783688259978 1617.0 571392
1783688260741 1622.0 573440
1783688261468 1626.0 575488
1783688262219 1630.0 577536
1783688263017 1635.0 579584
1783688263825 1639.0 581632
1783688264610 1643.0 583680
1783688265402 1647.0 585728
1783688266184 1652.0 587776
1783688266914 1656.0 589824
1783688267789 1660.0 591872
1783688268576 1664.0 593920
1783688269395 1669.0 595968
1783688270227 1673.0 598016
1783688271085 1677.0 600064
1783688271840 1681.0 602112
1783688272621 1685.0 604160
1783688273537 1689.0 606208
1783688274347 1693.0 608256
1783688275180 1698.0 610304
1783688275980 1702.0 612352
1783688276860 1706.0 614400
1783688277771 1710.0 616448
1783688278674 1715.0 618496
1783688279537 1719.0 620544
1783688280316 1724.0 622592
1783688281162 1728.0 624640
1783688282072 1732.0 626688
1783688282984 1737.0 628736
1783688283872 1742.0 630784
1783688284822 1746.0 632832
1783688285685 1750.0 634880
1783688286468 1754.0 636928
1783688287370 1758.0 638976
1783688288182 1762.0 641024
1783688288961 1767.0 643072
1783688289839 1771.0 645120
1783688294405 1775.0 647168
1783688298071 1779.0 649216
1783688304203 1783.0 651264
1783688310282 1787.0 653312
1783688316358 1792.0 655360
1783688322401 1796.0 657408
1783688328446 1800.0 659456
1783688334602 1804.0 661504
1783688340638 1809.0 663552
1783688346741 1813.0 665600
1783688352722 1817.0 667648
1783688358621 1821.0 669696
1783688364719 1825.0 671744
1783688370723 1829.0 673792
1783688376805 1834.0 675840
1783688382924 1838.0 677888
1783688388979 1842.0 679936
1783688395098 1846.0 681984
1783688401286 1850.0 684032
1783688407216 1854.0 686080
1783688413258 1858.0 688128
1783688419167 1862.0 690176
1783688425059 1866.0 692224
1783688430995 1871.0 694272
1783688437158 1875.0 696320
1783688443153 1879.0 698368
1783688449232 1884.0 700416
1783688455183 1888.0 702464
1783688461232 1892.0 704512
1783688467442 1896.0 706560
1783688473367 1900.0 708608
1783688479263 1904.0 710656
1783688485165 1908.0 712704
1783688491265 1912.0 714752
1783688497286 1917.0 716800
1783688503127 1921.0 718848
1783688509106 1925.0 720896
1783688515161 1929.0 722944
1783688521637 1933.0 724992
1783688527902 1937.0 727040
1783688533872 1941.0 729088
1783688539837 1946.0 731136
1783688546037 1950.0 733184
1783688552101 1954.0 735232
1783688558183 1958.0 737280
1783688564154 1962.0 739328
1783688570213 1966.0 741376
1783688576726 1970.0 743424
1783688582847 1975.0 745472
1783688588927 1979.0 747520
1783688595304 1983.0 749568
1783688601585 1987.0 751616
1783688607610 1991.0 753664
1783688613607 1995.0 755712
1783688619818 2000.0 757760
1783688626052 2004.0 759808
1783688632469 2008.0 761856
1783688638577 2013.0 763904
1783688644678 2017.0 765952
1783688650896 2021.0 768000
1783688656949 2025.0 770048
1783688662755 2029.0 772096
1783688668901 2034.0 774144
1783688675057 2038.0 776192
1783688681028 2042.0 778240
1783688687003 2046.0 780288
1783688693283 2050.0 782336
1783688699595 2054.0 784384
1783688704321 2059.0 786432
1783688705248 2063.0 788480
1783688706103 2067.0 790528
1783688707111 2071.0 792576
1783688708215 2075.0 794624
1783688710085 2079.0 796672
1783688716821 2083.0 798720
1783688724394 2088.0 800768
1783688732400 2092.0 802816
1783688740086 2096.0 804864
1783688748201 2100.0 806912
1783688755880 2104.0 808960
1783688763720 2108.0 811008
1783688771578 2112.0 813056
1783688779415 2116.0 815104
1783688787507 2120.0 817152
1783688795049 2124.0 819200
1783688803177 2128.0 821248
1783688810926 2133.0 823296
1783688818740 2137.0 825344
1783688826323 2141.0 827392
1783688833414 2145.0 829440
1783688841038 2149.0 831488
1783688848370 2153.0 833536
1783688855637 2158.0 835584
1783688863241 2162.0 837632
1783688870400 2166.0 839680
1783688878147 2170.0 841728
1783688885580 2174.0 843776
1783688892661 2178.0 845824
1783688900403 2182.0 847872
1783688907526 2186.0 849920
1783688915134 2190.0 851968
1783688922781 2194.0 854016
1783688929942 2199.0 856064
1783688937391 2203.0 858112
1783688944843 2207.0 860160
1783688952535 2212.0 862208
1783688960314 2216.0 864256
1783688967727 2220.0 866304
1783688975639 2224.0 868352
1783688983283 2228.0 870400
1783688990840 2232.0 872448
1783688998820 2236.0 874496
1783689005889 2241.0 876544
1783689013339 2245.0 878592
1783689020738 2249.0 880640
1783689027933 2253.0 882688
1783689035333 2257.0 884736
1783689042404 2261.0 886784
1783689049708 2265.0 888832
1783689057179 2269.0 890880
1783689064473 2274.0 892928
1783689072112 2278.0 894976
1783689079598 2282.0 897024
1783689086676 2286.0 899072
1783689094392 2290.0 901120
1783689101727 2294.0 903168
1783689109215 2298.0 905216
1783689116886 2302.0 907264
1783689124296 2307.0 909312
1783689131565 2311.0 911360
1783689139385 2315.0 913408
1783689146613 2319.0 915456
1783689154476 2323.0 917504
1783689162158 2327.0 919552
1783689170002 2331.0 921600
1783689178027 2335.0 923648
1783689185658 2339.0 925696
1783689193703 2343.0 927744
1783689201316 2347.0 929792
1783689209276 2352.0 931840
1783689217243 2356.0 933888
1783689224843 2360.0 935936
1783689232857 2364.0 937984
1783689240518 2368.0 940032
1783689248409 2373.0 942080
1783689256511 2377.0 944128
1783689264066 2381.0 946176
1783689271992 2386.0 948224
1783689279731 2390.0 950272
1783689287576 2394.0 952320
1783689295587 2398.0 954368
1783689303107 2402.0 956416
1783689310679 2407.0 958464
1783689317870 2411.0 960512
1783689325338 2415.0 962560
1783689332922 2419.0 964608
1783689340030 2423.0 966656
1783689347569 2427.0 968704
1783689355117 2431.0 970752
1783689362306 2436.0 972800
1783689369898 2440.0 974848
1783689377143 2444.0 976896
1783689384722 2448.0 978944
1783689392268 2452.0 980992
1783689399329 2456.0 983040
1783689406903 2460.0 985088
1783689414209 2465.0 987136
1783689421451 2469.0 989184
1783689429285 2473.0 991232
1783689436684 2477.0 993280
1783689444352 2481.0 995328
1783689452120 2485.0 997376
1783689459623 2491.0 999424
1783689461732 2492.0 1000000
