1783688025885 20.85 2048
1783688026864 26.0 4096
1783688027753 38.15 6144
1783688028662 57.3 8192
1783688029597 66.05 10240
1783688030458 117.15 12288
1783688031364 154.85 14336
1783688032251 163.15 16384
1783688033225 192.55 18432
1783688034184 234.25 20480
1783688034987 217.75 22528
1783688035840 161.0 24576
1783688036750 186.45 26624
1783688037734 238.55 28672
1783688038620 271.7 30720
1783688039441 278.0 32768
1783688040372 287.55 34816
1783688041364 300.85 36864
1783688042251 315.7 38912
1783688043176 332.15 40960
1783688044230 364.55 43008
1783688045125 406.9 45056
1783688045931 451.0 47104
1783688046853 454.9 49152
1783688047881 458.7 51200
1783688048840 466.15 53248
1783688049791 458.6 55296
1783688050690 457.7 57344
1783688051461 419.1 59392
1783688052409 335.4 61440
1783688053340 282.0 63488
1783688054222 236.85 65536
1783688055111 239.65 67584
1783688056020 271.1 69632
1783688056904 319.05 71680
1783688057825 353.25 73728
1783688058705 394.85 75776
1783688059648 437.0 77824
1783688060614 456.6 79872
1783688061587 488.45 81920
1783688062515 473.8 83968
1783688063475 470.3 86016
1783688064329 457.8 88064
1783688065221 450.9 90112
1783688066049 465.55 92160
1783688066931 465.55 94208
1783688067814 482.8 96256
1783688068634 464.9 98304
1783688069467 464.9 100352
1783688070314 464.9 102400
1783688071207 437.0 104448
1783688072089 415.55 106496
1783688072933 388.0 108544
1783688073775 370.15 110592
1783688074609 375.15 112640
1783688075480 389.2 114688
1783688076349 388.85 116736
1783688077218 327.1 118784
1783688078224 316.3 120832
1783688079131 314.75 122880
1783688080167 357.95 124928
1783688081316 332.95 126976
1783688082400 291.25 129024
1783688083234 304.55 131072
1783688084121 300.15 133120
1783688084964 224.7 135168
1783688085904 218.35 137216
1783688086755 236.45 139264
1783688087622 279.15 141312
1783688088539 307.75 143360
1783688089364 371.4 145408
1783688090292 371.3 147456
1783688091176 383.2 149504
1783688092032 353.75 151552
1783688092904 322.6 153600
1783688093737 320.5 155648
1783688094640 298.4 157696
1783688095582 297.75 159744
1783688096447 318.2 161792
1783688097375 364.9 163840
1783688098390 410.6 165888
1783688099269 429.7 167936
1783688100126 426.8 169984
1783688100933 394.7 172032
1783688101844 398.85 174080
1783688102593 393.2 176128
1783688103368 411.5 178176
1783688104216 447.2 180224
1783688105002 469.2 182272
1783688105831 469.2 184320
1783688106697 494.8 186368
1783688107492 481.05 188416
1783688108371 481.05 190464
1783688109204 472.85 192512
1783688110125 473.4 194560
1783688110919 482.05 196608
1783688111680 442.95 198656
1783688112534 398.15 200704
1783688113382 375.25 202752
1783688114180 380.0 204800
1783688115007 403.4 206848
1783688115839 450.05 208896
1783688116663 454.15 210944
1783688117423 465.2 212992
1783688118338 452.9 215040
1783688119175 426.05 217088
1783688119902 415.95 219136
1783688120714 429.65 221184
1783688121529 441.1 223232
1783688122357 448.15 225280
1783688123137 464.0 227328
1783688123825 460.5 229376
1783688124566 438.8 231424
1783688125337 443.05 233472
1783688126023 457.05 235520
1783688126700 441.85 237568
1783688127578 454.55 239616
1783688128349 466.65 241664
1783688129036 444.4 243712
1783688129892 452.75 245760
1783688130764 469.8 247808
1783688131591 477.75 249856
1783688132377 473.75 251904
1783688133195 496.0 253952
1783688134063 476.45 256000
1783688134927 476.45 258048
1783688135795 476.45 260096
1783688136593 473.5 262144
1783688137338 473.5 264192
1783688138108 493.05 266240
1783688138814 479.55 268288
1783688139564 465.8 270336
1783688140500 465.8 272384
1783688141346 465.8 274432
1783688142229 479.15 276480
1783688143115 461.95 278528
1783688143987 479.35 280576
1783688144749 454.3 282624
1783688145502 396.8 284672
1783688146415 414.0 286720
1783688147287 410.0 288768
1783688148164 421.85 290816
1783688149036 445.25 292864
1783688149841 483.25 294912
1783688150805 483.25 296960
1783688151602 490.55 299008
1783688152364 500.0 301056
1783688153252 500.0 303104
1783688154075 487.3 305152
1783688154916 470.65 307200
1783688155777 456.45 309248
1783688156594 456.45 311296
1783688157423 456.45 313344
1783688158254 470.5 315392
1783688159099 485.8 317440
1783688160000 477.6 319488
1783688160859 477.6 321536
1783688161728 418.2 323584
1783688162573 412.15 325632
1783688163390 425.3 327680
1783688164191 425.3 329728
1783688164910 453.1 331776
1783688165749 481.2 333824
1783688166579 459.8 335872
1783688167422 469.05 337920
1783688168261 472.55 339968
1783688169156 472.55 342016
1783688169910 471.35 344064
1783688170602 497.0 346112
1783688171306 497.0 348160
1783688172260 492.7 350208
1783688173068 492.7 352256
1783688173903 493.9 354304
1783688174734 495.7 356352
1783688175599 495.7 358400
1783688176307 500.0 360448
1783688177056 500.0 362496
1783688177811 488.1 364544
1783688178521 488.1 366592
1783688179246 488.1 368640
1783688180136 488.1 370688
1783688180995 488.1 372736
1783688181921 500.0 374784
1783688182764 500.0 376832
1783688183671 500.0 378880
1783688184463 468.95 380928
1783688185194 468.95 382976
1783688186102 468.95 385024
1783688186992 468.95 387072
1783688187915 483.9 389120
1783688188787 500.0 391168
1783688189603 500.0 393216
1783688190265 500.0 395264
1783688191082 500.0 397312
1783688191901 500.0 399360
1783688192625 500.0 401408
1783688193336 500.0 403456
1783688194115 500.0 405504
1783688194822 500.0 407552
1783688195531 500.0 409600
1783688196315 500.0 411648
1783688197139 500.0 413696
1783688197965 500.0 415744
1783688198716 500.0 417792
1783688199524 500.0 419840
1783688200412 500.0 421888
1783688201214 500.0 423936
1783688202121 500.0 425984
1783688204386 500.0 428032
1783688206574 469.7 430080
1783688207456 469.7 432128
1783688208316 423.6 434176
1783688209206 413.15 436224
1783688210036 427.35 438272
1783688210758 386.1 440320
1783688211530 383.5 442368
1783688212342 377.05 444416
1783688213032 384.6 446464
1783688213862 411.05 448512
1783688214744 444.6 450560
1783688215582 479.1 452608
1783688216333 499.0 454656
1783688217185 500.0 456704
1783688217967 500.0 458752
1783688218767 500.0 460800
1783688219619 500.0 462848
1783688220402 500.0 464896
1783688221269 500.0 466944
1783688222062 500.0 468992
1783688222808 500.0 471040
1783688223609 500.0 473088
1783688224406 500.0 475136
1783688225237 500.0 477184
1783688225919 500.0 479232
1783688226671 500.0 481280
1783688227473 493.8 483328
1783688228160 493.8 485376
1783688228872 493.8 487424
1783688229641 493.8 489472
1783688230467 500.0 491520
1783688231249 500.0 493568
1783688232074 500.0 495616
1783688232778 500.0 497664
1783688233470 500.0 499712
1783688234247 500.0 501760
1783688235059 500.0 503808
1783688235852 500.0 505856
1783688236631 500.0 507904
1783688237414 500.0 509952
1783688238193 489.65 512000
1783688238959 489.65 514048
1783688239742 489.65 516096
1783688240484 489.65 518144
1783688241177 489.65 520192
1783688241881 500.0 522240
1783688242633 500.0 524288
1783688243353 497.0 526336
1783688244078 497.0 528384
1783688244875 457.85 530432
1783688245688 457.85 532480
1783688246464 437.9 534528
1783688247207 440.9 536576
1783688247963 465.0 538624
1783688248682 469.8 540672
1783688249380 469.8 542720
1783688250142 459.8 544768
1783688250823 452.8 546816
1783688251549 452.8 548864
1783688252288 463.05 550912
1783688253056 479.55 552960
1783688253886 493.0 555008
1783688254608 500.0 557056
1783688255371 500.0 559104
1783688256140 500.0 561152
1783688256877 500.0 563200
1783688257592 500.0 565248
1783688258332 500.0 567296
1783688259129 500.0 569344
1783688259978 500.0 571392
1783688260741 479.45 573440
1783688261468 479.45 575488
1783688262219 479.45 577536
1783688263017 472.4 579584
1783688263825 472.4 581632
1783688264610 492.95 583680
1783688265402 492.95 585728
1783688266184 467.8 587776
1783688266914 467.8 589824
1783688267789 467.8 591872
1783688268576 467.8 593920
1783688269395 486.55 595968
1783688270227 500.0 598016
1783688271085 500.0 600064
1783688271840 500.0 602112
1783688272621 500.0 604160
1783688273537 500.0 606208
1783688274347 500.0 608256
1783688275180 477.45 610304
1783688275980 477.45 612352
1783688276860 477.45 614400
1783688277771 477.45 616448
1783688278674 457.35 618496
1783688279537 479.9 620544
1783688280316 479.9 622592
1783688281162 479.9 624640
1783688282072 479.9 626688
1783688282984 459.4 628736
1783688283872 459.4 630784
1783688284822 447.7 632832
1783688285685 447.7 634880
1783688286468 460.1 636928
1783688287370 488.3 638976
1783688288182 488.3 641024
1783688288961 500.0 643072
1783688289839 500.0 645120
1783688294405 500.0 647168
1783688298071 500.0 649216
1783688304203 500.0 651264
1783688310282 491.75 653312
1783688316358 475.3 655360
1783688322401 475.3 657408
1783688328446 475.3 659456
1783688334602 475.3 661504
1783688340638 500.0 663552
1783688346741 500.0 665600
1783688352722 500.0 667648
1783688358621 500.0 669696
1783688364719 500.0 671744
1783688370723 500.0 673792
1783688376805 486.2 675840
1783688382924 486.2 677888
1783688388979 486.2 679936
1783688395098 486.2 681984
1783688401286 486.2 684032
1783688407216 500.0 686080
1783688413258 500.0 688128
1783688419167 500.0 690176
1783688425059 500.0 692224
1783688430995 500.0 694272
1783688437158 500.0 696320
1783688443153 495.3 698368
1783688449232 476.1 700416
1783688455183 476.1 702464
1783688461232 476.1 704512
1783688467442 476.1 706560
1783688473367 480.8 708608
1783688479263 500.0 710656
1783688485165 500.0 712704
1783688491265 500.0 714752
1783688497286 500.0 716800
1783688503127 490.65 718848
1783688509106 490.65 720896
1783688515161 490.65 722944
1783688521637 490.65 724992
1783688527902 490.65 727040
1783688533872 500.0 729088
1783688539837 500.0 731136
1783688546037 500.0 733184
1783688552101 493.35 735232
1783688558183 493.35 737280
1783688564154 493.35 739328
1783688570213 493.35 741376
1783688576726 493.35 743424
1783688582847 500.0 745472
1783688588927 493.15 747520
1783688595304 491.35 749568
1783688601585 491.35 751616
1783688607610 491.35 753664
1783688613607 491.35 755712
1783688619818 479.7 757760
1783688626052 479.0 759808
1783688632469 479.0 761856
1783688638577 479.0 763904
1783688644678 479.0 765952
1783688650896 497.5 768000
1783688656949 486.85 770048
1783688662755 486.85 772096
1783688668901 486.85 774144
1783688675057 486.85 776192
1783688681028 477.0 778240
1783688687003 490.15 780288
1783688693283 490.15 782336
1783688699595 490.15 784384
1783688704321 500.0 786432
1783688705248 500.0 788480
1783688706103 500.0 790528
1783688707111 500.0 792576
1783688708215 500.0 794624
1783688710085 492.25 796672
1783688716821 492.25 798720
1783688724394 492.25 800768
1783688732400 492.25 802816
1783688740086 492.25 804864
1783688748201 500.0 806912
1783688755880 500.0 808960
1783688763720 500.0 811008
1783688771578 500.0 813056
1783688779415 500.0 815104
1783688787507 500.0 817152
1783688795049 500.0 819200
1783688803177 500.0 821248
1783688810926 500.0 823296
1783688818740 500.0 825344
1783688826323 500.0 827392
1783688833414 491.6 829440
1783688841038 491.6 831488
1783688848370 491.6 833536
1783688855637 489.65 835584
1783688863241 491.65 837632
1783688870400 498.05 839680
1783688878147 498.05 841728
1783688885580 498.05 843776
1783688892661 500.0 845824
1783688900403 500.0 847872
1783688907526 500.0 849920
1783688915134 500.0 851968
1783688922781 500.0 854016
1783688929942 500.0 856064
1783688937391 497.35 858112
1783688944843 497.35 860160
1783688952535 476.25 862208
1783688960314 476.25 864256
1783688967727 473.15 866304
1783688975639 475.8 868352
1783688983283 475.8 870400
1783688990840 496.9 872448
1783688998820 496.9 874496
1783689005889 500.0 876544
1783689013339 500.0 878592
1783689020738 500.0 880640
1783689027933 500.0 882688
1783689035333 500.0 884736
1783689042404 500.0 886784
1783689049708 500.0 888832
1783689057179 500.0 890880
1783689064473 489.85 892928
1783689072112 489.85 894976
1783689079598 489.85 897024
1783689086676 489.85 899072
1783689094392 489.85 901120
1783689101727 500.0 903168
1783689109215 500.0 905216
1783689116886 500.0 907264
1783689124296 500.0 909312
1783689131565 500.0 911360
1783689139385 500.0 913408
1783689146613 500.0 915456
1783689154476 500.0 917504
1783689162158 500.0 919552
1783689170002 500.0 921600
1783689178027 500.0 923648
1783689185658 500.0 925696
1783689193703 500.0 927744
1783689201316 500.0 929792
1783689209276 500.0 931840
1783689217243 486.95 933888
1783689224843 486.95 935936
1783689232857 486.95 937984
1783689240518 486.95 940032
1783689248409 486.95 942080
1783689256511 500.0 944128
1783689264066 500.0 946176
1783689271992 481.85 948224
1783689279731 481.85 950272
1783689287576 478.05 952320
1783689295587 478.05 954368
1783689303107 496.2 956416
1783689310679 478.8 958464
1783689317870 478.8 960512
1783689325338 482.6 962560
1783689332922 482.6 964608
1783689340030 482.6 966656
1783689347569 500.0 968704
1783689355117 500.0 970752
1783689362306 500.0 972800
1783689369898 500.0 974848
1783689377143 500.0 976896
1783689384722 500.0 978944
1783689392268 500.0 980992
1783689399329 500.0 983040
1783689406903 500.0 985088
1783689414209 493.5 987136
1783689421451 493.5 989184
1783689429285 493.5 991232
1783689436684 486.7 993280
1783689444352 486.7 995328
1783689452120 493.2 997376
1783689459623 455.05 999424
1783689461732 455.05 1000000
