1783655735248 0.6869167578406632 2048
1783655736078 0.6708251745440066 4096
1783655736955 0.6591779589653015 6144
1783655737824 0.6301154983229935 8192
1783655738696 0.6202402166090906 10240
1783655739447 0.600193231832236 12288
1783655740284 0.5959799601696432 14336
1783655741099 0.5843916130252182 16384
1783655741871 0.5844335649162531 18432
1783655742768 0.585023317951709 20480
1783655743615 0.5789490975439548 22528
1783655744458 0.5941323763690889 24576
1783655745326 0.5835923282429576 26624
1783655746181 0.591551975812763 28672
1783655747013 0.5757250874303281 30720
1783655747831 0.5735462228767574 32768
1783655748640 0.5799110527150333 34816
1783655749370 0.563510658685118 36864
1783655750207 0.5507060387171805 38912
1783655751098 0.5754316304810345 40960
1783655751985 0.5759753012098372 43008
1783655752853 0.5637248675338924 45056
1783655753581 0.565138565376401 47104
1783655754368 0.5703593641519547 49152
1783655755144 0.5816209153272212 51200
1783655756004 0.587571645155549 53248
1783655756872 0.5827107368968427 55296
1783655757754 0.5637506004422903 57344
1783655758503 0.583230051677674 59392
1783655759422 0.5712800556793809 61440
1783655760289 0.5737351467832923 63488
1783655761129 0.5555910430848598 65536
1783655762039 0.5621780846267939 67584
1783655762935 0.5614221342839301 69632
1783655763882 0.5666040009818971 71680
1783655764701 0.5787171660922468 73728
1783655765537 0.5746350130066276 75776
1783655766425 0.5836443919688463 77824
1783655767249 0.5853569265455008 79872
1783655768076 0.5859630052000284 81920
1783655768918 0.5904978909529746 83968
1783655769741 0.5843069348484278 86016
1783655770525 0.5754377292469144 88064
1783655771353 0.5883991196751595 90112
1783655772156 0.5739216497167945 92160
1783655772975 0.5919335414655507 94208
1783655773734 0.5637464541941881 96256
1783655774513 0.5847231983207166 98304
1783655775322 0.5907586198300123 100352
1783655776141 0.5948081505484879 102400
1783655777038 0.5753566287457943 104448
1783655777876 0.5794560378417373 106496
1783655778686 0.578182059340179 108544
1783655779519 0.5794956171885133 110592
1783655780416 0.5911120087839663 112640
1783655781233 0.5906686875969172 114688
1783655782080 0.596335091162473 116736
1783655782984 0.5881567830219865 118784
1783655783781 0.5931377517990768 120832
1783655784556 0.6025721579790115 122880
1783655785429 0.5864689354784787 124928
1783655786278 0.5857879361137748 126976
1783655787157 0.5847894190810621 129024
1783655787961 0.5845598732121289 131072
1783655788734 0.5933067458681762 133120
1783655789590 0.5986588783562183 135168
1783655790465 0.5904476558789611 137216
1783655791400 0.6016078391112387 139264
1783655792219 0.5856430656276643 141312
1783655793087 0.6001283708028495 143360
1783655793991 0.5959217650815845 145408
1783655794839 0.5894305990077555 147456
1783655795704 0.5889004650525749 149504
1783655796563 0.6011241404339671 151552
1783655797374 0.5847262293100357 153600
1783655798203 0.5812861430458724 155648
1783655799027 0.5845238058827817 157696
1783655799863 0.5724601070396602 159744
1783655800663 0.588823005091399 161792
1783655801421 0.5652653062716126 163840
1783655802341 0.5835351794958115 165888
1783655803242 0.574156460352242 167936
1783655804068 0.5565715935081244 169984
1783655804928 0.5717856190167367 172032
1783655805742 0.5687322630546987 174080
1783655806567 0.5836789817549288 176128
1783655807447 0.5810297536663711 178176
1783655808351 0.578904652968049 180224
1783655809169 0.5702436757273972 182272
1783655809998 0.5768918418325484 184320
1783655810835 0.5618894607760012 186368
1783655811637 0.5857218815945089 188416
1783655812544 0.578971937764436 190464
1783655813375 0.574225012678653 192512
1783655814193 0.5648702075704932 194560
1783655815058 0.5740167712792754 196608
1783655815939 0.5668621947988868 198656
1783655816780 0.5501867043785751 200704
1783655817606 0.5619254596531391 202752
1783655818502 0.5669211144559085 204800
1783655819355 0.5553113515488803 206848
1783655820218 0.5590629335492849 208896
1783655821104 0.5777658619917929 210944
1783655821995 0.5706226513721049 212992
1783655822846 0.5694265062920749 215040
1783655823610 0.5722143496386707 217088
1783655824411 0.5834832643158734 219136
1783655825132 0.5668333796784282 221184
1783655825840 0.5807528840377927 223232
1783655826698 0.5878587611950934 225280
1783655827426 0.5827112342230976 227328
1783655828229 0.5829316223971546 229376
1783655828964 0.5843410729430616 231424
1783655829589 0.5794948167167604 233472
1783655830370 0.5866715968586504 235520
1783655831108 0.5810853694565594 237568
1783655831883 0.580212960485369 239616
1783655832727 0.563848078250885 241664
1783655833503 0.6058865860104561 243712
1783655834289 0.5820300998166203 245760
1783655835075 0.5674258479848504 247808
1783655835860 0.5645831055007875 249856
1783655836696 0.5685786372050643 251904
1783655837534 0.600992722902447 253952
1783655838269 0.5876517845317721 256000
1783655838955 0.5848736325278878 258048
1783655839651 0.5800340627320111 260096
1783655840408 0.5788849568925798 262144
1783655841127 0.5764550869353116 264192
1783655841857 0.5802412363700569 266240
1783655842600 0.5810071658343077 268288
1783655843296 0.6061207712627947 270336
1783655844054 0.584247849881649 272384
1783655844754 0.5865938602946699 274432
1783655845432 0.5839500320143998 276480
1783655846163 0.5807387037202716 278528
1783655846934 0.5836307746358216 280576
1783655847652 0.5906530669890344 282624
1783655848372 0.5716173192486167 284672
1783655849120 0.5715443310327828 286720
1783655849822 0.5713931708596647 288768
1783655850517 0.5883620493113995 290816
1783655851237 0.5745421764440835 292864
1783655852015 0.5771150551736355 294912
1783655852663 0.591460570693016 296960
1783655853341 0.5661577507853508 299008
1783655854076 0.5800950671546161 301056
1783655854799 0.5715528787113726 303104
1783655855592 0.5804119110107422 305152
1783655856302 0.570770965423435 307200
1783655856985 0.5695984400808811 309248
1783655857725 0.578241812530905 311296
1783655858471 0.5808284399099648 313344
1783655859190 0.5716164018958807 315392
1783655859969 0.594936334528029 317440
1783655860711 0.5620343848131597 319488
1783655861475 0.5806837393902242 321536
1783655862214 0.580276052467525 323584
1783655862965 0.5750926858745515 325632
1783655863718 0.5670964978635311 327680
1783655864457 0.5767863793298602 329728
1783655865107 0.5756892352364957 331776
1783655865857 0.5674498090520501 333824
1783655866574 0.5560172442346811 335872
1783655867333 0.552525897976011 337920
1783655868102 0.5580738694407046 339968
1783655868901 0.5568750463426113 342016
1783655869689 0.5726427924819291 344064
1783655870391 0.561683023814112 346112
1783655871231 0.5453587425872684 348160
1783655872029 0.5738205965608358 350208
1783655872842 0.5780342761427164 352256
1783655873768 0.5747886458411813 354304
1783655874685 0.5859903283417225 356352
1783655875470 0.5828488725237548 358400
1783655876277 0.5666681090369821 360448
1783655877097 0.5781670222058892 362496
1783655877913 0.6033745971508324 364544
1783655878685 0.5824271007440984 366592
1783655879516 0.5863858354277909 368640
1783655880263 0.5665906015783548 370688
1783655881137 0.5687171327881515 372736
1783655881990 0.569928353652358 374784
1783655882803 0.5653904606588185 376832
1783655883610 0.5836348836310208 378880
1783655884474 0.556989052798599 380928
1783655885323 0.5817756596952677 382976
1783655886140 0.5837174840271473 385024
1783655886991 0.5763196470215917 387072
1783655887810 0.5960361561737955 389120
1783655888605 0.5517670782282948 391168
1783655889360 0.5668338197283447 393216
1783655890159 0.584519661962986 395264
1783655890959 0.5702050742693245 397312
1783655891767 0.5543110053986311 399360
1783655892512 0.5715079084038734 401408
1783655893286 0.559941214043647 403456
1783655894067 0.5912986774928868 405504
1783655894845 0.5805794443003833 407552
1783655895650 0.5629776581190526 409600
1783655896460 0.5871286974288523 411648
1783655897274 0.5858853682875633 413696
1783655898117 0.5928583890199661 415744
1783655898950 0.5810866914689541 417792
1783655899732 0.5751339215785265 419840
1783655900437 0.5670430934987962 421888
1783655901118 0.591455252841115 423936
1783655901939 0.5941696115769446 425984
1783655902774 0.5593040524981916 428032
1783655903711 0.5807859292253852 430080
1783655904573 0.5792387314140797 432128
1783655905380 0.5733822463080287 434176
1783655906284 0.5842965943738818 436224
1783655907091 0.5845752120949328 438272
1783655907976 0.5760531579144299 440320
1783655908748 0.5797251341864467 442368
1783655909467 0.5749296643771231 444416
1783655910191 0.578508457634598 446464
1783655910950 0.5618395712226629 448512
1783655911693 0.5738265938125551 450560
1783655912512 0.5786860892549157 452608
1783655913368 0.5812652078457177 454656
1783655914196 0.5730202626436949 456704
1783655914925 0.5562960500828922 458752
1783655915682 0.5372657850384712 460800
1783655916507 0.5505390667822212 462848
1783655917315 0.5524096246808767 464896
1783655918110 0.5407616854645312 466944
1783655918926 0.552795653231442 468992
1783655919717 0.5577823692001402 471040
1783655920543 0.5419933802913874 473088
1783655921354 0.5518226753920317 475136
1783655922152 0.5473186229355633 477184
1783655922999 0.5585555052384734 479232
1783655923823 0.5538656488060951 481280
1783655924653 0.549863230669871 483328
1783655925405 0.5542082882020622 485376
1783655926139 0.5501615540124476 487424
1783655926922 0.5587667399086058 489472
1783655927761 0.5552087989635766 491520
1783655928571 0.5612985584884882 493568
1783655929370 0.5557959508150816 495616
1783655930089 0.5592777859419584 497664
1783655930844 0.5588588523678482 499712
1783655931623 0.5519462330266833 501760
1783655932366 0.5480818185023963 503808
1783655933036 0.5571954669430852 505856
1783655933729 0.5468415929935873 507904
1783655934503 0.5490231146104634 509952
1783655935258 0.5464633314404637 512000
1783655936054 0.5417202312964946 514048
1783655936868 0.5386096006259322 516096
1783655937575 0.5414843971375376 518144
1783655938380 0.5410973122343421 520192
1783655939231 0.545307778287679 522240
1783655939967 0.5545099496375769 524288
1783655940696 0.557179702911526 526336
1783655941538 0.5722698117606342 528384
1783655942360 0.5563281122595072 530432
1783655943215 0.5634708921425045 532480
1783655944045 0.5658222856000066 534528
1783655944881 0.5578526579774916 536576
1783655945736 0.5542867167387158 538624
1783655946586 0.5563603290356696 540672
1783655947370 0.5664966278709471 542720
1783655948167 0.5736486874520779 544768
1783655949073 0.5708247357979417 546816
1783655949900 0.5542382653802633 548864
1783655950727 0.5806321171112359 550912
1783655951559 0.5485045025125146 552960
1783655952382 0.5635410412214696 555008
1783655953227 0.560364305973053 557056
1783655954026 0.5657536089420319 559104
1783655954818 0.5911562009714544 561152
1783655955637 0.5750423637218773 563200
1783655956516 0.5518788462504745 565248
1783655957286 0.5630833148024976 567296
1783655958138 0.5558209838345647 569344
1783655958892 0.5700081367976964 571392
1783655959667 0.5597467287443578 573440
1783655960469 0.5672993590123951 575488
1783655961323 0.5687234993092716 577536
1783655962096 0.5859002177603543 579584
1783655962883 0.5653065429069102 581632
1783655963690 0.5723175671882927 583680
1783655964493 0.5675876047462225 585728
1783655965234 0.582440307829529 587776
1783655965918 0.5578171394299716 589824
1783655966697 0.5783159541897476 591872
1783655967506 0.5744576519355178 593920
1783655968233 0.5535786005202681 595968
1783655968984 0.5665660463273525 598016
1783655969710 0.5553073086775839 600064
1783655970451 0.5664989268407226 602112
1783655971205 0.5678949025459588 604160
1783655971996 0.5726271825842559 606208
1783655972796 0.5749043859541416 608256
1783655973580 0.5478632857557386 610304
1783655974392 0.5698639159090817 612352
1783655975162 0.582812437787652 614400
1783655975928 0.5728061147965491 616448
1783655976714 0.5753800454549491 618496
1783655977494 0.5855017863214016 620544
1783655978303 0.5761359324678779 622592
1783655979104 0.5892732357606292 624640
1783655979966 0.5787375424988568 626688
1783655980769 0.5684894300065935 628736
1783655981557 0.5886745122261345 630784
1783655982361 0.5604494949802756 632832
1783655983182 0.5920722307637334 634880
1783655983984 0.5650525358505547 636928
1783655984757 0.5694523768033832 638976
1783655985613 0.5680064810439944 641024
1783655986402 0.5785741452127695 643072
1783655987241 0.5871206810697913 645120
1783655988012 0.5543740768916905 647168
1783655988726 0.5581538695842028 649216
1783655989539 0.575849368236959 651264
1783655990391 0.5487714209593832 653312
1783655991284 0.563497323077172 655360
1783655992061 0.5860112365335226 657408
1783655992852 0.5742782531306148 659456
1783655993718 0.5370517522096634 661504
1783655994500 0.5882782270200551 663552
1783655995270 0.5634724786505103 665600
1783655996057 0.5658872718922794 667648
1783655996887 0.5352028016932309 669696
1783655997733 0.5591071816161275 671744
1783655998468 0.5487301298417151 673792
1783655999259 0.5617357711307704 675840
1783656000113 0.5710439304821193 677888
1783656000971 0.5523577251005918 679936
1783656001722 0.5620056381449103 681984
1783656002397 0.5805090866051614 684032
1783656003067 0.571040075737983 686080
1783656003868 0.5630026301369071 688128
1783656004595 0.5361697184853256 690176
1783656005293 0.5458132508210838 692224
1783656006081 0.5480445772409439 694272
1783656006933 0.5591398025862873 696320
1783656007700 0.5480485188309103 698368
1783656008451 0.5387682768050581 700416
1783656009287 0.548416840378195 702464
1783656010079 0.5639726035296917 704512
1783656010882 0.5502210017293692 706560
1783656011651 0.5633955216035247 708608
1783656012522 0.5557845933362842 710656
1783656013316 0.5640038214623928 712704
1783656014095 0.5579227209091187 714752
1783656014921 0.5714126969687641 716800
1783656015723 0.5770526910200715 718848
1783656016515 0.5461671222001314 720896
1783656017270 0.5737321279011667 722944
1783656018069 0.5769902169704437 724992
1783656018919 0.5762013522908092 727040
1783656019771 0.5885833287611604 729088
1783656020520 0.5744673111476004 731136
1783656021329 0.5843786182813346 733184
1783656022047 0.5727855660952628 735232
1783656022882 0.5634228331036866 737280
1783656023661 0.5756342750974 739328
1783656024418 0.5812737364321947 741376
1783656025210 0.5638276897370815 743424
1783656026057 0.5559772816486657 745472
1783656026825 0.5646918951533735 747520
1783656027557 0.5618488560430706 749568
1783656028397 0.5706262392923236 751616
1783656029134 0.5785819431766868 753664
1783656029965 0.5849918695166707 755712
1783656030775 0.5768774184398353 757760
1783656031490 0.5329235766548663 759808
1783656032279 0.5897584054619074 761856
1783656033157 0.5502684214152396 763904
1783656033906 0.546950698364526 765952
1783656034690 0.551277122227475 768000
1783656035537 0.5461123795248568 770048
1783656036391 0.5497158230282366 772096
1783656037252 0.5635171281173825 774144
1783656038039 0.5546438018791378 776192
1783656038782 0.5494878836907446 778240
1783656039532 0.5661713839508593 780288
1783656040451 0.5638955957256258 782336
1783656041274 0.5513161183334887 784384
1783656042096 0.5723358006216586 786432
1783656042786 0.5425490639172494 788480
1783656043564 0.5743179023265839 790528
1783656044350 0.55837896396406 792576
1783656045097 0.5541965086013079 794624
1783656045917 0.5652928822673857 796672
1783656046677 0.5669685723260045 798720
1783656047363 0.5725122559815645 800768
1783656048081 0.5622417936101556 802816
1783656048899 0.5635151132009923 804864
1783656049621 0.560629278421402 806912
1783656050426 0.564857320394367 808960
1783656051275 0.5811727209948003 811008
1783656052104 0.5700635281391442 813056
1783656052955 0.5784885985776782 815104
1783656053754 0.5685681304894388 817152
1783656054543 0.5636225789785385 819200
1783656055353 0.577322009485215 821248
1783656056134 0.5632357783615589 823296
1783656056950 0.5780054172500968 825344
1783656057800 0.5705009871162474 827392
1783656058663 0.5464204654563218 829440
1783656059470 0.5761606614105403 831488
1783656060268 0.5499890563078225 833536
1783656061015 0.5660079503431916 835584
1783656061880 0.5568979512900114 837632
1783656062678 0.5712301316671073 839680
1783656063460 0.5568596012890339 841728
1783656064385 0.5648538246750832 843776
1783656065158 0.5584730268456042 845824
1783656065840 0.5543959070928395 847872
1783656066553 0.5468351982999593 849920
1783656067297 0.5597574845887721 851968
1783656068113 0.5500518083572388 854016
1783656068945 0.5596514861099422 856064
1783656069801 0.5435624616220593 858112
1783656070594 0.541701627895236 860160
1783656071322 0.5285656314808875 862208
1783656071971 0.5335265747271478 864256
1783656072701 0.5300752869807184 866304
1783656073366 0.532164441421628 868352
1783656074102 0.5481502045877278 870400
1783656074765 0.5412524258717895 872448
1783656075521 0.5307663925923407 874496
1783656076198 0.5577692543156445 876544
1783656076915 0.5517928963527083 878592
1783656077744 0.5670807934366167 880640
1783656078534 0.5873603951185942 882688
1783656079261 0.5654227952472866 884736
1783656080139 0.5530919572338462 886784
1783656080945 0.5671598818153143 888832
1783656081772 0.549589921720326 890880
1783656082597 0.5528639042750001 892928
1783656083402 0.5630275409203023 894976
1783656084236 0.5611403668299317 897024
1783656085032 0.5559166385792196 899072
1783656085803 0.5660857115872204 901120
1783656086540 0.581008359324187 903168
1783656087182 0.5609585042111576 905216
1783656087968 0.5425766936969012 907264
1783656088784 0.565567169804126 909312
1783656089627 0.5707494826056063 911360
1783656090574 0.5575141017325222 913408
1783656091435 0.5831549754366279 915456
1783656092259 0.573986005038023 917504
1783656093069 0.5852867476642132 919552
1783656093875 0.5650341750588268 921600
1783656094692 0.5792933129705489 923648
1783656095536 0.5669910018332303 925696
1783656096437 0.5510250220540911 927744
1783656097174 0.5630326550453901 929792
1783656097842 0.5778030278161168 931840
1783656098664 0.5604126811958849 933888
1783656099503 0.52973448112607 935936
1783656100288 0.5526350231375545 937984
1783656101150 0.5632953234016895 940032
1783656101908 0.5441518668085337 942080
1783656102568 0.5663489061407745 944128
1783656103373 0.5268281202297658 946176
1783656104194 0.5642289659008384 948224
1783656104995 0.556492620613426 950272
1783656105774 0.5419572805985808 952320
1783656106610 0.5603750688023865 954368
1783656107403 0.5413750219158828 956416
1783656108208 0.5632824129424989 958464
1783656108956 0.5718891462311149 960512
1783656109691 0.5459911185316741 962560
1783656110555 0.5467681065201759 964608
1783656111374 0.5601740148849785 966656
1783656112259 0.5707632326520979 968704
1783656113060 0.5670827594585717 970752
1783656113855 0.556472244206816 972800
1783656114636 0.5498099639080465 974848
1783656115394 0.5483871209435165 976896
1783656116195 0.5571682204026729 978944
1783656117063 0.5570512772537768 980992
1783656117932 0.5544185286853462 983040
1783656118712 0.5579079310409725 985088
1783656119477 0.5612654546275735 987136
1783656120292 0.5674946601502597 989184
1783656121094 0.5477067371830344 991232
1783656121981 0.557258477434516 993280
1783656122802 0.5551707847043872 995328
1783656123598 0.5651773437857628 997376
1783656124323 0.5565673275850713 999424
