1783655735248 19.9 2048
1783655736078 26.7 4096
1783655736955 37.6 6144
1783655737824 40.15 8192
1783655738696 57.95 10240
1783655739447 86.2 12288
1783655740284 117.65 14336
1783655741099 127.65 16384
1783655741871 150.15 18432
1783655742768 178.45 20480
1783655743615 206.6 22528
1783655744458 229.75 24576
1783655745326 223.45 26624
1783655746181 234.95 28672
1783655747013 252.85 30720
1783655747831 236.4 32768
1783655748640 237.35 34816
1783655749370 244.7 36864
1783655750207 233.95 38912
1783655751098 230.55 40960
1783655751985 223.55 43008
1783655752853 224.1 45056
1783655753581 258.1 47104
1783655754368 292.25 49152
1783655755144 274.3 51200
1783655756004 278.25 53248
1783655756872 269.35 55296
1783655757754 235.9 57344
1783655758503 250.2 59392
1783655759422 252.85 61440
1783655760289 318.25 63488
1783655761129 333.95 65536
1783655762039 372.8 67584
1783655762935 390.05 69632
1783655763882 334.85 71680
1783655764701 257.95 73728
1783655765537 221.85 75776
1783655766425 220.4 77824
1783655767249 204.7 79872
1783655768076 212.25 81920
1783655768918 226.4 83968
1783655769741 240.3 86016
1783655770525 206.95 88064
1783655771353 217.95 90112
1783655772156 293.7 92160
1783655772975 328.25 94208
1783655773734 328.0 96256
1783655774513 339.6 98304
1783655775322 348.2 100352
1783655776141 366.6 102400
1783655777038 401.45 104448
1783655777876 380.35 106496
1783655778686 377.1 108544
1783655779519 350.15 110592
1783655780416 294.85 112640
1783655781233 268.2 114688
1783655782080 283.7 116736
1783655782984 283.4 118784
1783655783781 293.0 120832
1783655784556 261.15 122880
1783655785429 270.6 124928
1783655786278 248.15 126976
1783655787157 245.5 129024
1783655787961 274.85 131072
1783655788734 294.65 133120
1783655789590 329.6 135168
1783655790465 327.5 137216
1783655791400 347.0 139264
1783655792219 375.3 141312
1783655793087 398.8 143360
1783655793991 375.55 145408
1783655794839 363.7 147456
1783655795704 344.3 149504
1783655796563 351.9 151552
1783655797374 356.65 153600
1783655798203 382.5 155648
1783655799027 361.8 157696
1783655799863 367.0 159744
1783655800663 385.4 161792
1783655801421 404.8 163840
1783655802341 415.2 165888
1783655803242 435.25 167936
1783655804068 451.45 169984
1783655804928 439.9 172032
1783655805742 432.2 174080
1783655806567 428.55 176128
1783655807447 439.15 178176
1783655808351 444.55 180224
1783655809169 476.95 182272
1783655809998 486.9 184320
1783655810835 491.55 186368
1783655811637 498.65 188416
1783655812544 500.0 190464
1783655813375 495.95 192512
1783655814193 472.85 194560
1783655815058 472.85 196608
1783655815939 472.85 198656
1783655816780 469.05 200704
1783655817606 469.05 202752
1783655818502 492.15 204800
1783655819355 465.9 206848
1783655820218 457.8 208896
1783655821104 462.15 210944
1783655821995 462.15 212992
1783655822846 462.15 215040
1783655823610 488.4 217088
1783655824411 500.0 219136
1783655825132 500.0 221184
1783655825840 496.4 223232
1783655826698 496.4 225280
1783655827426 496.4 227328
1783655828229 483.75 229376
1783655828964 483.75 231424
1783655829589 483.85 233472
1783655830370 472.55 235520
1783655831108 485.2 237568
1783655831883 481.2 239616
1783655832727 481.2 241664
1783655833503 484.7 243712
1783655834289 496.0 245760
1783655835075 489.3 247808
1783655835860 493.3 249856
1783655836696 493.3 251904
1783655837534 493.3 253952
1783655838269 485.35 256000
1783655838955 474.4 258048
1783655839651 454.4 260096
1783655840408 454.4 262144
1783655841127 424.95 264192
1783655841857 435.9 266240
1783655842600 435.9 268288
1783655843296 455.9 270336
1783655844054 455.9 272384
1783655844754 500.0 274432
1783655845432 500.0 276480
1783655846163 485.95 278528
1783655846934 485.95 280576
1783655847652 485.95 282624
1783655848372 467.0 284672
1783655849120 481.05 286720
1783655849822 481.05 288768
1783655850517 481.05 290816
1783655851237 481.05 292864
1783655852015 480.2 294912
1783655852663 480.2 296960
1783655853341 463.95 299008
1783655854076 448.25 301056
1783655854799 424.05 303104
1783655855592 443.85 305152
1783655856302 447.15 307200
1783655856985 462.85 309248
1783655857725 468.6 311296
1783655858471 487.05 313344
1783655859190 487.05 315392
1783655859969 500.0 317440
1783655860711 445.05 319488
1783655861475 445.05 321536
1783655862214 424.8 323584
1783655862965 424.8 325632
1783655863718 443.75 327680
1783655864457 479.6 329728
1783655865107 471.6 331776
1783655865857 478.4 333824
1783655866574 478.4 335872
1783655867333 478.55 337920
1783655868102 478.55 339968
1783655868901 491.0 342016
1783655869689 500.0 344064
1783655870391 500.0 346112
1783655871231 500.0 348160
1783655872029 500.0 350208
1783655872842 500.0 352256
1783655873768 500.0 354304
1783655874685 500.0 356352
1783655875470 500.0 358400
1783655876277 500.0 360448
1783655877097 495.4 362496
1783655877913 495.4 364544
1783655878685 484.15 366592
1783655879516 484.15 368640
1783655880263 483.4 370688
1783655881137 483.4 372736
1783655881990 494.65 374784
1783655882803 458.3 376832
1783655883610 460.15 378880
1783655884474 463.65 380928
1783655885323 463.65 382976
1783655886140 479.35 385024
1783655886991 500.0 387072
1783655887810 500.0 389120
1783655888605 410.1 391168
1783655889360 403.55 393216
1783655890159 403.55 395264
1783655890959 386.85 397312
1783655891767 426.25 399360
1783655892512 455.7 401408
1783655893286 440.8 403456
1783655894067 440.8 405504
1783655894845 462.25 407552
1783655895650 485.1 409600
1783655896460 485.1 411648
1783655897274 500.0 413696
1783655898117 500.0 415744
1783655898950 488.85 417792
1783655899732 488.85 419840
1783655900437 488.85 421888
1783655901118 488.85 423936
1783655901939 488.85 425984
1783655902774 373.0 428032
1783655903711 373.0 430080
1783655904573 356.95 432128
1783655905380 370.65 434176
1783655906284 410.4 436224
1783655907091 462.35 438272
1783655907976 468.65 440320
1783655908748 472.25 442368
1783655909467 464.85 444416
1783655910191 470.9 446464
1783655910950 470.9 448512
1783655911693 477.05 450560
1783655912512 477.05 452608
1783655913368 500.0 454656
1783655914196 500.0 456704
1783655914925 500.0 458752
1783655915682 500.0 460800
1783655916507 500.0 462848
1783655917315 500.0 464896
1783655918110 500.0 466944
1783655918926 500.0 468992
1783655919717 500.0 471040
1783655920543 500.0 473088
1783655921354 500.0 475136
1783655922152 500.0 477184
1783655922999 500.0 479232
1783655923823 497.55 481280
1783655924653 472.8 483328
1783655925405 426.8 485376
1783655926139 337.35 487424
1783655926922 288.25 489472
1783655927761 244.95 491520
1783655928571 218.75 493568
1783655929370 200.9 495616
1783655930089 181.05 497664
1783655930844 162.9 499712
1783655931623 165.7 501760
1783655932366 192.65 503808
1783655933036 214.15 505856
1783655933729 255.9 507904
1783655934503 317.3 509952
1783655935258 362.65 512000
1783655936054 418.55 514048
1783655936868 459.4 516096
1783655937575 482.9 518144
1783655938380 495.75 520192
1783655939231 500.0 522240
1783655939967 500.0 524288
1783655940696 500.0 526336
1783655941538 500.0 528384
1783655942360 500.0 530432
1783655943215 500.0 532480
1783655944045 500.0 534528
1783655944881 500.0 536576
1783655945736 500.0 538624
1783655946586 500.0 540672
1783655947370 500.0 542720
1783655948167 500.0 544768
1783655949073 493.0 546816
1783655949900 493.0 548864
1783655950727 493.0 550912
1783655951559 487.85 552960
1783655952382 487.85 555008
1783655953227 494.85 557056
1783655954026 483.15 559104
1783655954818 483.15 561152
1783655955637 488.3 563200
1783655956516 488.3 565248
1783655957286 488.3 567296
1783655958138 500.0 569344
1783655958892 500.0 571392
1783655959667 500.0 573440
1783655960469 500.0 575488
1783655961323 500.0 577536
1783655962096 500.0 579584
1783655962883 500.0 581632
1783655963690 500.0 583680
1783655964493 500.0 585728
1783655965234 500.0 587776
1783655965918 500.0 589824
1783655966697 500.0 591872
1783655967506 500.0 593920
1783655968233 427.5 595968
1783655968984 407.95 598016
1783655969710 382.05 600064
1783655970451 382.05 602112
1783655971205 398.9 604160
1783655971996 458.45 606208
1783655972796 458.45 608256
1783655973580 479.8 610304
1783655974392 495.45 612352
1783655975162 495.45 614400
1783655975928 495.45 616448
1783655976714 495.45 618496
1783655977494 500.0 620544
1783655978303 500.0 622592
1783655979104 500.0 624640
1783655979966 495.95 626688
1783655980769 495.95 628736
1783655981557 495.95 630784
1783655982361 465.65 632832
1783655983182 465.65 634880
1783655983984 440.15 636928
1783655984757 440.15 638976
1783655985613 451.45 641024
1783655986402 470.45 643072
1783655987241 485.4 645120
1783655988012 481.3 647168
1783655988726 481.3 649216
1783655989539 481.3 651264
1783655990391 458.1 653312
1783655991284 462.55 655360
1783655992061 476.8 657408
1783655992852 473.15 659456
1783655993718 466.9 661504
1783655994500 490.1 663552
1783655995270 476.55 665600
1783655996057 480.2 667648
1783655996887 462.05 669696
1783655997733 468.3 671744
1783655998468 461.65 673792
1783655999259 461.65 675840
1783656000113 461.65 677888
1783656000971 461.25 679936
1783656001722 461.25 681984
1783656002397 481.45 684032
1783656003067 481.45 686080
1783656003868 481.45 688128
1783656004595 479.65 690176
1783656005293 479.65 692224
1783656006081 479.65 694272
1783656006933 479.65 696320
1783656007700 485.5 698368
1783656008451 500.0 700416
1783656009287 500.0 702464
1783656010079 500.0 704512
1783656010882 500.0 706560
1783656011651 500.0 708608
1783656012522 500.0 710656
1783656013316 500.0 712704
1783656014095 500.0 714752
1783656014921 500.0 716800
1783656015723 500.0 718848
1783656016515 500.0 720896
1783656017270 500.0 722944
1783656018069 500.0 724992
1783656018919 500.0 727040
1783656019771 500.0 729088
1783656020520 470.2 731136
1783656021329 470.2 733184
1783656022047 447.85 735232
1783656022882 447.85 737280
1783656023661 447.85 739328
1783656024418 477.65 741376
1783656025210 469.95 743424
1783656026057 467.05 745472
1783656026825 467.05 747520
1783656027557 467.05 749568
1783656028397 474.75 751616
1783656029134 474.75 753664
1783656029965 500.0 755712
1783656030775 500.0 757760
1783656031490 453.25 759808
1783656032279 453.25 761856
1783656033157 453.25 763904
1783656033906 453.25 765952
1783656034690 476.15 768000
1783656035537 500.0 770048
1783656036391 500.0 772096
1783656037252 500.0 774144
1783656038039 500.0 776192
1783656038782 500.0 778240
1783656039532 500.0 780288
1783656040451 500.0 782336
1783656041274 500.0 784384
1783656042096 500.0 786432
1783656042786 500.0 788480
1783656043564 500.0 790528
1783656044350 500.0 792576
1783656045097 500.0 794624
1783656045917 500.0 796672
1783656046677 500.0 798720
1783656047363 500.0 800768
1783656048081 500.0 802816
1783656048899 500.0 804864
1783656049621 500.0 806912
1783656050426 500.0 808960
1783656051275 500.0 811008
1783656052104 493.9 813056
1783656052955 493.9 815104
1783656053754 491.9 817152
1783656054543 473.65 819200
1783656055353 473.65 821248
1783656056134 479.75 823296
1783656056950 479.75 825344
1783656057800 481.75 827392
1783656058663 496.3 829440
1783656059470 496.3 831488
1783656060268 484.3 833536
1783656061015 484.3 835584
1783656061880 484.3 837632
1783656062678 488.0 839680
1783656063460 488.0 841728
1783656064385 500.0 843776
1783656065158 500.0 845824
1783656065840 500.0 847872
1783656066553 500.0 849920
1783656067297 500.0 851968
1783656068113 500.0 854016
1783656068945 500.0 856064
1783656069801 500.0 858112
1783656070594 500.0 860160
1783656071322 500.0 862208
1783656071971 500.0 864256
1783656072701 500.0 866304
1783656073366 500.0 868352
1783656074102 500.0 870400
1783656074765 500.0 872448
1783656075521 500.0 874496
1783656076198 500.0 876544
1783656076915 500.0 878592
1783656077744 500.0 880640
1783656078534 500.0 882688
1783656079261 494.3 884736
1783656080139 494.3 886784
1783656080945 494.3 888832
1783656081772 494.3 890880
1783656082597 494.3 892928
1783656083402 500.0 894976
1783656084236 500.0 897024
1783656085032 500.0 899072
1783656085803 500.0 901120
1783656086540 500.0 903168
1783656087182 481.3 905216
1783656087968 470.3 907264
1783656088784 470.3 909312
1783656089627 470.3 911360
1783656090574 470.3 913408
1783656091435 489.0 915456
1783656092259 500.0 917504
1783656093069 500.0 919552
1783656093875 500.0 921600
1783656094692 500.0 923648
1783656095536 500.0 925696
1783656096437 466.05 927744
1783656097174 466.05 929792
1783656097842 466.05 931840
1783656098664 466.05 933888
1783656099503 477.1 935936
1783656100288 473.2 937984
1783656101150 473.2 940032
1783656101908 473.2 942080
1783656102568 473.2 944128
1783656103373 468.75 946176
1783656104194 480.15 948224
1783656104995 480.15 950272
1783656105774 480.15 952320
1783656106610 480.15 954368
1783656107403 500.0 956416
1783656108208 500.0 958464
1783656108956 500.0 960512
1783656109691 483.9 962560
1783656110555 483.9 964608
1783656111374 483.9 966656
1783656112259 483.9 968704
1783656113060 483.9 970752
1783656113855 500.0 972800
1783656114636 500.0 974848
1783656115394 500.0 976896
1783656116195 500.0 978944
1783656117063 500.0 980992
1783656117932 500.0 983040
1783656118712 500.0 985088
1783656119477 500.0 987136
1783656120292 500.0 989184
1783656121094 479.5 991232
1783656121981 479.5 993280
1783656122802 479.5 995328
1783656123598 479.5 997376
1783656124323 479.5 999424
