1783655735248 -0.014004250489961123 2048
1783655736078 -0.011629541433649138 4096
1783655736955 -0.008137015076499665 6144
1783655737824 -0.010556113622442354 8192
1783655738696 -0.00974381609557895 10240
1783655739447 -0.008403301613725489 12288
1783655740284 -0.007460159649781417 14336
1783655741099 -0.008065554895438254 16384
1783655741871 -0.005926962883677334 18432
1783655742768 -0.00531913847225951 20480
1783655743615 -0.005493505741469562 22528
1783655744458 -0.0005053913628216833 24576
1783655745326 -0.0018437462094880175 26624
1783655746181 -0.0012354906721157022 28672
1783655747013 -0.002756489880994195 30720
1783655747831 -0.00011812242519226857 32768
1783655748640 -0.002450016047077952 34816
1783655749370 -0.0010209628962911665 36864
1783655750207 -0.003045365752768703 38912
1783655751098 0.0015268567403836641 40960
1783655751985 -0.002332922482310096 43008
1783655752853 -0.00020460946325329132 45056
1783655753581 0.0002108882945321966 47104
1783655754368 -0.00045423910523822997 49152
1783655755144 -0.0013212863050284795 51200
1783655756004 -0.00045134096944821067 53248
1783655756872 0.001119706910685636 55296
1783655757754 -0.0006105845277488697 57344
1783655758503 -0.00024830306210787967 59392
1783655759422 -0.0041369418177055195 61440
1783655760289 -0.00104598550387891 63488
1783655761129 -0.003828300305031007 65536
1783655762039 -0.0012512468128988985 67584
1783655762935 -0.001330612547462806 69632
1783655763882 -0.0009370930856675841 71680
1783655764701 0.000659202916722279 73728
1783655765537 -0.0007328296596824657 75776
1783655766425 -0.0029354962389334105 77824
1783655767249 -0.0021090742884553038 79872
1783655768076 -6.243738971534185e-05 81920
1783655768918 -0.002367285647778772 83968
1783655769741 -0.002204567106673494 86016
1783655770525 -0.0008620478547527455 88064
1783655771353 -0.0014627403616032097 90112
1783655772156 -0.0023268721415661275 92160
1783655772975 -0.0026312653062632307 94208
1783655773734 -0.005911161651965813 96256
1783655774513 -0.0013842560474586207 98304
1783655775322 -0.0040055034532997524 100352
1783655776141 -0.0010045220369647723 102400
1783655777038 -0.002752110729488777 104448
1783655777876 -0.0007205541769508272 106496
1783655778686 -0.00020204882821417414 108544
1783655779519 -0.00027723902167053893 110592
1783655780416 -0.003150825032207649 112640
1783655781233 -0.008835916603857186 114688
1783655782080 -0.0019342730956850573 116736
1783655782984 0.0007688036857871339 118784
1783655783781 -0.0015654281814931892 120832
1783655784556 0.0010549722319410648 122880
1783655785429 0.0008582135851611383 124928
1783655786278 -0.005375905711844098 126976
1783655787157 -5.329298437573016e-05 129024
1783655787961 0.0007367836478806566 131072
1783655788734 -0.0010000169786508195 133120
1783655789590 0.0002400192606728524 135168
1783655790465 0.0017877996797324158 137216
1783655791400 -0.0037193105308688246 139264
1783655792219 -0.00107248574931873 141312
1783655793087 -0.0019257330932305194 143360
1783655793991 -0.002952404582174495 145408
1783655794839 -0.00193848486742354 147456
1783655795704 -3.0155209969962016e-05 149504
1783655796563 -0.002748288410657551 151552
1783655797374 -0.003296654802397825 153600
1783655798203 -0.0022037380149413366 155648
1783655799027 -0.0011190971235919278 157696
1783655799863 -0.002613909760839306 159744
1783655800663 -0.0038994749229459558 161792
1783655801421 -0.0022142472844279837 163840
1783655802341 -0.0012432720577635337 165888
1783655803242 -0.0033646475239947904 167936
1783655804068 -0.004947846715367632 169984
1783655804928 -0.003982490408816375 172032
1783655805742 -0.005094857748190407 174080
1783655806567 -0.0005366173281800002 176128
1783655807447 -0.0012650767021114007 178176
1783655808351 -0.00011788562369474676 180224
1783655809169 -0.0004604152709362097 182272
1783655809998 -0.0008729711880732793 184320
1783655810835 -0.003500328071822878 186368
1783655811637 -0.00011446985809016041 188416
1783655812544 -0.00016306322868331335 190464
1783655813375 -0.0006248117751965765 192512
1783655814193 -0.002068662655801745 194560
1783655815058 -0.00011209045987925492 196608
1783655815939 -0.0009417954179298249 198656
1783655816780 -0.003436927992879646 200704
1783655817606 -0.001514965786554967 202752
1783655818502 -0.0005740244268963579 204800
1783655819355 -0.002673467512067873 206848
1783655820218 -0.0012633820842893329 208896
1783655821104 -0.0003186539724993054 210944
1783655821995 -0.002288823921844596 212992
1783655822846 -0.00012900815636385232 215040
1783655823610 -0.004843523489398649 217088
1783655824411 -2.917905294452794e-05 219136
1783655825132 -0.0041177741240971955 221184
1783655825840 0.00010415598626423161 223232
1783655826698 -0.0030426208104472607 225280
1783655827426 -0.0003006707411259413 227328
1783655828229 -0.001491996463300893 229376
1783655828964 0.00017592624499229714 231424
1783655829589 -0.001264951340999687 233472
1783655830370 -0.0009494686710240785 235520
1783655831108 -0.0007216562808025628 237568
1783655831883 -0.0028655447276833 239616
1783655832727 0.0006028487259754911 241664
1783655833503 -0.0009123883537540678 243712
1783655834289 -0.0005274448049021885 245760
1783655835075 -0.0014933895981812384 247808
1783655835860 -8.796312613412738e-05 249856
1783655836696 -0.0003606139580369927 251904
1783655837534 -0.0005962809154880233 253952
1783655838269 0.0006490429659606889 256000
1783655838955 -0.0034199736546725035 258048
1783655839651 -0.0018815412477124482 260096
1783655840408 -0.0011951057858823333 262144
1783655841127 -0.0019821162914013257 264192
1783655841857 -0.001964652619790286 266240
1783655842600 -0.0007536648590757977 268288
1783655843296 -0.0002451428626955021 270336
1783655844054 -0.0009797133534448221 272384
1783655844754 -0.0005490938128787093 274432
1783655845432 -0.001792283343093004 276480
1783655846163 -0.002374483236053493 278528
1783655846934 -0.00103196274721995 280576
1783655847652 -0.0006590390112251043 282624
1783655848372 -0.002032720614806749 284672
1783655849120 -0.0004112039823667146 286720
1783655849822 -0.0007506820511480328 288768
1783655850517 -0.0017335349293716718 290816
1783655851237 -0.0007039187476038933 292864
1783655852015 -0.0007734542668913491 294912
1783655852663 -0.0009736687388794962 296960
1783655853341 -0.004126687337702606 299008
1783655854076 7.81062408350408e-06 301056
1783655854799 -0.0010665446861821692 303104
1783655855592 0.0002488806676410604 305152
1783655856302 0.00024047783881542273 307200
1783655856985 -0.0006242958261282183 309248
1783655857725 0.0003395502135390416 311296
1783655858471 0.0002720289776334539 313344
1783655859190 -0.0002781484399747569 315392
1783655859969 -0.0004052295298606623 317440
1783655860711 -0.0054996611434035 319488
1783655861475 8.185794285964221e-05 321536
1783655862214 -0.0008818449641694315 323584
1783655862965 0.00019573474855860695 325632
1783655863718 -0.0017274431957048364 327680
1783655864457 -0.00036021897176397033 329728
1783655865107 8.565281859773677e-05 331776
1783655865857 -0.003953051647840766 333824
1783655866574 -0.0006483477518486325 335872
1783655867333 -0.0010154597293876577 337920
1783655868102 -0.001692160491074901 339968
1783655868901 -0.0019448604180070106 342016
1783655869689 -7.292347800103016e-05 344064
1783655870391 -0.001477757832617499 346112
1783655871231 1.9616531062638387e-05 348160
1783655872029 -0.0007643345597898588 350208
1783655872842 -0.0014467255650743027 352256
1783655873768 -3.214005846530199e-05 354304
1783655874685 -0.00023853319544286933 356352
1783655875470 -0.002659485260664951 358400
1783655876277 -0.001170132640254451 360448
1783655877097 -0.00020909967133775353 362496
1783655877913 -0.0009823350046644919 364544
1783655878685 -0.00028843960899394006 366592
1783655879516 -0.0005323872792359907 368640
1783655880263 -0.0021982671751175076 370688
1783655881137 -0.0008575482352171093 372736
1783655881990 -0.0021383394887379836 374784
1783655882803 -0.0012589477992150933 376832
1783655883610 -7.385068238363601e-05 378880
1783655884474 -0.0002960430192615604 380928
1783655885323 -0.0047786435097805224 382976
1783655886140 -0.0006138690150692128 385024
1783655886991 -0.0053149497198319295 387072
1783655887810 -0.0011849647089547943 389120
1783655888605 -0.006861939004011219 391168
1783655889360 -0.0024616424743726384 393216
1783655890159 -0.0011851583767565899 395264
1783655890959 -0.0017829318912845338 397312
1783655891767 -0.0015164356118475553 399360
1783655892512 -0.0017551853925397154 401408
1783655893286 -0.00048238699673675 403456
1783655894067 -0.0006288452386797871 405504
1783655894845 0.00016522070654900745 407552
1783655895650 -0.001060326918377541 409600
1783655896460 0.0005023194498789962 411648
1783655897274 -5.617002898361534e-06 413696
1783655898117 0.00018303002434549853 415744
1783655898950 -0.0014663040783489123 417792
1783655899732 -0.0006324760652205441 419840
1783655900437 -0.001125138773204526 421888
1783655901118 -0.0015232721234497149 423936
1783655901939 -0.0017256653627555352 425984
1783655902774 -0.007942948371237435 428032
1783655903711 -0.0011977697467955295 430080
1783655904573 -0.0004974187941115815 432128
1783655905380 -0.0031059753473527962 434176
1783655906284 -0.0008905288850655779 436224
1783655907091 -0.0015267835442500655 438272
1783655907976 -0.0025346181137138046 440320
1783655908748 -0.00035824632504954934 442368
1783655909467 -0.004604113884852268 444416
1783655910191 -0.0013677352962986333 446464
1783655910950 2.6423360395710915e-05 448512
1783655911693 -0.0005821018712595105 450560
1783655912512 -0.0010010969126597047 452608
1783655913368 0.0004362836843938567 454656
1783655914196 -0.00031562783624394797 456704
1783655914925 0.0003356932975293603 458752
1783655915682 -0.0028084479599783663 460800
1783655916507 -0.0002300648447999265 462848
1783655917315 -0.0010782238095998764 464896
1783655918110 -0.0012989754832233302 466944
1783655918926 -0.0010174411145271733 468992
1783655919717 -0.000279728712484939 471040
1783655920543 -0.0038906948357180227 473088
1783655921354 -0.0008962113515735837 475136
1783655922152 -0.002006763272220269 477184
1783655922999 -0.001158586183009902 479232
1783655923823 0.0006455076927522896 481280
1783655924653 0.00016121601220220327 483328
1783655925405 -0.0017377639414917212 485376
1783655926139 -5.1045701184193604e-05 487424
1783655926922 -0.003352069943503011 489472
1783655927761 -0.002024064255238045 491520
1783655928571 -0.00499697678242228 493568
1783655929370 0.00037559232077910565 495616
1783655930089 -0.0005161425506230444 497664
1783655930844 -9.407355901203118e-05 499712
1783655931623 -0.0011172951435582945 501760
1783655932366 -0.0018370950438111322 503808
1783655933036 -0.005363152664358495 505856
1783655933729 -0.0033742429404810537 507904
1783655934503 -0.003612049935327377 509952
1783655935258 -0.0017512799713585991 512000
1783655936054 -0.0059579500048130285 514048
1783655936868 -0.004389041092508705 516096
1783655937575 0.0005037871032982366 518144
1783655938380 -0.002464639241225086 520192
1783655939231 -0.0017678567382972687 522240
1783655939967 -0.00026138722023461014 524288
1783655940696 -0.0003913230248144828 526336
1783655941538 0.00011836192788905464 528384
1783655942360 -0.001771104201907292 530432
1783655943215 -0.003536453801643802 532480
1783655944045 -0.002007783459703205 534528
1783655944881 0.0002594197685539257 536576
1783655945736 -0.002166353453503689 538624
1783655946586 0.0003706976895045955 540672
1783655947370 -0.000652088663628092 542720
1783655948167 -0.0003050542509299703 544768
1783655949073 -0.0013486962016031612 546816
1783655949900 4.419634205987677e-05 548864
1783655950727 0.00035224466046201997 550912
1783655951559 -0.001510753543698229 552960
1783655952382 -0.0008167004980350612 555008
1783655953227 -0.0029483268517651595 557056
1783655954026 -0.0004690079622378107 559104
1783655954818 -0.0010612589849188225 561152
1783655955637 -0.0012838680740969721 563200
1783655956516 -0.0004778399561473634 565248
1783655957286 -0.0021051298135716934 567296
1783655958138 0.00018299177827429958 569344
1783655958892 -0.0018558150441094767 571392
1783655959667 -0.0017384103339281864 573440
1783655960469 -0.005528085210244171 575488
1783655961323 -0.001183169111754978 577536
1783655962096 -0.0005254538627923466 579584
1783655962883 -0.002000385899009416 581632
1783655963690 -0.0009247782909369562 583680
1783655964493 -0.003680136116599897 585728
1783655965234 -0.0002561819874244975 587776
1783655965918 -0.002479337501426926 589824
1783655966697 -0.0019066859895247035 591872
1783655967506 0.0003875667207466904 593920
1783655968233 -0.004860923789237859 595968
1783655968984 -0.0013819230043736752 598016
1783655969710 -0.003033613473235164 600064
1783655970451 -0.0009220693063980434 602112
1783655971205 -0.0007963002608448733 604160
1783655971996 0.0003134545077045914 606208
1783655972796 -0.0015451851722900756 608256
1783655973580 -0.003150890817778418 610304
1783655974392 -0.00035902274248655885 612352
1783655975162 -0.0005257375923974905 614400
1783655975928 -1.2311345926718786e-05 616448
1783655976714 -0.0002924908658314962 618496
1783655977494 0.00020896592832286842 620544
1783655978303 -0.00210540496482281 622592
1783655979104 -9.642315126257017e-05 624640
1783655979966 -0.0008678344638610724 626688
1783655980769 0.00041594150025048293 628736
1783655981557 -0.0016461131672258489 630784
1783655982361 -0.0035909512607759098 632832
1783655983182 -0.0007312906600418501 634880
1783655983984 -0.00426401715958491 636928
1783655984757 0.0002785875431072782 638976
1783655985613 -0.0009923575144057395 641024
1783655986402 0.0009669123446656158 643072
1783655987241 2.6600537239573896e-06 645120
1783655988012 -0.003221160499379039 647168
1783655988726 -0.0017286882684857119 649216
1783655989539 -0.0002762864860414993 651264
1783655990391 -0.0012008807570964564 653312
1783655991284 -0.0011359988602634985 655360
1783655992061 3.0055027309572324e-05 657408
1783655992852 0.00015334344789152965 659456
1783655993718 -0.0012955604179296643 661504
1783655994500 -0.0004723195233964361 663552
1783655995270 -0.001389366399962455 665600
1783655996057 -0.0021854736987734213 667648
1783655996887 -0.0026327031264372636 669696
1783655997733 -0.0032734368687670212 671744
1783655998468 -0.0024233228068624157 673792
1783655999259 -0.0006252359962672926 675840
1783656000113 -0.005284519647830166 677888
1783656000971 -0.0014782362013647798 679936
1783656001722 -0.0014669781921838876 681984
1783656002397 -0.0016952718360698782 684032
1783656003067 -0.0007454266233253293 686080
1783656003868 0.0009911021443258505 688128
1783656004595 -0.0014114832447376102 690176
1783656005293 -0.000888873721123673 692224
1783656006081 -0.002314603563718265 694272
1783656006933 -0.00031471404145122506 696320
1783656007700 -0.0016797293901618104 698368
1783656008451 -0.0017716156580718234 700416
1783656009287 0.0005700825422536582 702464
1783656010079 -0.0024702125338080805 704512
1783656010882 -0.0024856312666088343 706560
1783656011651 -0.00041103676630882546 708608
1783656012522 5.802688428957481e-05 710656
1783656013316 0.00016393127225455828 712704
1783656014095 -0.00012658700870815665 714752
1783656014921 0.0001629978432902135 716800
1783656015723 0.00035735249548451975 718848
1783656016515 -0.001982093326660106 720896
1783656017270 0.0008363633514818503 722944
1783656018069 0.0005830565933138132 724992
1783656018919 -0.0006323628549580462 727040
1783656019771 0.00015301876919693314 729088
1783656020520 -0.0018859695446735714 731136
1783656021329 -0.00043371452193241566 733184
1783656022047 -0.002886143913201522 735232
1783656022882 -0.001072570634278236 737280
1783656023661 -0.0016147910901054274 739328
1783656024418 -0.001355091040750267 741376
1783656025210 -0.00172468777600443 743424
1783656026057 -0.00646683949889848 745472
1783656026825 -0.00018369189638178796 747520
1783656027557 -0.0026247770256304648 749568
1783656028397 -0.0007089365572028328 751616
1783656029134 -0.004492909945838619 753664
1783656029965 0.00040225467455456965 755712
1783656030775 -0.0007427242089761421 757760
1783656031490 -0.0048477763448318 759808
1783656032279 -0.0009417674955329858 761856
1783656033157 -0.0014146100438665599 763904
1783656033906 -0.0022411172358260956 765952
1783656034690 -0.0008409742804360576 768000
1783656035537 -0.0012286064666113816 770048
1783656036391 -0.0017672572648734786 772096
1783656037252 -0.0004956749289704021 774144
1783656038039 -0.0004405488980410155 776192
1783656038782 -9.176137609756552e-05 778240
1783656039532 -0.00018873638691729866 780288
1783656040451 -0.00016415621939813718 782336
1783656041274 -0.0010262090690957848 784384
1783656042096 -0.0006158825781312771 786432
1783656042786 -0.0009505881789664272 788480
1783656043564 -0.00031376182232634164 790528
1783656044350 0.00015068939683260396 792576
1783656045097 -0.0040879416410462 794624
1783656045917 0.0006484865953098051 796672
1783656046677 -0.0012165516563982237 798720
1783656047363 0.00035218093398725614 800768
1783656048081 -0.0020642790477722883 802816
1783656048899 0.0002653352639754303 804864
1783656049621 -0.0004985982559446711 806912
1783656050426 -0.000790710182627663 808960
1783656051275 -0.00022475079276773613 811008
1783656052104 -0.0014243116238503717 813056
1783656052955 0.00019310464631416835 815104
1783656053754 -0.0010337446437915787 817152
1783656054543 -0.0007529668691859115 819200
1783656055353 -0.0004264118215360213 821248
1783656056134 -0.001401156321662711 823296
1783656056950 -0.0013001960978726856 825344
1783656057800 -0.0012211483553983271 827392
1783656058663 -0.0007022561949270312 829440
1783656059470 -0.0011326146304782014 831488
1783656060268 -0.0008045078902796376 833536
1783656061015 -0.0010166154097532853 835584
1783656061880 -0.0008132770672091283 837632
1783656062678 0.0001952039856405463 839680
1783656063460 0.00047292589806602336 841728
1783656064385 -0.002847699448466301 843776
1783656065158 -0.0004640384577214718 845824
1783656065840 -0.0007123591822164599 847872
1783656066553 -0.0008322411813423969 849920
1783656067297 -0.00032594888034509495 851968
1783656068113 1.990652526728809e-05 854016
1783656068945 -0.002035703999354155 856064
1783656069801 -0.0010454068797116634 858112
1783656070594 -0.001486351222411031 860160
1783656071322 -0.00046686418500030413 862208
1783656071971 0.00041699155553942546 864256
1783656072701 -0.0027624439317150973 866304
1783656073366 -0.0014253790868679062 868352
1783656074102 0.00022969327255850658 870400
1783656074765 -0.0001829033062676899 872448
1783656075521 2.2695665393257514e-05 874496
1783656076198 -0.0012224871534272097 876544
1783656076915 -4.8428159061586484e-05 878592
1783656077744 0.00039759821083862334 880640
1783656078534 -0.0008751114764891099 882688
1783656079261 -0.0014251147003960796 884736
1783656080139 -0.00047208182331814896 886784
1783656080945 0.00020651892555179074 888832
1783656081772 -0.0011105325356766116 890880
1783656082597 -0.0012515982925833669 892928
1783656083402 -0.0012719614533125423 894976
1783656084236 -0.0005383496572903823 897024
1783656085032 -0.0005769425551989116 899072
1783656085803 -0.0001309013932768721 901120
1783656086540 -0.0005248846318863798 903168
1783656087182 -0.0017784266674425453 905216
1783656087968 -0.0025372065319970716 907264
1783656088784 8.916751539800316e-06 909312
1783656089627 -0.0009890858382277656 911360
1783656090574 -0.0002707364546949975 913408
1783656091435 0.00016711319767637178 915456
1783656092259 -0.00013525417307391763 917504
1783656093069 -0.001677264619502239 919552
1783656093875 -0.00033478928889962845 921600
1783656094692 -0.002083449904603185 923648
1783656095536 0.0007136105705285445 925696
1783656096437 -0.005938660713582067 927744
1783656097174 6.254414620343596e-05 929792
1783656097842 -0.0008647487993584946 931840
1783656098664 -1.1780019121943042e-05 933888
1783656099503 -0.00348226342612179 935936
1783656100288 -0.003017754730535671 937984
1783656101150 -2.3790318664396182e-05 940032
1783656101908 -0.0035336880064278375 942080
1783656102568 -0.0029317513908608817 944128
1783656103373 -0.004343764121585991 946176
1783656104194 -0.0008142358201439492 948224
1783656104995 -0.0003256883464928251 950272
1783656105774 -0.00043983175964967813 952320
1783656106610 -0.0018672005317057483 954368
1783656107403 -0.00117830966701149 956416
1783656108208 -0.0008467220068268944 958464
1783656108956 -6.595879131054971e-05 960512
1783656109691 -0.002407934378425125 962560
1783656110555 -0.0013255728699732572 964608
1783656111374 -0.0004746986051031854 966656
1783656112259 0.00022346591867972165 968704
1783656113060 0.000617829409748083 970752
1783656113855 -0.0003069691520067863 972800
1783656114636 -0.0032418348018836696 974848
1783656115394 -0.0005611727610812522 976896
1783656116195 -0.0015182081770035438 978944
1783656117063 -0.0004695963980339002 980992
1783656117932 -0.00066203755341121 983040
1783656118712 5.062713353254367e-05 985088
1783656119477 0.0002735442394623533 987136
1783656120292 -0.0004703516933659557 989184
1783656121094 -0.0011995248351013288 991232
1783656121981 -0.0010468597065482754 993280
1783656122802 -0.0017927642147697043 995328
1783656123598 0.0003095051542914007 997376
1783656124323 -0.0005948207181063481 999424
