1783655735248 1999.843687860903 2048
1783655736078 2208.9246099090437 4096
1783655736955 2249.7578262616744 6144
1783655737824 2275.275039407057 8192
1783655738696 2289.9564974264854 10240
1783655739447 2352.4520072401665 12288
1783655740284 2365.6093002633347 14336
1783655741099 2383.0119890481874 16384
1783655741871 2410.366824020868 18432
1783655742768 2397.10310311964 20480
1783655743615 2398.797238932636 22528
1783655744458 2401.418438933803 24576
1783655745326 2398.164420538546 26624
1783655746181 2397.8571433727107 28672
1783655747013 2402.1253943612433 30720
1783655747831 2408.0967169370615 32768
1783655748640 2415.0884068175706 34816
1783655749370 2433.9352448029845 36864
1783655750207 2434.6390395709204 38912
1783655751098 2427.356108116564 40960
1783655751985 2421.470660603677 43008
1783655752853 2418.551398313582 45056
1783655753581 2433.3797409820777 47104
1783655754368 2440.0125889322476 49152
1783655755144 2447.433595891298 51200
1783655756004 2444.7645221092616 53248
1783655756872 2441.4887906725385 55296
1783655757754 2437.0401860367883 57344
1783655758503 2446.2405855624356 59392
1783655759422 2438.3179652529193 61440
1783655760289 2435.738977239054 63488
1783655761129 2435.8195211295483 65536
1783655762039 2429.805990561837 67584
1783655762935 2425.2792530528122 69632
1783655763882 2416.8561838797095 71680
1783655764701 2419.110610168974 73728
1783655765537 2419.972558034708 75776
1783655766425 2416.809638726633 77824
1783655767249 2418.5512435502465 79872
1783655768076 2419.9381978574565 81920
1783655768918 2420.278207679731 83968
1783655769741 2421.793705210941 86016
1783655770525 2425.9130671895687 88064
1783655771353 2426.988588610371 90112
1783655772156 2429.6259450652205 92160
1783655772975 2431.1169791040415 94208
1783655773734 2436.2468855985435 96256
1783655774513 2439.9835369449765 98304
1783655775322 2441.798576287915 100352
1783655776141 2442.907992701252 102400
1783655777038 2439.5599919539404 104448
1783655777876 2439.659231518968 106496
1783655778686 2441.2717354428687 108544
1783655779519 2441.5693798992397 110592
1783655780416 2438.5207567027273 112640
1783655781233 2439.7138716434465 114688
1783655782080 2439.2965194421627 116736
1783655782984 2436.1184597854053 118784
1783655783781 2438.2433162801735 120832
1783655784556 2441.3863417007965 122880
1783655785429 2439.7791037286183 124928
1783655786278 2439.3281870283226 126976
1783655787157 2437.5126257264574 129024
1783655787961 2439.13557651187 131072
1783655788734 2442.1212676598457 133120
1783655789590 2441.347983461957 135168
1783655790465 2439.7864825456395 137216
1783655791400 2435.717573486251 139264
1783655792219 2436.6072536217907 141312
1783655793087 2435.500352872786 143360
1783655793991 2432.9058874157913 145408
1783655794839 2432.6846821932745 147456
1783655795704 2431.7652504626367 149504
1783655796563 2431.107386826846 151552
1783655797374 2432.303657828595 153600
1783655798203 2432.7897003118933 155648
1783655799027 2433.479083138246 157696
1783655799863 2433.6916786285706 159744
1783655800663 2435.2084333488074 161792
1783655801421 2438.2160670501185 163840
1783655802341 2435.3452612245933 165888
1783655803242 2433.204655711649 167936
1783655804068 2433.761359479128 169984
1783655804928 2433.1286336882586 172032
1783655805742 2434.07938549587 174080
1783655806567 2434.627348507691 176128
1783655807447 2433.3259034726098 178176
1783655808351 2431.2755975536807 180224
1783655809169 2432.0637830038595 182272
1783655809998 2432.495397094336 184320
1783655810835 2432.6518794099056 186368
1783655811637 2433.9212661621673 188416
1783655812544 2431.8848176156366 190464
1783655813375 2432.213430019368 192512
1783655814193 2432.948507067418 194560
1783655815058 2432.242448377411 196608
1783655815939 2431.069744462581 198656
1783655816780 2431.131141965737 200704
1783655817606 2431.6163828353906 202752
1783655818502 2430.064094744004 204800
1783655819355 2429.7601016087096 206848
1783655820218 2429.184673862257 208896
1783655821104 2428.0046237186843 210944
1783655821995 2426.6852022757316 212992
1783655822846 2426.4811104761898 215040
1783655823610 2428.662048179806 217088
1783655824411 2429.7983020843167 219136
1783655825132 2433.0548303828537 221184
1783655825840 2436.5997936482413 223232
1783655826698 2436.1521092570024 225280
1783655827426 2439.080101879112 227328
1783655828229 2440.0420974988624 229376
1783655828964 2442.735289883897 231424
1783655829589 2448.1823849613584 233472
1783655830370 2449.5984750077628 235520
1783655831108 2452.092811154728 237568
1783655831883 2453.5938967308075 239616
1783655832727 2453.376498139921 241664
1783655833503 2454.8218808640204 243712
1783655834289 2455.994057916822 245760
1783655835075 2457.1583503015486 247808
1783655835860 2458.3422553616024 249856
1783655836696 2458.278474222413 251904
1783655837534 2458.1580072132056 253952
1783655838269 2460.4649515584897 256000
1783655838955 2463.910722569961 258048
1783655839651 2467.0697975844196 260096
1783655840408 2468.78095646474 262144
1783655841127 2471.3263429829344 264192
1783655841857 2473.5969414298024 266240
1783655842600 2475.519956319958 268288
1783655843296 2478.5054306618827 270336
1783655844054 2480.0553988598294 272384
1783655844754 2482.8818692494306 274432
1783655845432 2486.1624436286 276480
1783655846163 2488.2044730097045 278528
1783655846934 2489.372542052187 280576
1783655847652 2491.660777587539 282624
1783655848372 2493.8920542245073 284672
1783655849120 2495.4780484938324 286720
1783655849822 2498.0392390154598 288768
1783655850517 2500.7259558785004 290816
1783655851237 2502.8431971925984 292864
1783655852015 2503.6846445112556 294912
1783655852663 2507.285038206369 296960
1783655853341 2510.20998352823 299008
1783655854076 2511.893315543838 301056
1783655854799 2513.8247316817406 303104
1783655855592 2514.2624187988577 305152
1783655856302 2516.429949562157 307200
1783655856985 2519.1163598959283 309248
1783655857725 2520.5979738823303 311296
1783655858471 2521.942280683991 313344
1783655859190 2523.8263831642043 315392
1783655859969 2524.473791828211 317440
1783655860711 2525.8523273745177 319488
1783655861475 2526.775859990786 321536
1783655862214 2528.2046784165177 323584
1783655862965 2529.354090868278 325632
1783655863718 2530.457422859986 327680
1783655864457 2531.837629322964 329728
1783655865107 2534.912453908154 331776
1783655865857 2536.021527981332 333824
1783655866574 2537.7564914070144 335872
1783655867333 2538.663575881649 337920
1783655868102 2539.3860626413866 339968
1783655868901 2539.5189152324992 342016
1783655869689 2539.8772788383417 344064
1783655870391 2541.8228851415047 346112
1783655871231 2541.175461984144 348160
1783655872029 2541.326850386377 350208
1783655872842 2541.2063210437846 352256
1783655873768 2539.0118317601627 354304
1783655874685 2537.017091904948 356352
1783655875470 2537.4081433534284 358400
1783655876277 2537.419596976239 360448
1783655877097 2537.186901716062 362496
1783655877913 2537.028196826921 364544
1783655878685 2537.6467634526593 366592
1783655879516 2537.2339772663518 368640
1783655880263 2538.2802355628323 370688
1783655881137 2537.121014571809 372736
1783655881990 2536.3364671940853 374784
1783655882803 2536.244493558676 376832
1783655883610 2536.2484873723743 378880
1783655884474 2535.2958689386614 380928
1783655885323 2534.607428672158 382976
1783655886140 2534.4482047646097 385024
1783655886991 2533.739123215273 387072
1783655887810 2533.570668478917 389120
1783655888605 2533.781176874761 391168
1783655889360 2534.6509736672106 393216
1783655890159 2534.797176084758 395264
1783655890959 2534.9323441414917 397312
1783655891767 2534.921901087952 399360
1783655892512 2535.9279390083448 401408
1783655893286 2536.467572469917 403456
1783655894067 2536.8902204789356 405504
1783655894845 2537.3515631435025 407552
1783655895650 2537.3847361868166 409600
1783655896460 2537.3394812269785 411648
1783655897274 2537.2354583605634 413696
1783655898117 2536.6803062697804 415744
1783655898950 2536.280740238585 417792
1783655899732 2536.6776078812745 419840
1783655900437 2538.2364068683974 421888
1783655901118 2540.1518679385485 423936
1783655901939 2539.9311408268077 425984
1783655902774 2539.490964831823 428032
1783655903711 2537.541223148635 430080
1783655904573 2536.715302389546 432128
1783655905380 2536.7283593370867 434176
1783655906284 2535.302753457695 436224
1783655907091 2535.3133754179767 438272
1783655907976 2534.1852471536 440320
1783655908748 2534.71472075963 442368
1783655909467 2536.0035906785324 444416
1783655910191 2537.19863578475 446464
1783655910950 2537.894819216731 448512
1783655911693 2538.8125232920493 450560
1783655912512 2538.631596197949 452608
1783655913368 2537.9301011133516 454656
1783655914196 2537.6389613599404 456704
1783655914925 2538.731470719149 458752
1783655915682 2539.4237795382187 460800
1783655916507 2539.1717684159776 462848
1783655917315 2539.155629875404 464896
1783655918110 2539.3074198727936 466944
1783655918926 2539.187967656831 468992
1783655919717 2539.3889789000477 471040
1783655920543 2539.135463751718 473088
1783655921354 2539.0753577282567 475136
1783655922152 2539.186557108801 477184
1783655922999 2538.64354358195 479232
1783655923823 2538.4150468455605 481280
1783655924653 2538.103269002343 483328
1783655925405 2538.8230877964616 485376
1783655926139 2539.7872738919964 487424
1783655926922 2540.1055777773404 489472
1783655927761 2539.668964342976 491520
1783655928571 2539.6229435076134 493568
1783655929370 2539.7210039118877 495616
1783655930089 2540.857505209356 497664
1783655930844 2541.5124772956906 499712
1783655931623 2541.8556089191948 501760
1783655932366 2542.6567135358832 503808
1783655933036 2544.387900690256 505856
1783655933729 2545.8166946300885 507904
1783655934503 2546.213255740166 509952
1783655935258 2546.828042352169 512000
1783655936054 2546.933591166829 514048
1783655936868 2546.8169119808877 516096
1783655937575 2548.0246476607194 518144
1783655938380 2548.0148943819254 520192
1783655939231 2547.419504297522 522240
1783655939967 2548.271493223073 524288
1783655940696 2549.186214454219 526336
1783655941538 2548.7146051047375 528384
1783655942360 2548.4912971832077 530432
1783655943215 2547.8559402214555 532480
1783655944045 2547.5413788774204 534528
1783655944881 2547.149603211636 536576
1783655945736 2546.545129497558 538624
1783655946586 2545.9894826400764 540672
1783655947370 2546.2416022562525 542720
1783655948167 2546.3228524393826 544768
1783655949073 2545.117220094415 546816
1783655949900 2544.858511613289 548864
1783655950727 2544.590300903026 550912
1783655951559 2544.2781235012053 552960
1783655952382 2544.0649415113007 555008
1783655953227 2543.599385602764 557056
1783655954026 2543.667032663831 559104
1783655954818 2543.822498957455 561152
1783655955637 2543.6660252903976 563200
1783655956516 2542.812217357825 565248
1783655957286 2543.2236404584473 567296
1783655958138 2542.6905076842104 569344
1783655958892 2543.275083089882 571392
1783655959667 2543.6159246751627 573440
1783655960469 2543.6463439632603 575488
1783655961323 2543.107967761299 577536
1783655962096 2543.4676035184507 579584
1783655962883 2543.6635892391073 581632
1783655963690 2543.649524151414 583680
1783655964493 2543.671952155187 585728
1783655965234 2544.3761362813625 587776
1783655965918 2545.7052378817134 589824
1783655966697 2545.9811820210202 591872
1783655967506 2545.930309866453 593920
1783655968233 2546.77747661668 595968
1783655968984 2547.3455910180123 598016
1783655969710 2548.191630402394 600064
1783655970451 2548.869362954764 602112
1783655971205 2549.403593009425 604160
1783655971996 2549.533620608738 606208
1783655972796 2549.57446344889 608256
1783655973580 2549.7786747287814 610304
1783655974392 2549.6849471104438 612352
1783655975162 2550.0283148809904 614400
1783655975928 2550.421522405259 616448
1783655976714 2550.6053422279083 618496
1783655977494 2550.8482330809406 620544
1783655978303 2550.7816217668274 622592
1783655979104 2550.795766577753 624640
1783655979966 2550.1911817775986 626688
1783655980769 2550.1835497583834 628736
1783655981557 2550.3428464490958 630784
1783655982361 2550.3305499552976 632832
1783655983182 2550.149627350048 634880
1783655983984 2550.1580992474405 636928
1783655984757 2550.463823226913 638976
1783655985613 2549.9305803965667 641024
1783655986402 2550.0707479114203 643072
1783655987241 2549.7097313370514 645120
1783655988012 2550.031849216285 647168
1783655988726 2550.9258797207767 649216
1783655989539 2550.8220774130054 651264
1783655990391 2550.3340770310847 653312
1783655991284 2549.447647211923 655360
1783655992061 2549.701761832838 657408
1783655992852 2549.8234543916587 659456
1783655993718 2549.203720345556 661504
1783655994500 2549.417664833291 663552
1783655995270 2549.743863024154 665600
1783655996057 2549.9024333431967 667648
1783655996887 2549.635323556281 669696
1783655997733 2549.2238769908213 671744
1783655998468 2549.888666168491 673792
1783655999259 2550.0015581602397 675840
1783656000113 2549.515133504941 677888
1783656000971 2548.9962559855408 679936
1783656001722 2549.4951750734776 681984
1783656002397 2550.7162518493947 684032
1783656003067 2551.9741640075727 686080
1783656003868 2551.986443393657 688128
1783656004595 2552.7013705052495 690176
1783656005293 2553.686337603787 692224
1783656006081 2553.8139134664884 694272
1783656006933 2553.3478262410545 696320
1783656007700 2553.6702263974366 698368
1783656008451 2554.143438325001 700416
1783656009287 2553.833411397221 702464
1783656010079 2553.9248212759317 704512
1783656010882 2553.9113428195974 706560
1783656011651 2554.2157342422165 708608
1783656012522 2553.582307661374 710656
1783656013316 2553.6501592991217 712704
1783656014095 2553.866940008751 714752
1783656014921 2553.640835809264 716800
1783656015723 2553.645172379997 718848
1783656016515 2553.7334388503 720896
1783656017270 2554.158083699269 722944
1783656018069 2554.1812385349085 724992
1783656018919 2553.753206636765 727040
1783656019771 2553.3031236519696 729088
1783656020520 2553.777246830435 731136
1783656021329 2553.7104663616697 733184
1783656022047 2554.4598116250363 735232
1783656022882 2554.161448139096 737280
1783656023661 2554.3701564703115 739328
1783656024418 2554.7622196255834 741376
1783656025210 2554.8487992888577 743424
1783656026057 2554.45087528512 745472
1783656026825 2554.737700792955 747520
1783656027557 2555.345149924575 749568
1783656028397 2555.0152022175275 751616
1783656029134 2555.5753093676203 753664
1783656029965 2555.314305950511 755712
1783656030775 2555.2402327883624 757760
1783656031490 2555.9829965735858 759808
1783656032279 2556.0906586670503 761856
1783656033157 2555.433299037764 763904
1783656033906 2555.8797837842544 765952
1783656034690 2556.0303715518794 768000
1783656035537 2555.6386349398526 770048
1783656036391 2555.196249880741 772096
1783656037252 2554.693440858006 774144
1783656038039 2554.8168018941597 776192
1783656038782 2555.3131318074406 778240
1783656039532 2555.738368214547 780288
1783656040451 2554.7592773595757 782336
1783656041274 2554.5831988011532 784384
1783656042096 2554.4147455891075 786432
1783656042786 2555.3374887692926 788480
1783656043564 2555.528340537532 790528
1783656044350 2555.6553632128443 792576
1783656045097 2556.1027940379927 794624
1783656045917 2555.9517530335615 796672
1783656046677 2556.287185639256 798720
1783656047363 2557.2246990766125 800768
1783656048081 2557.9072981122918 802816
1783656048899 2557.766029165348 804864
1783656049621 2558.402217177654 806912
1783656050426 2558.3653544055705 808960
1783656051275 2557.974108688328 811008
1783656052104 2557.743183936362 813056
1783656052955 2557.3378249504362 815104
1783656053754 2557.356958533813 817152
1783656054543 2557.4522279935377 819200
1783656055353 2557.3811764993757 821248
1783656056134 2557.537960662769 823296
1783656056950 2557.411474311324 825344
1783656057800 2557.023671786585 827392
1783656058663 2556.539356967023 829440
1783656059470 2556.4908496082853 831488
1783656060268 2556.5142698234995 833536
1783656061015 2556.934774170834 835584
1783656061880 2556.4357870374183 837632
1783656062678 2556.46281931619 839680
1783656063460 2556.606489368983 841728
1783656064385 2555.6466488701053 843776
1783656065158 2555.8667743339515 845824
1783656065840 2556.788963088557 847872
1783656066553 2557.46197264491 849920
1783656067297 2557.9020676518408 851968
1783656068113 2557.7866874133524 854016
1783656068945 2557.547824526184 856064
1783656069801 2557.125468875151 858112
1783656070594 2557.180265965869 860160
1783656071322 2557.734053397025 862208
1783656071971 2558.8823468789647 864256
1783656072701 2559.4159139415424 866304
1783656073366 2560.4354710137745 868352
1783656074102 2560.9221424215916 870400
1783656074765 2561.9498849104557 872448
1783656075521 2562.269760439362 874496
1783656076198 2563.187022023449 876544
1783656076915 2563.7995756087 878592
1783656077744 2563.580463226575 880640
1783656078534 2563.6397157899046 882688
1783656079261 2564.178639174697 884736
1783656080139 2563.5927386043754 886784
1783656080945 2563.5349069520807 888832
1783656081772 2563.331398065646 890880
1783656082597 2563.138071083891 892928
1783656083402 2563.0933279747965 894976
1783656084236 2562.8366264227143 897024
1783656085032 2562.8616231246074 899072
1783656085803 2563.065103953151 901120
1783656086540 2563.5188552893505 903168
1783656087182 2564.6580226423084 905216
1783656087968 2564.7490615359293 907264
1783656088784 2564.6194714584412 909312
1783656089627 2564.3001410203074 911360
1783656090574 2563.2323881568796 913408
1783656091435 2562.7854871843433 915456
1783656092259 2562.6101891772987 917504
1783656093069 2562.5352119450004 919552
1783656093875 2562.4835828520922 921600
1783656094692 2562.3608358054257 923648
1783656095536 2562.0434472092657 925696
1783656096437 2561.3223525254243 927744
1783656097174 2561.7630317729463 929792
1783656097842 2562.6877201637344 931840
1783656098664 2562.5274463195333 933888
1783656099503 2562.251343034688 935936
1783656100288 2562.3491513491417 937984
1783656101150 2561.9109328362865 940032
1783656101908 2562.2034246779126 942080
1783656102568 2563.170158013185 944128
1783656103373 2563.126216043703 946176
1783656104194 2562.9747006590023 948224
1783656104995 2562.9620907359636 950272
1783656105774 2563.098326186352 952320
1783656106610 2562.845259207467 954368
1783656107403 2562.890565122123 956416
1783656108208 2562.8506035105474 958464
1783656108956 2563.198641645228 960512
1783656109691 2563.6368745769632 962560
1783656110555 2563.1930682055804 964608
1783656111374 2563.0547883240774 966656
1783656112259 2562.4709428039473 968704
1783656113060 2562.4588487011783 970752
1783656113855 2562.485309370719 972800
1783656114636 2562.613041284726 974848
1783656115394 2562.8871081368375 976896
1783656116195 2562.8766161193334 978944
1783656117063 2562.410803991042 980992
1783656117932 2561.949377370074 983040
1783656118712 2562.0744897526265 985088
1783656119477 2562.307785091512 987136
1783656120292 2562.201323457582 989184
1783656121094 2562.185930123446 991232
1783656121981 2561.6045842856433 993280
1783656122802 2561.4612617403873 995328
1783656123598 2561.4854090313183 997376
1783656124323 2561.9747862778045 999424
