1783655735248 41.396192997694016 2048
1783655736078 38.00974449515343 4096
1783655736955 34.47153523564339 6144
1783655737824 33.79473130404949 8192
1783655738696 40.95457722246647 10240
1783655739447 48.70646408200264 12288
1783655740284 52.505964919924736 14336
1783655741099 52.282599955797195 16384
1783655741871 51.46463629603386 18432
1783655742768 51.87911322712898 20480
1783655743615 51.9562623500824 22528
1783655744458 48.3550088852644 24576
1783655745326 44.9711057394743 26624
1783655746181 47.1678661108017 28672
1783655747013 51.37997668981552 30720
1783655747831 47.16171154379845 32768
1783655748640 50.24071151018143 34816
1783655749370 50.72712689638138 36864
1783655750207 58.774430841207504 38912
1783655751098 61.056786850094795 40960
1783655751985 63.63678780198097 43008
1783655752853 50.428540125489235 45056
1783655753581 36.715489849448204 47104
1783655754368 29.969419330358505 49152
1783655755144 43.357629634439945 51200
1783655756004 62.720553159713745 53248
1783655756872 58.92575695365667 55296
1783655757754 96.8123567700386 57344
1783655758503 66.21942191570997 59392
1783655759422 57.782363429665565 61440
1783655760289 54.801015704870224 63488
1783655761129 53.128625355660915 65536
1783655762039 49.59634831547737 67584
1783655762935 65.39824068173766 69632
1783655763882 85.6345192193985 71680
1783655764701 94.29811273515224 73728
1783655765537 101.71785604953766 75776
1783655766425 90.86173598468304 77824
1783655767249 106.68611815571785 79872
1783655768076 79.63839230686426 81920
1783655768918 88.49791760742664 83968
1783655769741 87.00699508190155 86016
1783655770525 105.0279820561409 88064
1783655771353 61.73474761098623 90112
1783655772156 54.150575555860996 92160
1783655772975 74.44570824503899 94208
1783655773734 75.3952305316925 96256
1783655774513 46.54139411076903 98304
1783655775322 50.329650204628706 100352
1783655776141 57.93476317077875 102400
1783655777038 60.17861441522837 104448
1783655777876 61.01264359802008 106496
1783655778686 83.62324077636003 108544
1783655779519 72.28400982171297 110592
1783655780416 90.08564300835133 112640
1783655781233 91.97446041554213 114688
1783655782080 70.21067423000932 116736
1783655782984 90.9715416431427 118784
1783655783781 79.98092913627625 120832
1783655784556 89.83740232139826 122880
1783655785429 88.9238321185112 124928
1783655786278 97.53867405653 126976
1783655787157 77.04204581677914 129024
1783655787961 67.56606706231833 131072
1783655788734 87.96959868818521 133120
1783655789590 57.72988296300173 135168
1783655790465 69.00010211765766 137216
1783655791400 69.73774830251932 139264
1783655792219 49.0072875674814 141312
1783655793087 60.8958930298686 143360
1783655793991 74.64649765193462 145408
1783655794839 71.55934691429138 147456
1783655795704 48.25374882668257 149504
1783655796563 52.29213026538491 151552
1783655797374 62.89996783807874 153600
1783655798203 63.81397284567356 155648
1783655799027 75.61190273240209 157696
1783655799863 63.43499545753002 159744
1783655800663 63.87342496216297 161792
1783655801421 52.35893540084362 163840
1783655802341 65.1518424525857 165888
1783655803242 53.16027601994574 167936
1783655804068 66.13842218369246 169984
1783655804928 66.31241340190172 172032
1783655805742 66.38315869495273 174080
1783655806567 54.07946640625596 176128
1783655807447 67.06139489635825 178176
1783655808351 54.60416763648391 180224
1783655809169 55.07970887795091 182272
1783655809998 55.475230345502496 184320
1783655810835 55.81607007980347 186368
1783655811637 55.91063159331679 188416
1783655812544 56.239782113581896 190464
1783655813375 66.56172139942646 192512
1783655814193 65.30175921320915 194560
1783655815058 55.257295805960894 196608
1783655815939 55.67867365851998 198656
1783655816780 40.80159302800894 200704
1783655817606 50.14734157547355 202752
1783655818502 57.50848475843668 204800
1783655819355 71.8240293264389 206848
1783655820218 56.57112544029951 208896
1783655821104 55.81212966144085 210944
1783655821995 57.180389650166035 212992
1783655822846 57.71826860308647 215040
1783655823610 68.06241705268621 217088
1783655824411 57.01849504932761 219136
1783655825132 56.96259256824851 221184
1783655825840 42.61217853613198 223232
1783655826698 55.90075027011335 225280
1783655827426 57.415709152817726 227328
1783655828229 60.06075195595622 229376
1783655828964 54.797847313806415 231424
1783655829589 58.324320055544376 233472
1783655830370 70.80505783110857 235520
1783655831108 58.309856444597244 237568
1783655831883 57.84082561172545 239616
1783655832727 57.96948353946209 241664
1783655833503 58.052151940763 243712
1783655834289 57.955040615051985 245760
1783655835075 70.18934177979827 247808
1783655835860 57.482805363833904 249856
1783655836696 57.53607140108943 251904
1783655837534 57.473774744197726 253952
1783655838269 70.34719005972147 256000
1783655838955 55.11767117679119 258048
1783655839651 70.68751281499863 260096
1783655840408 54.82341938465834 262144
1783655841127 80.9178325086832 264192
1783655841857 56.168000128120184 266240
1783655842600 56.59915217384696 268288
1783655843296 56.75985960662365 270336
1783655844054 57.12080499343574 272384
1783655844754 70.5602219067514 274432
1783655845432 56.87258361838758 276480
1783655846163 57.03106374293566 278528
1783655846934 56.35292640142143 280576
1783655847652 57.4902938939631 282624
1783655848372 69.53759207203984 284672
1783655849120 57.62494296953082 286720
1783655849822 71.1246026866138 288768
1783655850517 57.42408945411444 290816
1783655851237 57.59312056005001 292864
1783655852015 71.2509560212493 294912
1783655852663 56.22642619907856 296960
1783655853341 56.95970940962434 299008
1783655854076 67.94373374059796 301056
1783655854799 62.99750469997525 303104
1783655855592 56.76783148571849 305152
1783655856302 65.6663885563612 307200
1783655856985 56.57108793593943 309248
1783655857725 57.151555731892586 311296
1783655858471 57.572661120444536 313344
1783655859190 57.798870239406824 315392
1783655859969 57.64111542329192 317440
1783655860711 94.74584008008242 319488
1783655861475 54.40165177732706 321536
1783655862214 63.85851261019707 323584
1783655862965 54.51195598393679 325632
1783655863718 50.039922032505274 327680
1783655864457 52.73149944283068 329728
1783655865107 65.66648611426353 331776
1783655865857 52.76739275455475 333824
1783655866574 58.645044673234224 335872
1783655867333 58.49223258346319 337920
1783655868102 57.237352564930916 339968
1783655868901 51.5491724088788 342016
1783655869689 66.75229390710592 344064
1783655870391 56.9333013985306 346112
1783655871231 58.656986743211746 348160
1783655872029 58.08612092025578 350208
1783655872842 58.579398065805435 352256
1783655873768 58.71919964067638 354304
1783655874685 58.7252045404166 356352
1783655875470 58.41702966764569 358400
1783655876277 58.29437998868525 360448
1783655877097 68.88457722216845 362496
1783655877913 57.727432265877724 364544
1783655878685 57.85639410093427 366592
1783655879516 56.83701232820749 368640
1783655880263 70.4566840082407 370688
1783655881137 55.67736957594752 372736
1783655881990 57.55065916851163 374784
1783655882803 67.63735180348158 376832
1783655883610 54.08421599492431 378880
1783655884474 69.07832451537251 380928
1783655885323 56.188482880592346 382976
1783655886140 57.91863228753209 385024
1783655886991 57.25638232752681 387072
1783655887810 58.83003297075629 389120
1783655888605 104.11456944048405 391168
1783655889360 57.02232549712062 393216
1783655890159 57.135995380580425 395264
1783655890959 64.88430884480476 397312
1783655891767 66.34957652539015 399360
1783655892512 57.19967847317457 401408
1783655893286 71.57055102288723 403456
1783655894067 58.05464310199022 405504
1783655894845 58.27548694610596 407552
1783655895650 58.1784907002002 409600
1783655896460 58.10442087426782 411648
1783655897274 58.141946628689766 413696
1783655898117 58.10016620717943 415744
1783655898950 70.85731394588947 417792
1783655899732 56.96066948398948 419840
1783655900437 57.687926622107625 421888
1783655901118 57.74685896374285 423936
1783655901939 57.69114012271166 425984
1783655902774 124.88031288981438 428032
1783655903711 56.11209089308977 430080
1783655904573 50.270990297198296 432128
1783655905380 67.17449999973178 434176
1783655906284 56.19315022602677 436224
1783655907091 53.32074050232768 438272
1783655907976 54.60191326588392 440320
1783655908748 55.2262223996222 442368
1783655909467 63.78107525035739 444416
1783655910191 55.04375081509352 446464
1783655910950 55.653747856616974 448512
1783655911693 55.569295570254326 450560
1783655912512 55.43121219240129 452608
1783655913368 56.28525198251009 454656
1783655914196 69.53014085069299 456704
1783655914925 55.83788437396288 458752
1783655915682 55.94199973158538 460800
1783655916507 54.804965276271105 462848
1783655917315 57.0836456567049 464896
1783655918110 55.9661327265203 466944
1783655918926 57.660094710066915 468992
1783655919717 56.73978198133409 471040
1783655920543 55.261881997808814 473088
1783655921354 56.06022603996098 475136
1783655922152 55.549675434827805 477184
1783655922999 59.85867376625538 479232
1783655923823 43.60833826288581 481280
1783655924653 46.153404626995325 483328
1783655925405 37.952967358753085 485376
1783655926139 40.820767141878605 487424
1783655926922 21.45907505787909 489472
1783655927761 26.587630819529295 491520
1783655928571 21.475276770070195 493568
1783655929370 24.392999909818172 495616
1783655930089 25.728197592310607 497664
1783655930844 27.955721789970994 499712
1783655931623 22.493558084592223 501760
1783655932366 18.174251067452133 503808
1783655933036 14.424845663830638 505856
1783655933729 17.883200709708035 507904
1783655934503 15.040166292339563 509952
1783655935258 36.046131054870784 512000
1783655936054 24.9430646430701 514048
1783655936868 60.708814684301615 516096
1783655937575 47.32182432897389 518144
1783655938380 48.487426137551665 520192
1783655939231 59.05026152357459 522240
1783655939967 66.32470804080367 524288
1783655940696 76.40424847602844 526336
1783655941538 63.73656549677253 528384
1783655942360 63.68325327336788 530432
1783655943215 51.99877907708287 532480
1783655944045 61.26056529767811 534528
1783655944881 60.90088925883174 536576
1783655945736 62.743960386142135 538624
1783655946586 60.013350531458855 540672
1783655947370 57.32154100947082 542720
1783655948167 60.59177572838962 544768
1783655949073 63.102120108902454 546816
1783655949900 60.23376813158393 548864
1783655950727 61.09419071674347 550912
1783655951559 56.72054349631071 552960
1783655952382 60.41783877648413 555008
1783655953227 59.17929282411933 557056
1783655954026 72.42959697172046 559104
1783655954818 59.957385782152414 561152
1783655955637 59.51638270355761 563200
1783655956516 57.57609919831157 565248
1783655957286 57.92745277285576 567296
1783655958138 69.27753645926714 569344
1783655958892 56.60951605439186 571392
1783655959667 53.957181598991156 573440
1783655960469 57.43872943520546 575488
1783655961323 60.21099088899791 577536
1783655962096 60.126987194642425 579584
1783655962883 60.07117296755314 581632
1783655963690 58.532808016985655 583680
1783655964493 59.378701163455844 585728
1783655965234 58.784684566780925 587776
1783655965918 58.66456848755479 589824
1783655966697 68.7858052123338 591872
1783655967506 55.90333285368979 593920
1783655968233 96.23981937766075 595968
1783655968984 65.20630371198058 598016
1783655969710 68.14843561127782 600064
1783655970451 54.96687339246273 602112
1783655971205 53.681349489837885 604160
1783655971996 63.91024843417108 606208
1783655972796 56.896118093281984 608256
1783655973580 55.42081200517714 610304
1783655974392 55.866193080320954 612352
1783655975162 56.932246970012784 614400
1783655975928 56.963660676032305 616448
1783655976714 57.349604124203324 618496
1783655977494 57.66833746060729 620544
1783655978303 71.20788696035743 622592
1783655979104 57.14043730869889 624640
1783655979966 57.56282362528145 626688
1783655980769 57.69371836259961 628736
1783655981557 57.036078782752156 630784
1783655982361 69.48581712692976 632832
1783655983182 56.72840667888522 634880
1783655983984 74.89836037904024 636928
1783655984757 56.7771819550544 638976
1783655985613 56.69953675195575 641024
1783655986402 56.47192009538412 643072
1783655987241 57.21215989254415 645120
1783655988012 69.71245301887393 647168
1783655988726 55.75037731602788 649216
1783655989539 56.46399610303342 651264
1783655990391 70.26798643544316 653312
1783655991284 56.90406296774745 655360
1783655992061 57.27526446990669 657408
1783655992852 70.42672343924642 659456
1783655993718 56.309199914336205 661504
1783655994500 56.759990602731705 663552
1783655995270 69.3348378278315 665600
1783655996057 56.23015722259879 667648
1783655996887 67.34801686555147 669696
1783655997733 55.511989541351795 671744
1783655998468 62.9541235268116 673792
1783655999259 55.10416485182941 675840
1783656000113 55.43229681625962 677888
1783656000971 69.10941576957703 679936
1783656001722 54.092608731240034 681984
1783656002397 57.71825650706887 684032
1783656003067 56.46935351379216 686080
1783656003868 58.62380677089095 688128
1783656004595 68.41741674393415 690176
1783656005293 57.082967825233936 692224
1783656006081 55.299336006864905 694272
1783656006933 58.77172524295747 696320
1783656007700 58.670314222574234 698368
1783656008451 58.99197404459119 700416
1783656009287 72.68281083740294 702464
1783656010079 58.515854217112064 704512
1783656010882 57.01419274136424 706560
1783656011651 58.3109882324934 708608
1783656012522 58.01488561555743 710656
1783656013316 58.29303735308349 712704
1783656014095 57.81611776351929 714752
1783656014921 57.76915393024683 716800
1783656015723 58.8788498416543 718848
1783656016515 58.77685717865825 720896
1783656017270 58.872284963727 722944
1783656018069 60.86129671148956 724992
1783656018919 59.05294605344534 727040
1783656019771 59.03983002528548 729088
1783656020520 71.97375475615263 731136
1783656021329 58.232824141159654 733184
1783656022047 71.40191508829594 735232
1783656022882 57.34269215352833 737280
1783656023661 57.51006018742919 739328
1783656024418 57.80242660269141 741376
1783656025210 70.5678684040904 743424
1783656026057 62.999131839722395 745472
1783656026825 56.93747232668102 747520
1783656027557 56.98571649938822 749568
1783656028397 56.68844059482217 751616
1783656029134 58.02369352243841 753664
1783656029965 58.197947861626744 755712
1783656030775 70.97799178212881 757760
1783656031490 67.22504175454378 759808
1783656032279 56.87708416953683 761856
1783656033157 56.8947635833174 763904
1783656033906 56.353587444871664 765952
1783656034690 56.45861869677901 768000
1783656035537 50.92694713547826 770048
1783656036391 57.896882032975554 772096
1783656037252 56.79541994072497 774144
1783656038039 55.31702324561775 776192
1783656038782 53.05247524380684 778240
1783656039532 51.98314803466201 780288
1783656040451 70.24353303387761 782336
1783656041274 50.57509705424309 784384
1783656042096 52.40556965395808 786432
1783656042786 57.21384545043111 788480
1783656043564 55.62463242188096 790528
1783656044350 56.14768033288419 792576
1783656045097 53.23306270502508 794624
1783656045917 53.26057945564389 796672
1783656046677 55.35220020823181 798720
1783656047363 55.30320783518255 800768
1783656048081 70.36344998702407 802816
1783656048899 61.170191023498774 804864
1783656049621 59.92435587383807 806912
1783656050426 57.87964430823922 808960
1783656051275 59.38060828112066 811008
1783656052104 56.554160606116056 813056
1783656052955 58.590418100357056 815104
1783656053754 69.34408101066947 817152
1783656054543 59.21097147092223 819200
1783656055353 59.28839261084795 821248
1783656056134 73.78205429017544 823296
1783656056950 55.48837646469474 825344
1783656057800 57.96844481676817 827392
1783656058663 57.52208161726594 829440
1783656059470 59.82600463181734 831488
1783656060268 73.04778775200248 833536
1783656061015 59.128322249278426 835584
1783656061880 58.6517013926059 837632
1783656062678 58.824430733919144 839680
1783656063460 58.37317349947989 841728
1783656064385 57.374849958345294 843776
1783656065158 58.29992849379778 845824
1783656065840 57.949024230241776 847872
1783656066553 58.98853078298271 849920
1783656067297 74.3571801148355 851968
1783656068113 58.09519755654037 854016
1783656068945 58.03809363767505 856064
1783656069801 56.92297500744462 858112
1783656070594 56.16793180257082 860160
1783656071322 54.89272087812424 862208
1783656071971 58.38500014692545 864256
1783656072701 58.68779869005084 866304
1783656073366 58.965800542384386 868352
1783656074102 58.660902915522456 870400
1783656074765 58.71960107423365 872448
1783656075521 71.46044321730733 874496
1783656076198 57.784111481159925 876544
1783656076915 57.774563340470195 878592
1783656077744 57.38425326347351 880640
1783656078534 57.961168460547924 882688
1783656079261 56.97435467503965 884736
1783656080139 58.06468228250742 886784
1783656080945 57.960928006097674 888832
1783656081772 69.63006522506475 890880
1783656082597 57.35358353704214 892928
1783656083402 57.81207103282213 894976
1783656084236 56.90367624349892 897024
1783656085032 56.66246423870325 899072
1783656085803 58.08265780471265 901120
1783656086540 57.908520424738526 903168
1783656087182 70.92061262577772 905216
1783656087968 66.30422349274158 907264
1783656088784 56.75780093297362 909312
1783656089627 56.95290399342775 911360
1783656090574 56.29306795075536 913408
1783656091435 57.17036610469222 915456
1783656092259 57.471273666247725 917504
1783656093069 57.37830934114754 919552
1783656093875 57.98400843888521 921600
1783656094692 57.30833537876606 923648
1783656095536 57.78566216304898 925696
1783656096437 82.49022438377142 927744
1783656097174 56.98172656074166 929792
1783656097842 56.48563138395548 931840
1783656098664 55.86866342276335 933888
1783656099503 67.7640838548541 935936
1783656100288 56.72696441784501 937984
1783656101150 57.34861337020993 940032
1783656101908 65.57389546185732 942080
1783656102568 58.58588433638215 944128
1783656103373 71.11827179044485 946176
1783656104194 57.844195153564215 948224
1783656104995 53.87124392576516 950272
1783656105774 57.22186955809593 952320
1783656106610 56.47052997723222 954368
1783656107403 59.16025844961405 956416
1783656108208 59.15617164596915 958464
1783656108956 60.49650326371193 960512
1783656109691 71.37525949627161 962560
1783656110555 57.3061536885798 964608
1783656111374 56.7594695314765 966656
1783656112259 58.199870869517326 968704
1783656113060 56.024900363758206 970752
1783656113855 58.24793487414718 972800
1783656114636 66.4293232448399 974848
1783656115394 58.69006381556392 976896
1783656116195 57.85474334470928 978944
1783656117063 59.540133994072676 980992
1783656117932 59.904281524941325 983040
1783656118712 59.50696675479412 985088
1783656119477 58.3640963435173 987136
1783656120292 58.30107024125755 989184
1783656121094 69.95942044258118 991232
1783656121981 58.206970889121294 993280
1783656122802 58.15554331615567 995328
1783656123598 58.468491930514574 997376
1783656124323 71.60439925640821 999424
