1783628498656 -166.79105189999999 2048
1783628504527 -156.53308895 4096
1783628509398 -190.89773965 6144
1783628515989 -208.60608145 8192
1783628523335 -177.10271255 10240
1783628530779 -178.22485799999998 12288
1783628538266 -146.45579560000002 14336
1783628545586 -148.75549049999998 16384
1783628552929 -186.73618560000003 18432
1783628560418 -151.52469455 20480
1783628567758 -163.3008611 22528
1783628575071 -138.444985 24576
1783628582318 -133.99908805 26624
1783628589685 -178.70734800000002 28672
1783628597001 -143.83648125000002 30720
1783628604197 -133.68884015 32768
1783628609013 -155.11139644999997 34816
1783628615747 -138.83709525 36864
1783628623047 -137.37728124999998 38912
1783628630495 -120.06724985000001 40960
1783628637575 -100.64550345 43008
1783628645004 -74.78292435 45056
1783628652312 -92.8462292 47104
1783628659716 -68.9585647 49152
1783628660954 -56.237535550000004 51200
1783628662028 -73.26255509999999 53248
1783628663160 -74.32005280000001 55296
1783628664111 -54.74537264999999 57344
1783628665071 -77.37096165 59392
1783628666277 -68.83151775 61440
1783628667434 -60.73616654999999 63488
1783628668633 -46.09996780000001 65536
1783628669707 -49.069156250000006 67584
1783628670881 -47.812170949999995 69632
1783628672015 -63.03395815000001 71680
1783628673105 -47.47668985 73728
1783628674202 -46.97274224999999 75776
1783628675307 -21.217854449999997 77824
1783628676402 -34.98637 79872
1783628677518 -7.126907899999997 81920
1783628678669 -10.20938825 83968
1783628679731 -0.31415170000000137 86016
1783628680892 10.674282799999997 88064
1783628681935 4.78852215 90112
1783628683095 13.189900649999998 92160
1783628684155 -3.4100407000000006 94208
1783628685240 -9.286116000000002 96256
1783628686391 -10.525373650000002 98304
1783628687530 0.37839094999999967 100352
1783628688673 -6.1354745500000005 102400
1783628689868 -82.836107 104448
1783628691007 -106.30180409999998 106496
1783628691993 -130.2455128 108544
1783628692988 -135.16690035000002 110592
1783628694002 -138.55620100000002 112640
1783628695109 -156.51918154999998 114688
1783628696168 -161.06416835 116736
1783628697276 -97.93520114999998 118784
1783628698443 -89.64052924999999 120832
1783628699542 -76.05900725 122880
1783628700738 -63.21795300000001 124928
1783628701750 -67.94821509999998 126976
1783628702754 -54.949514350000015 129024
1783628703827 -54.12680714999999 131072
1783628704912 -51.69040055000001 133120
1783628706049 -52.19037625 135168
1783628707237 -54.6508492 137216
1783628708389 -61.49291810000001 139264
1783628709342 -66.34917270000001 141312
1783628710468 -75.44579475 143360
1783628711388 -66.91402885 145408
1783628712497 -72.83759649999999 147456
1783628713659 -72.76029679999999 149504
1783628714691 -72.0535743 151552
1783628715712 -72.23567175000001 153600
1783628716786 -63.73678850000001 155648
1783628717973 -58.381329900000004 157696
1783628719103 -57.64214944999999 159744
1783628720121 -56.912102700000005 161792
1783628721159 -55.9193968 163840
1783628722072 -52.87850729999999 165888
1783628723027 -42.37990789999999 167936
1783628724165 -42.63285895 169984
1783628725270 -32.973251299999994 172032
1783628726288 -14.858537649999993 174080
1783628727394 -9.1311553 176128
1783628728424 -5.521841799999999 178176
1783628729500 4.895466900000002 180224
1783628730567 10.4905414 182272
1783628731700 17.080458 184320
1783628732652 18.683822299999996 186368
1783628733775 22.193085949999997 188416
1783628734850 35.764540100000005 190464
1783628735957 44.10318805 192512
1783628737102 16.840758900000008 194560
1783628738218 27.750680400000004 196608
1783628739375 24.44210415 198656
1783628740497 18.08101535 200704
1783628741628 6.781040849999997 202752
1783628742745 2.852937949999999 204800
1783628743788 -6.092980000000002 206848
1783628744943 -5.021956799999996 208896
1783628746057 -18.980829149999998 210944
1783628747188 2.084292750000001 212992
1783628748244 -9.8762309 215040
1783628749217 -7.983419250000002 217088
1783628750307 3.5028553999999987 219136
1783628751219 12.80675325 221184
1783628752291 14.4276981 223232
1783628753346 13.322728649999998 225280
1783628754541 12.705878250000001 227328
1783628755584 18.362249800000004 229376
1783628756628 15.103863200000001 231424
1783628757728 22.761853450000004 233472
1783628758860 28.619700100000006 235520
1783628759958 24.952549050000002 237568
1783628760961 30.259236549999997 239616
1783628762055 24.759904549999995 241664
1783628763049 15.643128399999998 243712
1783628764115 13.81336395 245760
1783628765124 30.100565000000007 247808
1783628766256 33.33291 249856
1783628767438 35.394487549999994 251904
1783628768664 39.337179449999994 253952
1783628769722 37.02752209999999 256000
1783628770816 31.55608919999999 258048
1783628771865 32.439244 260096
1783628772840 53.01423525 262144
1783628773877 55.589805 264192
1783628774883 46.65999295 266240
1783628776001 38.902772950000006 268288
1783628777059 39.2528815 270336
1783628778089 45.33894085000001 272384
1783628779190 34.15404040000001 274432
1783628780330 34.551514399999995 276480
1783628781420 14.108129349999995 278528
1783628782559 21.3218853 280576
1783628783627 36.69200135 282624
1783628784716 41.280643749999996 284672
1783628785743 42.328699 286720
1783628786840 48.01321125 288768
1783628787985 62.02138679999998 290816
1783628789111 71.27406284999999 292864
1783628790030 67.59259370000001 294912
1783628791134 59.368427499999996 296960
1783628792101 26.117077549999998 299008
1783628793182 8.74921125 301056
1783628794110 -3.362987799999999 303104
1783628795272 -18.42385895 305152
1783628796369 -50.7295345 307200
1783628797499 -46.56130319999998 309248
1783628798524 -47.87563185 311296
1783628799640 -46.30274535000001 313344
1783628800655 -19.626921250000002 315392
1783628801686 -19.6899369 317440
1783628802642 8.525760849999994 319488
1783628803758 12.671008849999996 321536
1783628804699 29.088426499999997 323584
1783628805660 30.406719849999995 325632
1783628806756 34.47505604999999 327680
1783628807819 39.790304400000004 329728
1783628808857 33.3452372 331776
1783628809883 37.6501592 333824
1783628810923 19.554064150000006 335872
1783628811897 31.167398099999996 337920
1783628812928 17.8351946 339968
1783628813919 27.067089199999998 342016
1783628815012 39.277376 344064
1783628816169 38.94045375 346112
1783628817238 42.75613990000001 348160
1783628818251 45.68937625000001 350208
1783628819385 42.9493159 352256
1783628820390 48.453860800000015 354304
1783628821462 57.5798363 356352
1783628822460 50.38065730000001 358400
1783628823513 24.236891399999998 360448
1783628824496 38.06119085 362496
1783628825570 26.99180535 364544
1783628826647 14.04485545 366592
1783628827651 4.841474399999998 368640
1783628828697 -16.281091600000003 370688
1783628829752 -11.752554900000002 372736
1783628830824 6.891374199999997 374784
1783628831848 -9.74781695 376832
1783628832941 -16.01157525 378880
1783628834051 -2.5383060500000014 380928
1783628835190 2.1957541999999988 382976
1783628836264 12.533191400000005 385024
1783628837323 -14.91281755 387072
1783628838325 -5.082965800000002 389120
1783628839279 -12.41227545 391168
1783628840338 4.17528625 393216
1783628841468 -24.06730125 395264
1783628842505 4.631210999999999 397312
1783628843546 -11.087469599999995 399360
1783628844656 -0.915808299999999 401408
1783628845608 -7.731146949999996 403456
1783628846648 -11.669594750000002 405504
1783628847584 15.137708650000002 407552
1783628848677 6.039533500000003 409600
1783628849641 11.20295625 411648
1783628850744 17.95777135 413696
1783628851927 -0.21375684999999578 415744
1783628853033 -30.3248338 417792
1783628854075 -31.664297299999998 419840
1783628855037 -24.091359649999998 421888
1783628856147 -13.62398315 423936
1783628857236 -21.847154699999997 425984
1783628858275 -19.7233921 428032
1783628859381 5.179322799999997 430080
1783628860481 5.410427900000002 432128
1783628861625 23.482840799999998 434176
1783628862760 25.408774600000005 436224
1783628863847 3.0024045000000017 438272
1783628864948 23.716476250000007 440320
1783628865974 -1.2106930499999975 442368
1783628866920 -12.955176699999999 444416
1783628867921 -27.376092300000003 446464
1783628868938 -15.647936600000003 448512
1783628869978 -1.7062922 450560
1783628871093 -11.995942900000006 452608
1783628872110 16.178873099999997 454656
1783628873238 41.1403703 456704
1783628874322 54.2022919 458752
1783628875350 33.03122315 460800
1783628876292 13.781235300000002 462848
1783628877368 -13.487246600000002 464896
1783628878488 0.5712034499999967 466944
1783628879496 0.6768768499999964 468992
1783628880508 5.354682249999998 471040
1783628881600 5.890965099999995 473088
1783628882633 27.316950600000002 475136
1783628883736 36.75052999999999 477184
1783628884826 32.020196199999994 479232
1783628885861 38.8762384 481280
1783628886822 18.363198249999993 483328
1783628887846 14.171024699999998 485376
1783628888953 23.89493375 487424
1783628890025 42.189125849999996 489472
1783628891094 28.121135899999995 491520
1783628892166 13.078262050000001 493568
1783628893288 22.16091725 495616
1783628894327 17.56251005 497664
1783628895456 33.00673325 499712
1783628896511 41.8688135 501760
